 x up dp u1 d1 u2 d2
   0.0000000000000000        0.0000000000000000        0.0000000000000000        0.0000000000000000        0.0000000000000000        0.0000000000000000        0.0000000000000000     
   4.0000001899898052E-003   86.598000305917481        65.505314250335886        62.535532839745080        47.165423572119437        53.488086512747813        40.039356867591238     
   8.0000003799796104E-003   44.354584307156927        28.776026911237189        33.555259782565606        21.684794331336331        29.255072986860107        18.708606538987596     
   1.2000000104308128E-002   30.779222524746217        17.848210645102395        24.230643323702779        13.996134138971900        21.437759233175463        12.232027644445514     
   1.6000000759959221E-002   23.990173675061108        12.700912259847941        19.548890964424366        10.310449790545299        17.502744143311826        9.1064336760311733     
   2.0000001415610313E-002   19.865947877984411        9.7229142676373357        16.686099800371238        8.1361886593385293        15.089786948184376        7.2502961907296992     
   2.4000000208616257E-002   17.070466935753458        7.7850395892924489        14.728020582769856        6.6920943105484696        13.431903204357193        6.0082450892775423     
   2.8000000864267349E-002   15.037622710166987        6.4243735904782877        13.287307159547725        5.6564784720077368        12.206451310095837        5.1109679721561427     
   3.2000001519918442E-002   13.484364778150260        5.4162560784097931        12.171371479666051        4.8729665256493018        11.250318687480531        4.4268419014753366     
   3.6000002175569534E-002   12.255769091313045        4.6404311710566999        11.274328815487296        4.2571472214321053        10.475711392121633        3.8852650353718166     
   4.0000002831220627E-002   11.257778206945579        4.0268446932234712        10.530921811924497        3.7594136035336541        9.8307271996966907        3.4451870496910835     
   4.4000003486871719E-002   10.428251528485514        3.5286405065801012        9.8978269312738387        3.3461348487313871        9.2779235954126076        3.0777920601150077     
   4.8000000417232513E-002   9.7279492323925645        3.1183718634948119        9.3485999798050869        2.9983109407626700        8.7938520432037404        2.7669002283031370     
   5.2000001072883606E-002   9.1276331760497396        2.7743863516590137        8.8637774735880637        2.7004600047031970        8.3622090456740317        2.4992361261109854     
   5.6000001728534698E-002   8.6063721362719203        2.4826559517363944        8.4294966216211176        2.4428951373384291        7.9718690299035799        2.2665257107562646     
   6.0000002384185791E-002   8.1501337286396343        2.2332658432816563        8.0364600067237681        2.2190406291061509        7.6154572615686735        2.0632234147764885     
   6.4000003039836884E-002   7.7460463219611562        2.0172276018893340        7.6771676662758619        2.0216657203512010        7.2868064334962792        1.8831075795102490     
   6.8000003695487976E-002   7.3855208519407540        1.8291601994517366        7.3469616563679416        1.8468516953589140        6.9822250856845605        1.7228920428308401     
   7.2000004351139069E-002   7.0621949934010866        1.6646113255241659        7.0404437206512060        1.6914061304301791        6.6966685629159128        1.5798890252256976     
   7.6000005006790161E-002   6.7697198812032733        1.5193376538996235        6.7555675160043620        1.5519698411118090        6.4292361243051639        1.4511541809822814     
   8.0000005662441254E-002   6.5035076095007343        1.3903431291652628        6.4916078868883815        1.4262384199081188        6.1801902160060669        1.3346796585263803     
   8.4000006318092346E-002   6.2602048779229387        1.2756859158293308        6.2472714792440103        1.3128580566259365        5.9487815633899510        1.2293223300967557     
   8.8000006973743439E-002   6.0370263679933638        1.1732592995305016        6.0227734079154578        1.2096210525485247        5.7355397202591405        1.1329829786411594     
   9.2000007629394531E-002   5.8308256974425055        1.0812534789846016        5.8142218771384089        1.1158555070850746        5.5371116117218921        1.0452952976109058     
   9.6000000834465027E-002   5.6396046885864966       0.99820536428984652        5.6198043642115483        1.0305501941798294        5.3519892105042626       0.96541384344111558     
  0.10000000149011612        5.4616607867766209       0.92320481343872818        5.4380947091422414       0.95306173143597350        5.1789585475862161       0.89279193546842617     
  0.10400000214576721        5.2956696443580062       0.85539836647604928        5.2678889975612551       0.88277628611709702        5.0173235241372565       0.82692415383586249     
  0.10800000280141830        5.1403260295078184       0.79380436847255464        5.1080067084986602       0.81880376628391338        4.8659796758109897       0.76699137146392804     
  0.11200000345706940        4.9939481319836911       0.73765070696009238        4.9569812411177034       0.76034418879157872        4.7229977926163969       0.71220661970403021     
  0.11600000411272049        4.8558578733601845       0.68622239822684261        4.8142225791761044       0.70671467769020657        4.5877450619570261       0.66193431653727852     
  0.12000000476837158        4.7253337189731486       0.63914580532900744        4.6790856174279725       0.65756849601008405        4.4595487337439454       0.61585269356903405     
  0.12400000542402267        4.6016056097238573       0.59612709026948263        4.5509053752318049       0.61264952643343396        4.3376137829765735       0.57372393147851508     
  0.12800000607967377        4.4841866733066906       0.55676350726348212        4.4292904418776882       0.57158472701264396        4.2213708888049526       0.53520031299856508     
  0.13199999928474426        4.3725244029369588       0.52056173545240769        4.3135521329136131       0.53380388546404367        4.1105515157629853       0.49975060735399818     
  0.13600000739097595        4.2660436168253018       0.48710547038377494        4.2031130659047733       0.49887893874495104        4.0046498483184667       0.46697545111936417     
  0.14000000059604645        4.1637700753762950       0.45616344246218382        4.0970122555300463       0.46657204027355126        3.9027837382824755       0.43665314309705794     
  0.14400000870227814        4.0658980805493332       0.42762621133977508        3.9954398775793174       0.43676993112116275        3.8051630708470618       0.40867823022811162     
  0.14800000190734863        3.9718658183514775       0.40118387081711654        3.8978800760268566       0.40915334533110037        3.7113257117853009       0.38275219386223874     
  0.15200001001358032        3.8814240327212586       0.37666999099473197        3.8041549594302966       0.38355013983276426        3.6211272505996810       0.35871383727275269     
  0.15600000321865082        3.7942889135360724       0.35392391490536523        3.7138252316216760       0.35979457719407060        3.5341572295803005       0.33640920973111649     
  0.16000001132488251        3.7102335387088319       0.33278612481398090        3.6266446266186327       0.33772171706324555        3.4501948062465164       0.31568412792769152     
  0.16400000452995300        3.6290299825298340       0.31312676517776444        3.5423704759930006       0.31719691743792072        3.3690199802922853       0.29641263069301632     
  0.16800001263618469        3.5504404962809120       0.29481773684383150        3.4607533555097403       0.29808741540128980        3.2904046302854035       0.27847046752746529     
  0.17200000584125519        3.4743263704349991       0.27774747604261968        3.3816433590781423       0.28027737931434776        3.2142137286958246       0.26174916470770493     
  0.17600001394748688        3.4005224503323923       0.26182146188361677        3.3047613058431291       0.26366805469443727        3.1402341353595240       0.24615476581054208     
  0.18000000715255737        3.3288610683029192       0.24694630276577983        3.2298923126480319       0.24816220693089053        3.0682847349179991       0.23159577522987468     
  0.18400001525878906        3.2592379964721472       0.23303931562563135        3.1571259069878939       0.23367430310655360        2.9983673015267334       0.21799462428634331     
  0.18800000846385956        3.1915240170988746       0.22002941386436639        3.0863514811111701       0.22013007732443329        2.9303699043387237       0.20528177651435342     
  0.19200000166893005        3.1255733619651549       0.20784457888972638        3.0174396992706836       0.20745447116508620        2.8641638645233214       0.19338689950384344     
  0.19600000977516174        3.0613277574101865       0.19642254357774105        2.9503437784976554       0.19558240298599414        2.7996997338316456       0.18224892427712355     
  0.20000000298023224        2.9986911759988506       0.18571171556436089        2.8849788626935937       0.18445963480207103        2.7368924699999053       0.17181686175801619     
  0.20400001108646393        2.9375424932951915       0.17565826146877381        2.8212341399912217       0.17402983722240864        2.6756331439291765       0.16203776420549248     
  0.20800000429153442        2.8778557523547534       0.16621193284595262        2.7591813143992452       0.16423858981127804        2.6159309790259346       0.15286313812073876     
  0.21200001239776611        2.8195418950621938       0.15733476637387836        2.6986933730370946       0.15504678612984762        2.5576894403508392       0.14425454172946395     
  0.21600000560283661        2.7625242202057305       0.14898694289046452        2.6396244292913140       0.14641403219643132        2.5008126667672927       0.13617176144391893     
  0.22000001370906830        2.7067523519536585       0.14112845006980049        2.5819174033998440       0.13829854487252149        2.4452506145286188       0.12857528426322176     
  0.22400000691413879        2.6521855058298680       0.13372737332765477        2.5255252247376743       0.13066666261400270        2.3909620815038211       0.12143323717008114     
  0.22800001502037048        2.5987709767048361       0.12675569078012405        2.4703901210473633       0.12348863732039733        2.3378951637293790       0.11471745612586515     
  0.23200000822544098        2.5464299513634825       0.12018354085303147        2.4164301413316749       0.11673304634189673        2.2859747094923515       0.10839829021511016     
  0.23600001633167267        2.4951591417095886       0.11398164239810224        2.3636355351105713       0.11036917442031101        2.2351935772022506       0.10244680551432576     
  0.24000000953674316        2.4449093252686587       0.10812851951859531        2.3119536812435597       0.10437405519079886        2.1855035386249142        9.6841312472250821E-002
  0.24400001764297485        2.3956456059545266       0.10260347049240819        2.2612796574259404        9.8725805160545466E-002   2.1368733637142876        9.1560789198325901E-002
  0.24800001084804535        2.3473025022606611        9.7384196941960210E-002   2.2116115271370140        9.3400634106644273E-002   2.0892366087109893        8.6583262171107123E-002
  0.25200000405311584        2.2998856466603965        9.2449055309148681E-002   2.1629633045637187        8.8375737523931047E-002   2.0425935869136538        8.1887384461995380E-002
  0.25600001215934753        2.2533601932228691        8.7782371496829520E-002   2.1153013295763823        8.3634214117082301E-002   1.9969091261421890        7.7457249529628056E-002
  0.26000002026557922        2.2076983529971121        8.3369497029932751E-002   2.0685984104937534        7.9160244308581748E-002   1.9521545444582393        7.3277972464145011E-002
  0.26399999856948853        2.1628527802501654        7.9194046666564502E-002   2.0228088405437421        7.4936460486918891E-002   1.9082840670112085        6.9333255013605016E-002
  0.26800000667572021        2.1188177651998457        7.5239544096589811E-002   1.9779256405329015        7.0945535854291739E-002   1.8652888097552385        6.5606857641406946E-002
  0.27200001478195190        2.0755833898162628        7.1493443688263381E-002   1.9339377628191623        6.7174000659735486E-002   1.8231562614821542        6.2086127385993305E-002
  0.27600002288818359        2.0331186095491609        6.7945383914637503E-002   1.8908143051770447        6.3610535933690385E-002   1.7818553879091681        5.8760412813268381E-002
  0.28000000119209290        1.9913979732121312        6.4583884802754746E-002   1.8485282308785767        6.0242618721840759E-002   1.7413489939460745        5.5617583349016800E-002
  0.28400000929832458        1.9503897632659930        6.1396604644567768E-002   1.8070447179283060        5.7056704941166429E-002   1.7015778558367378        5.2644079139811173E-002
  0.28800001740455627        1.9101059495715469        5.8372496747161738E-002   1.7663775845495080        5.4042097088284502E-002   1.6625942593676903        4.9831410278504240E-002
  0.29200002551078796        1.8705249588521593        5.5503459518759658E-002   1.7265045763005755        5.1189993094447432E-002   1.6243782226640173        4.7171350307929245E-002
  0.29600000381469727        1.8316264110183975        5.2782188375979540E-002   1.6874044782077440        4.8492386578906130E-002   1.5869105976608668        4.4656397665396613E-002
  0.30000001192092896        1.7933852672764357        5.0199848775551614E-002   1.6490516804162916        4.5939917879725164E-002   1.5501679937847743        4.2277799405228814E-002
  0.30400002002716064        1.7557850011208926        4.7747436910874477E-002   1.6114284492953133        4.3523160962838259E-002   1.5141343451551268        4.0026742841222672E-002
  0.30800002813339233        1.7188333765348203        4.5417298134230698E-002   1.5745392388648360        4.1234007100198776E-002   1.4788143085120558        3.7895629409845900E-002
  0.31200000643730164        1.6825165866241696        4.3203676856730461E-002   1.5383686167827872        3.9066147937785019E-002   1.4441936960771438        3.5878516952293223E-002
  0.31600001454353333        1.6468148477526356        4.1101424938723929E-002   1.5028955383406548        3.7013873271211882E-002   1.4102529415206571        3.3970012810263218E-002
  0.32000002264976501        1.6117107452632840        3.9104231593351017E-002   1.4681012581081780        3.5070477253144952E-002   1.3769746046369400        3.2163813482644688E-002
  0.32400000095367432        1.5771925740703057        3.7205468082103316E-002   1.4339840977227647        3.3228833073394061E-002   1.3443574281227635        3.0453690859506374E-002
  0.32800000905990601        1.5432625811992793        3.5399299136220377E-002   1.4005378619564779        3.1482903683210758E-002   1.3123954592997398        2.8833732590732394E-002
  0.33200001716613770        1.5099139629518084        3.3681383966469178E-002   1.3677443564869129        2.9828098028662809E-002   1.2810713677232843        2.7299247821527151E-002
  0.33600002527236938        1.4771330509271945        3.2047954762822399E-002   1.3355873864282126        2.8260229850000422E-002   1.2503697999191878        2.5846248099108071E-002
  0.34000000357627869        1.4449007025314196        3.0495086115084561E-002   1.3040459471118890        2.6775012225931902E-002   1.2202708708946044        2.4470663438447147E-002
  0.34400001168251038        1.4132081979951450        2.9017747727294697E-002   1.2731085778219342        2.5367229673025300E-002   1.1907636118763667        2.3167585904294560E-002
  0.34800001978874207        1.3820501627048118        2.7611303944245998E-002   1.2427669769973422        2.4032075132741304E-002   1.1618399799485091        2.1932493336675300E-002
  0.35200002789497375        1.3514250223644955        2.6272205841667371E-002   1.2130162831275102        2.2765741583772307E-002   1.1334950851733450        2.0761786903451554E-002
  0.35600000619888306        1.3213303202401516        2.4997469310741080E-002   1.1838509006075537        2.1564953065433327E-002   1.1057233041506889        1.9652360774170940E-002
  0.36000001430511475        1.2917490435579553        2.3784638677080739E-002   1.1552521814773338        2.0426921158493257E-002   1.0785067654388005        1.8601560371110576E-002
  0.36400002241134644        1.2626669168474902        2.2630664997889929E-002   1.1272041422529693        1.9348379204542514E-002   1.0518301011887230        1.7606302750804204E-002
  0.36800003051757812        1.2340834291341722        2.1531911154060616E-002   1.0997020912084352        1.8325577594094779E-002   1.0256888236618553        1.6663065599297828E-002
  0.37200000882148743        1.2059921775010285        2.0485141417200564E-002   1.0727208567404380        1.7354901852281054E-002   1.0000640317580263        1.5768352824369940E-002
  0.37600001692771912        1.1783880833102380        1.9487871170794615E-002   1.0462721191921633        1.6434026578266876E-002  0.97496014813041865        1.4920100451714888E-002
  0.38000002503395081        1.1512714370542920        1.8537905295729892E-002   1.0203537866831258        1.5560572344123426E-002  0.95037447995701563        1.4116064132141363E-002
  0.38400000333786011        1.1246298923921381        1.7633513448966586E-002  0.99495247403806120        1.4732574982380941E-002  0.92629381047871906        1.3354380419620438E-002
  0.38800001144409180        1.0984450178666101        1.6772764008084570E-002  0.97004942748266620        1.3947921297283753E-002  0.90269994347956162        1.2633054260451327E-002
  0.39200001955032349        1.0727197581517733        1.5952931866320855E-002  0.94564490735166284        1.3203866654020424E-002  0.87959243634142914        1.1949523804364044E-002
  0.39600002765655518        1.0474511572310856        1.5171534223027619E-002  0.92173390461396154        1.2497903552105545E-002  0.85696593832577694        1.1301447711693042E-002
  0.40000000596046448        1.0226270376749742        1.4426750980323606E-002  0.89830326488872236        1.1828103296605668E-002  0.83480752491316101        1.0687013234792904E-002
  0.40400001406669617       0.99824910663656996        1.3716968209025189E-002  0.87535202440353177        1.1192729088609746E-002  0.81311561093871954        1.0104584810002416E-002
  0.40800002217292786       0.97431792794363148        1.3040709219363256E-002  0.85287821220646121        1.0590178958414426E-002  0.79188768515972086        9.5526524145108857E-003
  0.41200003027915955       0.95080941672964903        1.2397046795932268E-002  0.83085822095694517        1.0019315197484228E-002  0.77110113840333672        9.0301277083380000E-003
  0.41600000858306885       0.92772060253605471        1.1784222179643278E-002  0.80928707709321057        9.4783434665224198E-003  0.75075071620408840        8.5353334868622944E-003
  0.42000001668930054       0.90505660390315557        1.1200280297984829E-002  0.78816802823376320        8.9652792908116695E-003  0.73083851472613437        8.0664130009059348E-003
  0.42400002479553223       0.88280985227009656        1.0643594012813045E-002  0.76749151862921516        8.4785186517675973E-003  0.71135517682206539        7.6218760037332217E-003
  0.42800003290176392       0.86096768023518555        1.0113005738439606E-002  0.74724329989681670        8.0168625120496991E-003  0.69228706113855187        7.2006018259373993E-003
  0.43200001120567322       0.83953379896756175        9.6073531640582174E-003  0.72742417849201113        7.5790866325646704E-003  0.67363431563487941        6.8014415213209257E-003
  0.43600001931190491       0.81850894842537392        9.1255603201068885E-003  0.70803233714792313        7.1640505456251041E-003  0.65539464975900330        6.4233239285811337E-003
  0.44000002741813660       0.79786911823703333        8.6671204666696599E-003  0.68904454565425965        6.7710749836094380E-003  0.63754595093729960        6.0655936711645096E-003
  0.44400003552436829       0.77761141213407392        8.2307923729116415E-003  0.67045599417237500        6.3989167954028236E-003  0.62008320204765999        5.7270921335164093E-003
  0.44800001382827759       0.75774242344307219        7.8151340138416098E-003  0.65227010565198029        6.0461966277130215E-003  0.60300901569572896        5.4065421684546663E-003
  0.45200002193450928       0.73825963224320346        7.4188921844999100E-003  0.63448240520481691        5.7117017602525662E-003  0.58631869000807535        5.1028190170884146E-003
  0.45600003004074097       0.71914341496675693        7.0413194147786184E-003  0.61707373096988749        5.3946265174285753E-003  0.56999395540348963        4.8151644594978411E-003
  0.46000000834465027       0.70039628507529728        6.6815887243356206E-003  0.60004403807313866        5.0941161625436904E-003  0.55403423254055906        4.5427785126633553E-003
  0.46400001645088196       0.68202137450728750        6.3388872188262276E-003  0.58339379380984557        4.8093389056237624E-003  0.53843941162551945        4.2848837392310390E-003
  0.46800002455711365       0.66400920778658834        6.0127085934207052E-003  0.56711267171602442        4.5397074913819330E-003  0.52319942157836463        4.0409225639369039E-003
  0.47200003266334534       0.64633955513674013        5.7026405566117664E-003  0.55118063403080209        4.2846872145068087E-003  0.50829477840170167        3.8103777418386337E-003
  0.47600001096725464       0.62901908342540624        5.4076143609894265E-003  0.53560069570522062        4.0432598644079363E-003  0.49372725072817403        3.5923038070725536E-003
  0.48000001907348633       0.61205387523512911        5.1266003003898131E-003  0.52037742533512421        3.8145426339703139E-003  0.47950169151865146        3.3859053633908112E-003
  0.48400002717971802       0.59543391281762792        4.8588640449738129E-003  0.50550030504581678        3.5978247832179904E-003  0.46560794703745423        3.1905234327100438E-003
  0.48800003528594971       0.57914278259566432        4.6039655744341572E-003  0.49095341421000566        3.3926231441739102E-003  0.45203089200330060        3.0057024330133390E-003
  0.49200001358985901       0.56318397004659615        4.3613022832264614E-003  0.47673781640664764        3.1983425912277784E-003  0.43877106398899529        2.8308889427059863E-003
  0.49600002169609070       0.54756002850970653        4.1302947535152654E-003  0.46285376819218133        3.0144139086827541E-003  0.42582825048301498        2.6655540034640347E-003
  0.50000000000000000       0.53226220401761215        3.9106426673630136E-003  0.44929196384278175        2.8404797554637414E-003  0.41319343928997704        2.5093573752822617E-003
  0.50400000810623169       0.51727075154637281        3.7021619535396104E-003  0.43603384827680236        2.6762713695793025E-003  0.40084911762595171        2.3620377747828958E-003
  0.50800001621246338       0.50259155177639248        3.5040391008909146E-003  0.42308266291596242        2.5210719447775250E-003  0.38879785460674277        2.2229397856007209E-003
  0.51200002431869507       0.48823038321259138        3.3154875675844488E-003  0.41044155010139749        2.3741962086753932E-003  0.37704212245509966        2.0914379353205097E-003
  0.51600003242492676       0.47418467538079884        3.1358612091045772E-003  0.39810661568399586        2.2350705733553944E-003  0.36557792331021138        1.9670070899765182E-003
  0.52000004053115845       0.46043205424884270        2.9649396172599187E-003  0.38605732429153145        2.1034326380470238E-003  0.35438597452521708        1.8493973127275049E-003
  0.52400004863739014       0.44697326102658763        2.8023988600618006E-003  0.37429264938416479        1.9789510804434024E-003  0.34346493140435769        1.7382988966111253E-003
  0.52799999713897705       0.43381093354621003        2.6479107650436342E-003  0.36281312009617567        1.8612912656551558E-003  0.33281494855344435        1.6334005393680239E-003
  0.53200000524520874       0.42094616818363007        2.5012009693825858E-003  0.35161781207572840        1.7501470220867804E-003  0.32243501413106962        1.5344175039155264E-003
  0.53600001335144043       0.40836674391145572        2.3629201931077213E-003  0.34069509024757527        1.6459108045066061E-003  0.31231369676809095        1.4416750642960610E-003
  0.54000002145767212       0.39606235103767723        2.2322120656944459E-003  0.33003489926267926        1.5478953169967826E-003  0.30244140595999480        1.3545544451047879E-003
  0.54400002956390381       0.38402757140708332        2.1076094811972017E-003  0.31963141527479222        1.4550047836187211E-003  0.29281246354911178        1.2720822528630457E-003
  0.54800003767013550       0.37225709121104744        1.9877429986001629E-003  0.30947894094885470        1.3662296631691019E-003  0.28342131671926951        1.1933639535361034E-003
  0.55200004577636719       0.36076013333097939        1.8737839832882490E-003  0.29958353596570003        1.2823118533904004E-003  0.27427311500170409        1.1190355908663086E-003
  0.55600005388259888       0.34953858246555164        1.7670096075911650E-003  0.28994512847241694        1.2040519438699659E-003  0.26536738817178962        1.0497819392918572E-003
  0.56000000238418579       0.33857311536124440        1.6655152075801165E-003  0.28054655408685109        1.1300840644364873E-003  0.25668812511486544        9.8439950231777110E-004
  0.56400001049041748       0.32786481830327069        1.5691648520996446E-003  0.27138737745778968        1.0602571449734664E-003  0.24823458771837534        9.2274558571446813E-004
  0.56800001859664917       0.31740871183083447        1.4777602573755038E-003  0.26246218702561791        9.9438112061533209E-004  0.24000149750901978        8.6464417571823014E-004
  0.57200002670288086       0.30720073131123354        1.3911614576225849E-003  0.25376635509231543        9.3230812873296490E-004  0.23198430055747157        8.0995652885046323E-004
  0.57600003480911255       0.29723862474680712        1.3091015841897983E-003  0.24529680945187210        8.7380849631298486E-004  0.22417987866480074        7.5847346569530487E-004
  0.58000004291534424       0.28751691754070441        1.2313652088138513E-003  0.23704784341505522        8.1869061971600481E-004  0.21658271298766169        7.1001957123377122E-004
  0.58400005102157593       0.27803226676296211        1.1577595441574782E-003  0.22901554636247878        7.6678119203797148E-004  0.20918893587185072        6.6443592726063070E-004
  0.58799999952316284       0.26878178729150748        1.0880848362004637E-003  0.22119606990152255        7.1790167853624028E-004  0.20199471642843644        6.2155829228867040E-004
  0.59200000762939453       0.25976015390066803        1.0221438169963383E-003  0.21358334579136257        6.7187608902236182E-004  0.19499418305770455        5.8122444059103520E-004
  0.59600001573562622       0.25096445179614185        9.5975091194516716E-004  0.20617500641097827        6.2855654154585401E-004  0.18818499792236576        5.4330358646929920E-004
  0.60000002384185791       0.24239040214403393        9.0076109379127111E-004  0.19896653008360393        5.8781276671176401E-004  0.18156277292074249        5.0767633323582401E-004
