 x kt FF(p) FF(Pb) ratio
  0.75000000000000000        9.9999997764825821E-003  0.10461394677749407        4.5531117084997429E-002  0.43522989512897992     
  0.75000000000000000        1.5959594398736954E-002  0.10322336302139191        4.4579066142066859E-002  0.43186992592779927     
  0.75000000000000000        2.1919190883636475E-002  0.10360606422524926        4.4886048686167287E-002  0.43323765864303876     
  0.75000000000000000        2.7878785505890846E-002  0.10311488517405640        4.4671283713576239E-002  0.43321857594247209     
  0.75000000000000000        3.3838383853435516E-002  0.10270011998816336        4.4468142871305023E-002  0.43299017446552324     
  0.75000000000000000        3.9797976613044739E-002  0.10306223729144007        4.4628380758748157E-002  0.43302359750397940     
  0.75000000000000000        4.5757569372653961E-002  0.10291691730582722        4.4651394855284486E-002  0.43385865049376382     
  0.75000000000000000        5.1717169582843781E-002  0.10231116620318462        4.4363499380545707E-002  0.43361346592846101     
  0.75000000000000000        5.7676762342453003E-002  0.10196772924920024        4.4217439570056735E-002  0.43364150497058895     
  0.75000000000000000        6.3636362552642822E-002  0.10173753252685509        4.4158249707285567E-002  0.43404089533653040     
  0.75000000000000000        6.9595955312252045E-002  0.10184423009530909        4.4234100186451186E-002  0.43433093995659350     
  0.75000000000000000        7.5555548071861267E-002  0.10133247091730681        4.4025845367281276E-002  0.43446927691330972     
  0.75000000000000000        8.1515140831470490E-002  0.10079238137703257        4.3801199416294893E-002  0.43456855387163035     
  0.75000000000000000        8.7474741041660309E-002  0.10028557425980152        4.3624488952734616E-002  0.43500263397525424     
  0.75000000000000000        9.3434333801269531E-002   9.9875382192938830E-002   4.3482695589088308E-002  0.43536950381915562     
  0.75000000000000000        9.9393934011459351E-002   9.9520327146571705E-002   4.3362679884682259E-002  0.43571681412198837     
  0.75000000000000000       0.10535352677106857        9.9078256821187358E-002   4.3227647406356137E-002  0.43629802131432066     
  0.75000000000000000       0.11131311953067780        9.8635285714422399E-002   4.3041436447661729E-002  0.43636956223028645     
  0.75000000000000000       0.11727271974086761        9.8026655284077419E-002   4.2795689424089921E-002  0.43657196402416959     
  0.75000000000000000       0.12323231250047684        9.7419714540210992E-002   4.2570185970882128E-002  0.43697711671399780     
  0.75000000000000000       0.12919192016124725        9.6829970305863808E-002   4.2358915846053682E-002  0.43745666462822946     
  0.75000000000000000       0.13515150547027588        9.6262825777789648E-002   4.2157000911838348E-002  0.43793645751842319     
  0.75000000000000000       0.14111110568046570        9.5687261110733446E-002   4.1961358195140033E-002  0.43852606614563383     
  0.75000000000000000       0.14707070589065552        9.4963303041829192E-002   4.1712505723906862E-002  0.43924868225711827     
  0.75000000000000000       0.15303029119968414        9.4248007512741094E-002   4.1427852992136950E-002  0.43956210943277974     
  0.75000000000000000       0.15898989140987396        9.3549947784527868E-002   4.1151341369728478E-002  0.43988631040726733     
  0.75000000000000000       0.16494949162006378        9.2949222036863677E-002   4.0929733851952969E-002  0.44034509332117089     
  0.75000000000000000       0.17090909183025360        9.2215403155770509E-002   4.0653475045058868E-002  0.44085341118540583     
  0.75000000000000000       0.17686867713928223        9.1471520814192811E-002   4.0382746106941578E-002  0.44147889690138126     
  0.75000000000000000       0.18282827734947205        9.0734489563566861E-002   4.0114375205891700E-002  0.44210724498304838     
  0.75000000000000000       0.18878787755966187        8.9962078542089818E-002   3.9846352641192073E-002  0.44292387733737709     
  0.75000000000000000       0.19474746286869049        8.9100624751935614E-002   3.9520659551529717E-002  0.44355086916123082     
  0.75000000000000000       0.20070706307888031        8.8239055376767558E-002   3.9191284739394684E-002  0.44414896070740745     
  0.75000000000000000       0.20666666328907013        8.7375305613333093E-002   3.8864067723772079E-002  0.44479464135735841     
  0.75000000000000000       0.21262624859809875        8.6523019570155166E-002   3.8538315840020425E-002  0.44541112910157432     
  0.75000000000000000       0.21858584880828857        8.5671448926770144E-002   3.8213583358778946E-002  0.44604805728735814     
  0.75000000000000000       0.22454544901847839        8.4915224649980817E-002   3.7934507314585475E-002  0.44673387453134467     
  0.75000000000000000       0.23050503432750702        8.4045202107631903E-002   3.7605584707161605E-002  0.44744475311038306     
  0.75000000000000000       0.23646463453769684        8.3171078373944302E-002   3.7277491970038178E-002  0.44820258073888830     
  0.75000000000000000       0.24242423474788666        8.2252300795708444E-002   3.6941964997338927E-002  0.44912986797891974     
  0.75000000000000000       0.24838383495807648        8.1300588045811778E-002   3.6570534811380916E-002  0.44981882284509328     
  0.75000000000000000       0.25434342026710510        8.0344465898487538E-002   3.6200035084173479E-002  0.45056040486859389     
  0.75000000000000000       0.26030299067497253        7.9387180267351629E-002   3.5830474635182519E-002  0.45133829561040573     
  0.75000000000000000       0.26626259088516235        7.8427183657429345E-002   3.5461509076056857E-002  0.45215838976129824     
  0.75000000000000000       0.27222219109535217        7.7463295880631097E-002   3.5093065557927877E-002  0.45302830403711930     
  0.75000000000000000       0.27818179130554199        7.6503429802471809E-002   3.4725252205302939E-002  0.45390451506503537     
  0.75000000000000000       0.28414139151573181        7.5539642080977271E-002   3.4357753339007618E-002  0.45483076689953950     
  0.75000000000000000       0.29010099172592163        7.4570573599161111E-002   3.3990571374133145E-002  0.45581748582011078     
  0.75000000000000000       0.29606056213378906        7.3598050541011525E-002   3.3662940725496887E-002  0.45738902699248352     
  0.75000000000000000       0.30202016234397888        7.2620432532916876E-002   3.3281042005947857E-002  0.45828757617028049     
  0.75000000000000000       0.30797976255416870        7.1638870814612093E-002   3.2893862490260703E-002  0.45916221342159097     
  0.75000000000000000       0.31393936276435852        7.0655404242181835E-002   3.2507063047015505E-002  0.46007893374429992     
  0.75000000000000000       0.31989896297454834        6.9669967997148086E-002   3.2124006648688440E-002  0.46108829345240154     
  0.75000000000000000       0.32585856318473816        6.8684237271510656E-002   3.1733721979819926E-002  0.46202335849455040     
  0.75000000000000000       0.33181816339492798        6.7696735375388770E-002   3.1342136339816515E-002  0.46297854934982563     
  0.75000000000000000       0.33777773380279541        6.6709132892489920E-002   3.0952597279292608E-002  0.46399339846279480     
  0.75000000000000000       0.34373733401298523        6.5723019770267760E-002   3.0562029838353620E-002  0.46501256249609341     
  0.75000000000000000       0.34969693422317505        6.4736950844055702E-002   3.0167563976232919E-002  0.46600223802482310     
  0.75000000000000000       0.35565653443336487        6.3753509202336398E-002   2.9777486764174906E-002  0.46707212099759426     
  0.75000000000000000       0.36161613464355469        6.2771243394676449E-002   2.9382117882313104E-002  0.46808245771988266     
  0.75000000000000000       0.36757573485374451        6.1790155131800625E-002   2.8986689058891450E-002  0.46911500702760495     
  0.75000000000000000       0.37353530526161194        6.0814816600923256E-002   2.8594184583411581E-002  0.47018450735535855     
  0.75000000000000000       0.37949490547180176        5.9842270908844974E-002   2.8201878883090493E-002  0.47127019838617323     
  0.75000000000000000       0.38545450568199158        5.8874883409545622E-002   2.7807220158993298E-002  0.47231040723360146     
  0.75000000000000000       0.39141410589218140        5.7911266163367649E-002   2.7417580141749075E-002  0.47344121374248832     
  0.75000000000000000       0.39737370610237122        5.6953724238159656E-002   2.7024342115948213E-002  0.47449648776157805     
  0.75000000000000000       0.40333330631256104        5.6000859010858717E-002   2.6632152918305039E-002  0.47556686430722417     
  0.75000000000000000       0.40929290652275085        5.5052590135437798E-002   2.6243678244341557E-002  0.47670197132919800     
  0.75000000000000000       0.41525247693061829        5.4114498778559637E-002   2.5856483523715831E-002  0.47781064423274794     
  0.75000000000000000       0.42121207714080811        5.3179479543429137E-002   2.5468272745577121E-002  0.47891165848620992     
  0.75000000000000000       0.42717167735099792        5.2255347548619983E-002   2.5085635322276645E-002  0.48005872124257137     
  0.75000000000000000       0.43313127756118774        5.1335061308276184E-002   2.4703239498778822E-002  0.48121573967607578     
  0.75000000000000000       0.43909087777137756        5.0424064080808989E-002   2.4320378307545215E-002  0.48231690068792699     
  0.75000000000000000       0.44505047798156738        4.9522098605333721E-002   2.3939655771988415E-002  0.48341359607506662     
  0.75000000000000000       0.45101004838943481        4.8627787006594564E-002   2.3561208033734050E-002  0.48452149448089921     
  0.75000000000000000       0.45696964859962463        4.7743079524452781E-002   2.3187320336209117E-002  0.48566872030810593     
  0.75000000000000000       0.46292924880981445        4.6866584246513153E-002   2.2817220471117294E-002  0.48685477804614880     
  0.75000000000000000       0.46888884902000427        4.5998086723035826E-002   2.2448329070675593E-002  0.48802745222517002     
  0.75000000000000000       0.47484844923019409        4.5142537423962611E-002   2.2079997414550797E-002  0.48911733089310722     
  0.75000000000000000       0.48080804944038391        4.4293333867943645E-002   2.1714544070046044E-002  0.49024406550172739     
  0.75000000000000000       0.48676764965057373        4.3457458759855204E-002   2.1354077936714101E-002  0.49137889204972118     
  0.75000000000000000       0.49272722005844116        4.2628362849634456E-002   2.0994634489904351E-002  0.49250388911157500     
  0.75000000000000000       0.49868682026863098        4.1809622075297551E-002   2.0641506440187127E-002  0.49370229663909787     
  0.75000000000000000       0.50464642047882080        4.1004593325518535E-002   2.0290350294090410E-002  0.49483115545162704     
  0.75000000000000000       0.51060599088668823        4.0206936511158926E-002   1.9940567550127422E-002  0.49594844274179334     
  0.75000000000000000       0.51656562089920044        3.9423212246103019E-002   1.9594217163690791E-002  0.49702233905679966     
  0.75000000000000000       0.52252519130706787        3.8647138456233646E-002   1.9253188231540600E-002  0.49817888207542388     
  0.75000000000000000       0.52848482131958008        3.7883220485123451E-002   1.8913880134541879E-002  0.49926801080624239     
  0.75000000000000000       0.53444439172744751        3.7131065501391856E-002   1.8581052213147146E-002  0.50041796437138697     
  0.75000000000000000       0.54040402173995972        3.6389258358800122E-002   1.8250762140626570E-002  0.50154256953172927     
  0.75000000000000000       0.54636359214782715        3.5659332325632724E-002   1.7922455439832560E-002  0.50260210359994595     
  0.75000000000000000       0.55232316255569458        3.4939872409444697E-002   1.7597967784264604E-002  0.50366434021400852     
  0.75000000000000000       0.55828279256820679        3.4230489384291921E-002   1.7278970555781939E-002  0.50478304186066092     
  0.75000000000000000       0.56424236297607422        3.3535357188659534E-002   1.6962212472447238E-002  0.50580085898662375     
  0.75000000000000000       0.57020199298858643        3.2848489436522348E-002   1.6651948495802076E-002  0.50693194059900148     
  0.75000000000000000       0.57616156339645386        3.2174025892340502E-002   1.6343848554865589E-002  0.50798270037932935     
  0.75000000000000000       0.58212113380432129        3.1511490951979165E-002   1.6039689962719577E-002  0.50901082361233563     
  0.75000000000000000       0.58808076381683350        3.0859481817403358E-002   1.5738799639635131E-002  0.51001503307029472     
  0.75000000000000000       0.59404033422470093        3.0219345084481788E-002   1.5443441492761405E-002  0.51104487703447643     
  0.75000000000000000       0.59999996423721313        2.9589670994761837E-002   1.5150653374550240E-002  0.51202507041164158     
