 pt up dp u1 d1 u2 d2
   0.0000000000000000        0.0000000000000000        0.0000000000000000        0.0000000000000000        0.0000000000000000        0.0000000000000000        0.0000000000000000     
   9.9999997764825821E-003   2.3037450017137004        1.3756993946081504        1.6152242941897730       0.92124784814468252        1.6152242941897730       0.92124784814468252     
   1.9999999552965164E-002   2.2992490754759580        1.3730146169965376        1.6126219260077383       0.91976357992484270        1.6126219260077383       0.91976357992484270     
   2.9999999329447746E-002   2.2921071955886267        1.3687497874125103        1.6085838182035064       0.91746043345867911        1.6085838182035064       0.91746043345867911     
   3.9999999105930328E-002   2.2818108605054439        1.3626012501698548        1.6024791944469166       0.91397864364179582        1.6024791944469166       0.91397864364179582     
   4.9999997019767761E-002   2.2687485923758359        1.3548010143170390        1.5949888105932157       0.90970648154528644        1.5949888105932157       0.90970648154528644     
   5.9999998658895493E-002   2.2528812261267919        1.3453256921235686        1.5858778271325227       0.90451000577542673        1.5858778271325227       0.90451000577542673     
   7.0000000298023224E-002   2.2342715930187715        1.3342128037693712        1.5751699824260348       0.89840275557518978        1.5751699824260348       0.89840275557518978     
   7.9999998211860657E-002   2.2129729546252377        1.3214941548207384        1.5629035061421432       0.89140653534651693        1.5629035061421432       0.89140653534651693     
   8.9999996125698090E-002   2.1890729345107225        1.3072220703764097        1.5491103735521921       0.88353958227790941        1.5491103735521921       0.88353958227790941     
   9.9999994039535522E-002   2.1626456968149919        1.2914408381340654        1.5338305020311291       0.87482466335962472        1.5338305020311291       0.87482466335962472     
  0.10999999940395355        2.1337828079089016        1.2742051376701626        1.5171024206428483       0.86528375375470001        1.5171024206428483       0.86528375375470001     
  0.11999999731779099        2.1026016150106406        1.2555850437963236        1.4989881540043490       0.85495222938284365        1.4989881540043490       0.85495222938284365     
  0.12999999523162842        2.0692037133254835        1.2356412248861246        1.4795267909862686       0.84385238469448598        1.4795267909862686       0.84385238469448598     
  0.14000000059604645        2.0336836912339398        1.2144301651327858        1.4587763370362137       0.83201730326444745        1.4587763370362137       0.83201730326444745     
  0.14999999105930328        1.9961843880375136        1.1920371621454000        1.4367906863545272       0.81947772380577799        1.4367906863545272       0.81947772380577799     
  0.15999999642372131        1.9568192266022117        1.1685299472779072        1.4136385783408474       0.80627285203388876        1.4136385783408474       0.80627285203388876     
  0.17000000178813934        1.9157235349182813        1.1439893327009765        1.3893811941717800       0.79243758280981991        1.3893811941717800       0.79243758280981991     
  0.17999999225139618        1.8730214840476034        1.1184894681380058        1.3640796448922088       0.77800677099478122        1.3640796448922088       0.77800677099478122     
  0.18999999761581421        1.8288663176264006        1.0921218642281625        1.3378005239267818       0.76301839834113894        1.3378005239267818       0.76301839834113894     
  0.19999998807907104        1.7833770185669657        1.0649575725506268        1.3106195410738974       0.74751564615139510        1.3106195410738974       0.74751564615139510     
  0.20999999344348907        1.7367041883974066        1.0370865259889854        1.2826010976052469       0.73153524587713781        1.2826010976052469       0.73153524587713781     
  0.21999999880790710        1.6890031191201647        1.0086014583803533        1.2538271466683268       0.71512393973308619        1.2538271466683268       0.71512393973308619     
  0.22999998927116394        1.6403877880476661       0.97957043217069906        1.2243583394113529       0.69831632027705537        1.2243583394113529       0.69831632027705537     
  0.23999999463558197        1.5910137201737429       0.95008632032977403        1.1942697361159487       0.68115519835777760        1.1942697361159487       0.68115519835777760     
  0.25000000000000000        1.5410288300036366       0.92023745116438527        1.1636436008697555       0.66368749353558343        1.1636436008697555       0.66368749353558343     
  0.25999999046325684        1.4905566774890779       0.89009760946871319        1.1325366591494608       0.64594555935017783        1.1325366591494608       0.64594555935017783     
  0.26999998092651367        1.4397412696873779       0.85975279018638640        1.1010416154052136       0.62798227005284524        1.1010416154052136       0.62798227005284524     
  0.28000000119209290        1.3887226435930708       0.82928661750691479        1.0692114203895304       0.60982782625844123        1.0692114203895304       0.60982782625844123     
  0.28999999165534973        1.3376215924796238       0.79877122408085699        1.0371360812114678       0.59153356378195809        1.0371360812114678       0.59153356378195809     
  0.29999998211860657        1.2865691545208731       0.76828486038136790        1.0048710890637844       0.57313113218568856        1.0048710890637844       0.57313113218568856     
  0.31000000238418579        1.2356759873438352       0.73789360647824009       0.97249270607818394       0.55466402779703750       0.97249270607818394       0.55466402779703750     
  0.31999999284744263        1.1850663482085959       0.70767166356880651       0.94006932449721625       0.53617125832936186       0.94006932449721625       0.53617125832936186     
  0.32999998331069946        1.1348651342905927       0.67769361498086911       0.90765823603770290       0.51768550027906513       0.90765823603770290       0.51768550027906513     
  0.34000000357627869        1.0851613855018756       0.64801263159619316       0.87533243003579719       0.49924838332513977       0.87533243003579719       0.49924838332513977     
  0.34999999403953552        1.0360659508394521       0.61869490776266223       0.84314466569428959       0.48088999883150085       0.84314466569428959       0.48088999883150085     
  0.35999998450279236       0.98765536938945586       0.58978614939580842       0.81115652711352548       0.46264547146790991       0.81115652711352548       0.46264547146790991     
  0.37000000476837158       0.94004272413715584       0.56135388488712490       0.77942915130834767       0.44454967090761710       0.77942915130834767       0.44454967090761710     
  0.37999999523162842       0.89329710382136851       0.53343937111881545       0.74800873456197881       0.42662894533437934       0.74800873456197881       0.42662894533437934     
  0.38999998569488525       0.84748897171658077       0.50608468578783916       0.71694998210085192       0.40891449603232494       0.71694998210085192       0.40891449603232494     
  0.39999997615814209       0.80268868705736929       0.47933184446290855       0.68630097332032824       0.39143374522366486       0.68630097332032824       0.39143374522366486     
  0.40999999642372131       0.75896325032707523       0.45322085700809189       0.65610665386205647       0.37421232778511720       0.65610665386205647       0.37421232778511720     
  0.41999998688697815       0.71636937416733337       0.42778558982210418       0.62641825875813861       0.35727946576543529       0.62641825875813861       0.35727946576543529     
  0.42999997735023499       0.67494070295775543       0.40304613391008248       0.59725671940599445       0.34064709744768074       0.59725671940599445       0.34064709744768074     
  0.43999999761581421       0.63474041235459444       0.37904021511060559       0.56866704824528957       0.32434089580701309       0.56866704824528957       0.32434089580701309     
  0.44999998807907104       0.59578354162564062       0.35577681424037721       0.54068229141087198       0.30837970880202709       0.54068229141087198       0.30837970880202709     
  0.45999997854232788       0.55812588071549329       0.33328924670234233       0.51333214234808966       0.29278047217516384       0.51333214234808966       0.29278047217516384     
  0.46999999880790710       0.52175844068678245       0.31157214468205374       0.48664322122234333       0.27755836881475704       0.48664322122234333       0.27755836881475704     
  0.47999998927116394       0.48672478680544368       0.29065152351972112       0.46064725457246875       0.26273149404399881       0.46064725457246875       0.26273149404399881     
  0.48999997973442078       0.45302686937950964       0.27052854785708141       0.43534880701321832       0.24830245130411652       0.43534880701321832       0.24830245130411652     
  0.50000000000000000       0.42066199622046779       0.25120161003265090       0.41077356697244655       0.23428589206423914       0.41077356697244655       0.23428589206423914     
  0.50999999046325684       0.38965590775147663       0.23268608114198458       0.38693647438412060       0.22069033735891810       0.38693647438412060       0.22069033735891810     
  0.51999998092651367       0.35997584296098806       0.21496239769011274       0.36384943625801291       0.20752257838561705       0.36384943625801291       0.20752257838561705     
  0.52999997138977051       0.33163746842639658       0.19803991509658947       0.34152895750885681       0.19479202877019433       0.34152895750885681       0.19479202877019433     
  0.53999996185302734       0.30461115795559618       0.18190094184845890       0.31996704440234480       0.18249412926316597       0.31996704440234480       0.18249412926316597     
  0.55000001192092896       0.27889808617532863       0.16654617938329150       0.29917505187267013       0.17063535618409229       0.29917505187267013       0.17063535618409229     
  0.56000000238418579       0.25446713816154920       0.15195704718017952       0.27915491164990047       0.15921681130080551       0.27915491164990047       0.15921681130080551     
  0.56999999284744263       0.23130170251941548       0.13812362561441990       0.25990588047499491       0.14823807069336120       0.25990588047499491       0.14823807069336120     
  0.57999998331069946       0.20936477815472915       0.12502381919243560       0.24143181640391517       0.13770133481513694       0.24143181640391517       0.13770133481513694     
  0.58999997377395630       0.18864405882898014       0.11265027914738987       0.22371445709852039       0.12759618768875053       0.22371445709852039       0.12759618768875053     
  0.59999996423721313       0.16909281997288758       0.10097510353630519       0.20675378615791551       0.11792261995990448       0.20675378615791551       0.11792261995990448     
  0.61000001430511475       0.15069380286186165        8.9987986176443435E-002  0.19054113517301083       0.10867568757640139       0.19054113517301083       0.10867568757640139     
  0.62000000476837158       0.13339715361570628        7.9659156432272463E-002  0.17506645902684617        9.9849661276728244E-002  0.17506645902684617        9.9849661276728244E-002
  0.62999999523162842       0.11718653628899843        6.9978859165870488E-002  0.16032409298884273        9.1441310165414236E-002  0.16032409298884273        9.1441310165414236E-002
  0.63999998569488525       0.10200029493558496        6.0910276045462938E-002  0.14628836718178556        8.3435993353741134E-002  0.14628836718178556        8.3435993353741134E-002
  0.64999997615814209        8.7819728950595907E-002   5.2442239858194545E-002  0.13295109612286676        7.5829042227913410E-002  0.13295109612286676        7.5829042227913410E-002
  0.65999996662139893        7.4591188087834479E-002   4.4542712938803498E-002  0.12029676796461193        6.8611609560856615E-002  0.12029676796461193        6.8611609560856615E-002
  0.66999995708465576        6.1878522383784898E-002   3.6951244916124136E-002  0.10830513780198948        6.1772148612428898E-002  0.10830513780198948        6.1772148612428898E-002
  0.68000000715255737        5.0456466059306988E-002   3.0130474405900252E-002   9.6975300150231092E-002   5.5310142936773325E-002   9.6975300150231092E-002   5.5310142936773325E-002
  0.68999999761581421        3.9869658353758629E-002   2.3808479158804050E-002   8.6263030897134593E-002   4.9200369183579555E-002   8.6263030897134593E-002   4.9200369183579555E-002
  0.69999998807907104        3.0088849608306083E-002   1.7967792511675906E-002   7.6166019815019900E-002   4.3441509707808024E-002   7.6166019815019900E-002   4.3441509707808024E-002
  0.70999997854232788        2.1064363454170686E-002   1.2578749831319187E-002   6.6661206473139847E-002   3.8020411926080917E-002   6.6661206473139847E-002   3.8020411926080917E-002
  0.71999996900558472        1.2762532139175923E-002   7.6212461554862757E-003   5.7728705163811914E-002   3.2925733967503201E-002   5.7728705163811914E-002   3.2925733967503201E-002
  0.72999995946884155        5.1582735604163241E-003   3.0803035097240836E-003   4.9348300021592136E-002   2.8145945654745479E-002   4.9348300021592136E-002   2.8145945654745479E-002
  0.74000000953674316       -1.8125075673844876E-003  -1.0823531082297742E-003   4.1504892582279129E-002   2.3672435535078983E-002   4.1504892582279129E-002   2.3672435535078983E-002
  0.75000000000000000       -8.1731096347081554E-003  -4.8806365149658918E-003   3.4167135733558458E-002   1.9487324692325336E-002   3.4167135733558458E-002   1.9487324692325336E-002
  0.75999999046325684       -1.3954419092972823E-002  -8.3329907971718686E-003   2.7319797281395330E-002   1.5581925400558324E-002   2.7319797281395330E-002   1.5581925400558324E-002
  0.76999998092651367       -1.9201083052144401E-002  -1.1466077326703456E-002   2.0942262250421940E-002   1.1944479848949132E-002   2.0942262250421940E-002   1.1944479848949132E-002
  0.77999997138977051       -2.3941783106425335E-002  -1.4297023542470285E-002   1.5014018358410514E-002   8.5632887979985792E-003   1.5014018358410514E-002   8.5632887979985792E-003
  0.78999996185302734       -2.8196413698021252E-002  -1.6837709566655156E-002   9.5199041002159094E-003   5.4297048393931796E-003   9.5199041002159094E-003   5.4297048393931796E-003
  0.79999995231628418       -3.2021594171797313E-002  -1.9121946085074653E-002   4.4294090713585532E-003   2.5263262756882402E-003   4.4294090713585532E-003   2.5263262756882402E-003
  0.81000000238418579       -3.5434693063499674E-002  -2.1160104855059970E-002  -2.7207411438471825E-004  -1.5517825809977353E-004  -2.7207411438471825E-004  -1.5517825809977353E-004
  0.81999999284744263       -3.8459772143340516E-002  -2.2966554551394885E-002  -4.6039523846850778E-003  -2.6258775593016015E-003  -4.6039523846850778E-003  -2.6258775593016015E-003
  0.82999998331069946       -4.1126176839474136E-002  -2.4558819026639606E-002  -8.5853243671288430E-003  -4.8966645854029477E-003  -8.5853243671288430E-003  -4.8966645854029477E-003
  0.83999997377395630       -4.3466032064014282E-002  -2.5956081923998529E-002  -1.2229962562322019E-002  -6.9753945219606962E-003  -1.2229962562322019E-002  -6.9753945219606962E-003
  0.84999996423721313       -4.5505986668143802E-002  -2.7174256813945721E-002  -1.5565802315421703E-002  -8.8780003738867363E-003  -1.5565802315421703E-002  -8.8780003738867363E-003
  0.85999995470046997       -4.7264988662989137E-002  -2.8224658649922890E-002  -1.8605613565644576E-002  -1.0611765512949681E-002  -1.8605613565644576E-002  -1.0611765512949681E-002
  0.87000000476837158       -4.8760831171507930E-002  -2.9117912734844507E-002  -2.1366491688606163E-002  -1.2186440336079407E-002  -2.1366491688606163E-002  -1.2186440336079407E-002
  0.87999999523162842       -5.0023884354514291E-002  -2.9872154848414864E-002  -2.3865000871223396E-002  -1.3611472275195005E-002  -2.3865000871223396E-002  -1.3611472275195005E-002
  0.88999998569488525       -5.1062071304366900E-002  -3.0492116327371890E-002  -2.6112430553351974E-002  -1.4893300294972293E-002  -2.6112430553351974E-002  -1.4893300294972293E-002
  0.89999997615814209       -5.1904341954091313E-002  -3.0995084851258056E-002  -2.8133701073739161E-002  -1.6046137782696607E-002  -2.8133701073739161E-002  -1.6046137782696607E-002
  0.90999996662139893       -5.2569992409812513E-002  -3.1392583241173257E-002  -2.9938904419251393E-002  -1.7075740732267690E-002  -2.9938904419251393E-002  -1.7075740732267690E-002
  0.91999995708465576       -5.3070912018786900E-002  -3.1691711314072231E-002  -3.1542193391863961E-002  -1.7990181235228515E-002  -3.1542193391863961E-002  -1.7990181235228515E-002
  0.93000000715255737       -5.3417875175219169E-002  -3.1898903083951401E-002  -3.2952616416228993E-002  -1.8794620086751486E-002  -3.2952616416228993E-002  -1.8794620086751486E-002
  0.93999999761581421       -5.3634272812279914E-002  -3.2028126629993880E-002  -3.4192423817883032E-002  -1.9501747824364288E-002  -3.4192423817883032E-002  -1.9501747824364288E-002
  0.94999998807907104       -5.3721637423472648E-002  -3.2080297092713775E-002  -3.5269430671690437E-002  -2.0116021798620511E-002  -3.5269430671690437E-002  -2.0116021798620511E-002
  0.95999997854232788       -5.3702368683748919E-002  -3.2068790613675048E-002  -3.6195383734433741E-002  -2.0644141806227964E-002  -3.6195383734433741E-002  -2.0644141806227964E-002
  0.96999996900558472       -5.3589578662085115E-002  -3.2001437167696732E-002  -3.6977115035909190E-002  -2.1090004515142233E-002  -3.6977115035909190E-002  -2.1090004515142233E-002
  0.97999995946884155       -5.3389353239235951E-002  -3.1881870986199226E-002  -3.7634182365766704E-002  -2.1464764767260072E-002  -3.7634182365766704E-002  -2.1464764767260072E-002
  0.98999994993209839       -5.3107011287728795E-002  -3.1713268275624984E-002  -3.8172159709788149E-002  -2.1771601701494614E-002  -3.8172159709788149E-002  -2.1771601701494614E-002
   1.0000000000000000       -5.2753159560084514E-002  -3.1501962941423885E-002  -3.8600591472289295E-002  -2.2015958996454095E-002  -3.8600591472289295E-002  -2.2015958996454095E-002
