 gamma g3f pt DY-RATIO error R_dy tmp element 
   1.3737373737373737        0.0000000000000000       0.75000000000000000       0.92300000000000004        2.3000000000000000E-002  0.96271186915859341        2.9811579434201128      W
   1.3737373737373737        5.0505050505050509E-003  0.75000000000000000       0.92300000000000004        2.3000000000000000E-002  0.96145335630477735        2.7951996429152306      W
   1.3737373737373737        1.0101010101010102E-002  0.75000000000000000       0.92300000000000004        2.3000000000000000E-002  0.96020156828268410        2.6161752035750565      W
   1.3737373737373737        1.5151515151515152E-002  0.75000000000000000       0.92300000000000004        2.3000000000000000E-002  0.95894098552367291        2.4418798495517251      W
   1.3737373737373737        2.0202020202020204E-002  0.75000000000000000       0.92300000000000004        2.3000000000000000E-002  0.95769204708823941        2.2751193405909591      W
   1.3737373737373737        2.5252525252525252E-002  0.75000000000000000       0.92300000000000004        2.3000000000000000E-002  0.95644311847032681        2.1142574159174137      W
   1.3737373737373737        3.0303030303030304E-002  0.75000000000000000       0.92300000000000004        2.3000000000000000E-002  0.95519723373230048        1.9596632514411816      W
   1.3737373737373737        3.5353535353535352E-002  0.75000000000000000       0.92300000000000004        2.3000000000000000E-002  0.95419363717236494        1.8394007562214465      W
   1.3737373737373737        4.0404040404040407E-002  0.75000000000000000       0.92300000000000004        2.3000000000000000E-002  0.95295083348064746        1.6957512782334037      W
   1.3737373737373737        4.5454545454545456E-002  0.75000000000000000       0.92300000000000004        2.3000000000000000E-002  0.95160439119997331        1.5467130357676904      W
   1.3737373737373737        5.0505050505050504E-002  0.75000000000000000       0.92300000000000004        2.3000000000000000E-002  0.95030059269661693        1.4089269595209288      W
   1.3737373737373737        5.5555555555555552E-002  0.75000000000000000       0.92300000000000004        2.3000000000000000E-002  0.94905227707833373        1.2830267315052377      W
   1.3737373737373737        6.0606060606060608E-002  0.75000000000000000       0.92300000000000004        2.3000000000000000E-002  0.94771328553207290        1.1545302113228011      W
   1.3737373737373737        6.5656565656565663E-002  0.75000000000000000       0.92300000000000004        2.3000000000000000E-002  0.94647973010664321        1.0421507105497274      W
   1.3737373737373737        7.0707070707070704E-002  0.75000000000000000       0.92300000000000004        2.3000000000000000E-002  0.94508312612483947       0.92186098193868726      W
   1.3737373737373737        7.5757575757575760E-002  0.75000000000000000       0.92300000000000004        2.3000000000000000E-002  0.94385364081051726       0.82206868630258811      W
   1.3737373737373737        8.0808080808080815E-002  0.75000000000000000       0.92300000000000004        2.3000000000000000E-002  0.94252568796400782       0.72070414077088507      W
   1.3737373737373737        8.5858585858585856E-002  0.75000000000000000       0.92300000000000004        2.3000000000000000E-002  0.94123881621924166       0.62883632718198690      W
   1.3737373737373737        9.0909090909090912E-002  0.75000000000000000       0.92300000000000004        2.3000000000000000E-002  0.94001562051134513       0.54731822568262312      W
   1.3737373737373737        9.5959595959595953E-002  0.75000000000000000       0.92300000000000004        2.3000000000000000E-002  0.93869598521242270       0.46571635498788422      W
   1.3737373737373737       0.10101010101010101       0.75000000000000000       0.92300000000000004        2.3000000000000000E-002  0.93746829054204139       0.39571159018700042      W
   1.3737373737373737       0.10606060606060606       0.75000000000000000       0.92300000000000004        2.3000000000000000E-002  0.93609462748189198       0.32413850451705045      W
   1.3737373737373737       0.11111111111111110       0.75000000000000000       0.92300000000000004        2.3000000000000000E-002  0.93488034932339503       0.26681039706217730      W
   1.3737373737373737       0.11616161616161616       0.75000000000000000       0.92300000000000004        2.3000000000000000E-002  0.93357279507464197       0.21131190111601628      W
   1.3737373737373737       0.12121212121212122       0.75000000000000000       0.92300000000000004        2.3000000000000000E-002  0.93236312373244590       0.16572417018731719      W
   1.3737373737373737       0.12626262626262627       0.75000000000000000       0.92300000000000004        2.3000000000000000E-002  0.93115574443700722       0.12573944673303111      W
   1.3737373737373737       0.13131313131313133       0.75000000000000000       0.92300000000000004        2.3000000000000000E-002  0.92979879830536083        8.7379316440409666E-002 W
   1.3737373737373737       0.13636363636363635       0.75000000000000000       0.92300000000000004        2.3000000000000000E-002  0.92859625549037228        5.9202411178679415E-002 W
   1.3737373737373737       0.14141414141414141       0.75000000000000000       0.92300000000000004        2.3000000000000000E-002  0.92730375242481122        3.5013771141905702E-002 W
   1.3737373737373737       0.14646464646464646       0.75000000000000000       0.92300000000000004        2.3000000000000000E-002  0.92580837697551888        1.4909227290405129E-002 W
   1.3737373737373737       0.15151515151515152       0.75000000000000000       0.92300000000000004        2.3000000000000000E-002  0.92455705444774472        4.5830218397759559E-003 W
   1.3737373737373737       0.15656565656565657       0.75000000000000000       0.92300000000000004        2.3000000000000000E-002  0.92327431145871564        1.4224343361564511E-004 W
   1.3737373737373737       0.16161616161616163       0.75000000000000000       0.92300000000000004        2.3000000000000000E-002  0.92208445995629607        1.5845247100670715E-003 W
   1.3737373737373737       0.16666666666666666       0.75000000000000000       0.92300000000000004        2.3000000000000000E-002  0.92089709207178916        8.3595874376790041E-003 W
   1.3737373737373737       0.17171717171717171       0.75000000000000000       0.92300000000000004        2.3000000000000000E-002  0.91956875888361844        2.2255984118615599E-002 W
   1.3737373737373737       0.17676767676767677       0.75000000000000000       0.92300000000000004        2.3000000000000000E-002  0.91838657133764423        4.0233882840540899E-002 W
   1.3737373737373737       0.18181818181818182       0.75000000000000000       0.92300000000000004        2.3000000000000000E-002  0.91711987424869712        6.5360829586267988E-002 W
   1.3737373737373737       0.18686868686868688       0.75000000000000000       0.92300000000000004        2.3000000000000000E-002  0.91594287860889168        9.4145486443930629E-002 W
   1.3737373737373737       0.19191919191919191       0.75000000000000000       0.92300000000000004        2.3000000000000000E-002  0.91488015344300733       0.12463498697373622      W
   1.3737373737373737       0.19696969696969696       0.75000000000000000       0.92300000000000004        2.3000000000000000E-002  0.91357017163778809       0.16809388079541970      W
   1.3737373737373737       0.20202020202020202       0.75000000000000000       0.92300000000000004        2.3000000000000000E-002  0.91240095323941772       0.21236255620606917      W
   1.3737373737373737       0.20707070707070707       0.75000000000000000       0.92300000000000004        2.3000000000000000E-002  0.91115074647592464       0.26541551810550712      W
   1.3737373737373737       0.21212121212121213       0.75000000000000000       0.92300000000000004        2.3000000000000000E-002  0.90998687235504871       0.32011624027182700      W
   1.3737373737373737       0.21717171717171718       0.75000000000000000       0.92300000000000004        2.3000000000000000E-002  0.90877466216666847       0.38253352830324133      W
   1.3737373737373737       0.22222222222222221       0.75000000000000000       0.92300000000000004        2.3000000000000000E-002  0.90768414839129596       0.44343158884658473      W
   1.3737373737373737       0.22727272727272727       0.75000000000000000       0.92300000000000004        2.3000000000000000E-002  0.90644684220218363       0.51797170714444274      W
   1.3737373737373737       0.23232323232323232       0.75000000000000000       0.92300000000000004        2.3000000000000000E-002  0.90529368972532809       0.59265297456134913      W
   1.3737373737373737       0.23737373737373738       0.75000000000000000       0.92300000000000004        2.3000000000000000E-002  0.90401432960715056       0.68139069993557955      W
   1.3737373737373737       0.24242424242424243       0.75000000000000000       0.92300000000000004        2.3000000000000000E-002  0.90286670987257633       0.76625590048207382      W
   1.3737373737373737       0.24747474747474749       0.75000000000000000       0.92300000000000004        2.3000000000000000E-002  0.90183031314519424       0.84717512576661180      W
   1.3737373737373737       0.25252525252525254       0.75000000000000000       0.92300000000000004        2.3000000000000000E-002  0.90061013280920277       0.94764868208230679      W
   1.3737373737373737       0.25757575757575757       0.75000000000000000       0.92300000000000004        2.3000000000000000E-002  0.89947063439904995        1.0465615228415379      W
   1.3737373737373737       0.26262626262626265       0.75000000000000000       0.92300000000000004        2.3000000000000000E-002  0.89828645441152732        1.1545545095529666      W
   1.3737373737373737       0.26767676767676768       0.75000000000000000       0.92300000000000004        2.3000000000000000E-002  0.89715249836552624        1.2629363719170623      W
   1.3737373737373737       0.27272727272727271       0.75000000000000000       0.92300000000000004        2.3000000000000000E-002  0.89594570245530725        1.3836200673662962      W
   1.3737373737373737       0.27777777777777779       0.75000000000000000       0.92300000000000004        2.3000000000000000E-002  0.89481734439764948        1.5014405988671105      W
   1.3737373737373737       0.28282828282828282       0.75000000000000000       0.92300000000000004        2.3000000000000000E-002  0.89369175917696175        1.6237674482820572      W
   1.3737373737373737       0.28787878787878790       0.75000000000000000       0.92300000000000004        2.3000000000000000E-002  0.89244959541607183        1.7643236677536904      W
   1.3737373737373737       0.29292929292929293       0.75000000000000000       0.92300000000000004        2.3000000000000000E-002  0.89132968490832321        1.8960469905597235      W
   1.3737373737373737       0.29797979797979796       0.75000000000000000       0.92300000000000004        2.3000000000000000E-002  0.89031179624464507        2.0198840543508561      W
   1.3737373737373737       0.30303030303030304       0.75000000000000000       0.92300000000000004        2.3000000000000000E-002  0.88919732491332970        2.1599637864177765      W
   1.3737373737373737       0.30808080808080807       0.75000000000000000       0.92300000000000004        2.3000000000000000E-002  0.88808565248773619        2.3043698718471175      W
   1.3737373737373737       0.31313131313131315       0.75000000000000000       0.92300000000000004        2.3000000000000000E-002  0.88686328602842435        2.4685483868874751      W
   1.3737373737373737       0.31818181818181818       0.75000000000000000       0.92300000000000004        2.3000000000000000E-002  0.88575732505474314        2.6219599944764962      W
   1.3737373737373737       0.32323232323232326       0.75000000000000000       0.92300000000000004        2.3000000000000000E-002  0.88465417360878973        2.7795886609165246      W
   1.3737373737373737       0.32828282828282829       0.75000000000000000       0.92300000000000004        2.3000000000000000E-002  0.88348556006741263        2.9515897224689196      W
   1.3737373737373737       0.33333333333333331       0.75000000000000000       0.92300000000000004        2.3000000000000000E-002  0.88238809616502833        3.1178199113440259      W
   1.3737373737373737       0.33838383838383840       0.75000000000000000       0.92300000000000004        2.3000000000000000E-002  0.88125197737606620        3.2947020661786244      W
   1.3737373737373737       0.34343434343434343       0.75000000000000000       0.92300000000000004        2.3000000000000000E-002  0.88026351912984757        3.4525648339601291      W
   1.3737373737373737       0.34848484848484851       0.75000000000000000       0.92300000000000004        2.3000000000000000E-002  0.87910848913310979        3.6417102574259830      W
   1.3737373737373737       0.35353535353535354       0.75000000000000000       0.92300000000000004        2.3000000000000000E-002  0.87802227116296760        3.8241892085777307      W
   1.3737373737373737       0.35858585858585856       0.75000000000000000       0.92300000000000004        2.3000000000000000E-002  0.87693887595104669        4.0106373320473887      W
   1.3737373737373737       0.36363636363636365       0.75000000000000000       0.92300000000000004        2.3000000000000000E-002  0.87575470164850866        4.2195051348231276      W
   1.3737373737373737       0.36868686868686867       0.75000000000000000       0.92300000000000004        2.3000000000000000E-002  0.87467704095120247        4.4141935183965364      W
   1.3737373737373737       0.37373737373737376       0.75000000000000000       0.92300000000000004        2.3000000000000000E-002  0.87366509319187791        4.6010076177052861      W
   1.3737373737373737       0.37878787878787878       0.75000000000000000       0.92300000000000004        2.3000000000000000E-002  0.87259300445506582        4.8031478258355733      W
   1.3737373737373737       0.38383838383838381       0.75000000000000000       0.92300000000000004        2.3000000000000000E-002  0.87146167203604907        5.0211706036290558      W
   1.3737373737373737       0.38888888888888890       0.75000000000000000       0.92300000000000004        2.3000000000000000E-002  0.87039528044487136        5.2311087324645342      W
   1.3737373737373737       0.39393939393939392       0.75000000000000000       0.92300000000000004        2.3000000000000000E-002  0.86933171048709079        5.4447737225736210      W
   1.3737373737373737       0.39898989898989901       0.75000000000000000       0.92300000000000004        2.3000000000000000E-002  0.86817366006174856        5.6822827051506799      W
   1.3737373737373737       0.40404040404040403       0.75000000000000000       0.92300000000000004        2.3000000000000000E-002  0.86721600502470875        5.8825219194769840      W
   1.3737373737373737       0.40909090909090912       0.75000000000000000       0.92300000000000004        2.3000000000000000E-002  0.86616085161600620        6.1071621720560874      W
   1.3737373737373737       0.41414141414141414       0.75000000000000000       0.92300000000000004        2.3000000000000000E-002  0.86505031763469098        6.3481392934597594      W
   1.3737373737373737       0.41919191919191917       0.75000000000000000       0.92300000000000004        2.3000000000000000E-002  0.86400083964641228        6.5801529724543713      W
   1.3737373737373737       0.42424242424242425       0.75000000000000000       0.92300000000000004        2.3000000000000000E-002  0.86291895844699518        6.8236891381737195      W
   1.3737373737373737       0.42929292929292928       0.75000000000000000       0.92300000000000004        2.3000000000000000E-002  0.86187512824790391        7.0628543416071841      W
   1.3737373737373737       0.43434343434343436       0.75000000000000000       0.92300000000000004        2.3000000000000000E-002  0.86077835090897670        7.3185890654186139      W
   1.3737373737373737       0.43939393939393939       0.75000000000000000       0.92300000000000004        2.3000000000000000E-002  0.85974017309962192        7.5648500935081362      W
   1.3737373737373737       0.44444444444444442       0.75000000000000000       0.92300000000000004        2.3000000000000000E-002  0.85870479573802005        7.8145052761620599      W
   1.3737373737373737       0.44949494949494950       0.75000000000000000       0.92300000000000004        2.3000000000000000E-002  0.85767221562584106        8.0675225165153321      W
   1.3737373737373737       0.45454545454545453       0.75000000000000000       0.92300000000000004        2.3000000000000000E-002  0.85671354105102138        8.3060390170030907      W
   1.3737373737373737       0.45959595959595961       0.75000000000000000       0.92300000000000004        2.3000000000000000E-002  0.85568642576454867        8.5654390857308567      W
   1.3737373737373737       0.46464646464646464       0.75000000000000000       0.92300000000000004        2.3000000000000000E-002  0.85466209758905543        8.8281075726423275      W
   1.3737373737373737       0.46969696969696972       0.75000000000000000       0.92300000000000004        2.3000000000000000E-002  0.85358881699939682        9.1075847363766176      W
   1.3737373737373737       0.47474747474747475       0.75000000000000000       0.92300000000000004        2.3000000000000000E-002  0.85257008871304585        9.3768854515845721      W
   1.3737373737373737       0.47979797979797978       0.75000000000000000       0.92300000000000004        2.3000000000000000E-002  0.85155413551975712        9.6493602104522473      W
   1.3737373737373737       0.48484848484848486       0.75000000000000000       0.92300000000000004        2.3000000000000000E-002  0.85050977450229537        9.9335213472742403      W
   1.3737373737373737       0.48989898989898989       0.75000000000000000       0.92300000000000004        2.3000000000000000E-002  0.84949938060421337        10.212364936794502      W
   1.3737373737373737       0.49494949494949497       0.75000000000000000       0.92300000000000004        2.3000000000000000E-002  0.84844255889202347        10.508151275178442      W
   1.3737373737373737       0.50000000000000000       0.75000000000000000       0.92300000000000004        2.3000000000000000E-002  0.84743771814509417        10.793305177921056      W
