 Z Q2 pt2 MULT-RATIO STAT SYS fuu fuua DIS chi2
  0.40000000596046448        2.0000000000000000        9.9999995529651692E-005   0.0000000000000000        0.0000000000000000        0.0000000000000000        3.3301529624543263E-005   1.2796370179955339E-005  0.95899999141693115        0.0000000000000000     
  0.40000000596046448        2.0000000000000000        7.7049370915066029E-003   0.0000000000000000        0.0000000000000000        0.0000000000000000        3.2166447220758531E-005   1.2573692267668193E-005  0.95899999141693115        0.0000000000000000     
  0.40000000596046448        2.0000000000000000        2.7408640681519936E-002   0.0000000000000000        0.0000000000000000        0.0000000000000000        2.9383778812183523E-005   1.1992618602875357E-005  0.95899999141693115        0.0000000000000000     
  0.40000000596046448        2.0000000000000000        5.9211106953356074E-002   0.0000000000000000        0.0000000000000000        0.0000000000000000        2.5348175078463705E-005   1.1098102684083522E-005  0.95899999141693115        0.0000000000000000     
  0.40000000596046448        2.0000000000000000       0.10311232764514955        0.0000000000000000        0.0000000000000000        0.0000000000000000        2.0583084577454394E-005   9.9558978355911982E-006  0.95899999141693115        0.0000000000000000     
  0.40000000596046448        2.0000000000000000       0.15911234335428404        0.0000000000000000        0.0000000000000000        0.0000000000000000        1.5639562989531260E-005   8.6428549586162590E-006  0.95899999141693115        0.0000000000000000     
  0.40000000596046448        2.0000000000000000       0.22721107550197317        0.0000000000000000        0.0000000000000000        0.0000000000000000        1.0994837638636176E-005   7.2392710339859672E-006  0.95899999141693115        0.0000000000000000     
  0.40000000596046448        2.0000000000000000       0.30740862846256789        0.0000000000000000        0.0000000000000000        0.0000000000000000        6.9837885305428114E-006   5.8248115104958905E-006  0.95899999141693115        0.0000000000000000     
  0.40000000596046448        2.0000000000000000       0.39970487931805110        0.0000000000000000        0.0000000000000000        0.0000000000000000        3.7774361983015732E-006   4.4684983641480809E-006  0.95899999141693115        0.0000000000000000     
  0.40000000596046448        2.0000000000000000       0.50409996953010605        0.0000000000000000        0.0000000000000000        0.0000000000000000        1.3991077156112330E-006   3.2261397609524175E-006  0.95899999141693115        0.0000000000000000     
  0.40000000596046448        3.0000000000000000        9.9999995529651692E-005   0.0000000000000000        0.0000000000000000        0.0000000000000000        1.5890584445865814E-005   8.3316514404931801E-006  0.95200002193450928        0.0000000000000000     
  0.40000000596046448        3.0000000000000000        7.7049370915066029E-003   0.0000000000000000        0.0000000000000000        0.0000000000000000        1.5395035379249807E-005   8.1530933125921127E-006  0.95200002193450928        0.0000000000000000     
  0.40000000596046448        3.0000000000000000        2.7408640681519936E-002   0.0000000000000000        0.0000000000000000        0.0000000000000000        1.4123963586510051E-005   7.7084491244466257E-006  0.95200002193450928        0.0000000000000000     
  0.40000000596046448        3.0000000000000000        5.9211106953356074E-002   0.0000000000000000        0.0000000000000000        0.0000000000000000        1.2277513385806585E-005   7.0412855022015777E-006  0.95200002193450928        0.0000000000000000     
  0.40000000596046448        3.0000000000000000       0.10311232764514955        0.0000000000000000        0.0000000000000000        0.0000000000000000        1.0088622224588711E-005   6.2031488656437227E-006  0.95200002193450928        0.0000000000000000     
  0.40000000596046448        3.0000000000000000       0.15911234335428404        0.0000000000000000        0.0000000000000000        0.0000000000000000        7.8043691173616270E-006   5.2594313559454145E-006  0.95200002193450928        0.0000000000000000     
  0.40000000596046448        3.0000000000000000       0.22721107550197317        0.0000000000000000        0.0000000000000000        0.0000000000000000        5.6399808256847486E-006   4.2771083968510882E-006  0.95200002193450928        0.0000000000000000     
  0.40000000596046448        3.0000000000000000       0.30740862846256789        0.0000000000000000        0.0000000000000000        0.0000000000000000        3.7487229035546609E-006   3.3175578345674061E-006  0.95200002193450928        0.0000000000000000     
  0.40000000596046448        3.0000000000000000       0.39970487931805110        0.0000000000000000        0.0000000000000000        0.0000000000000000        2.2116155417379123E-006   2.4304153562889050E-006  0.95200002193450928        0.0000000000000000     
  0.40000000596046448        3.0000000000000000       0.50409996953010605        0.0000000000000000        0.0000000000000000        0.0000000000000000        1.0441435837074554E-006   1.6506683642102970E-006  0.95200002193450928        0.0000000000000000     
  0.40000000596046448        4.0000000000000000        9.9999995529651692E-005   0.0000000000000000        0.0000000000000000        0.0000000000000000        8.6233413189412622E-006   5.2744817602620067E-006  0.94900000095367432        0.0000000000000000     
  0.40000000596046448        4.0000000000000000        7.7049370915066029E-003   0.0000000000000000        0.0000000000000000        0.0000000000000000        8.3372558999942828E-006   5.1650708511682150E-006  0.94900000095367432        0.0000000000000000     
  0.40000000596046448        4.0000000000000000        2.7408640681519936E-002   0.0000000000000000        0.0000000000000000        0.0000000000000000        7.6722805754809501E-006   4.8638655986430565E-006  0.94900000095367432        0.0000000000000000     
  0.40000000596046448        4.0000000000000000        5.9211106953356074E-002   0.0000000000000000        0.0000000000000000        0.0000000000000000        6.7101781679016994E-006   4.4130621313327782E-006  0.94900000095367432        0.0000000000000000     
  0.40000000596046448        4.0000000000000000       0.10311232764514955        0.0000000000000000        0.0000000000000000        0.0000000000000000        5.5652016025607462E-006   3.8520084461324472E-006  0.94900000095367432        0.0000000000000000     
  0.40000000596046448        4.0000000000000000       0.15911234335428404        0.0000000000000000        0.0000000000000000        0.0000000000000000        4.3639512562731430E-006   3.2281369975704944E-006  0.94900000095367432        0.0000000000000000     
  0.40000000596046448        4.0000000000000000       0.22721107550197317        0.0000000000000000        0.0000000000000000        0.0000000000000000        3.2172347644601373E-006   2.5884980057201954E-006  0.94900000095367432        0.0000000000000000     
  0.40000000596046448        4.0000000000000000       0.30740862846256789        0.0000000000000000        0.0000000000000000        0.0000000000000000        2.2053886297364081E-006   1.9745371891333594E-006  0.94900000095367432        0.0000000000000000     
  0.40000000596046448        4.0000000000000000       0.39970487931805110        0.0000000000000000        0.0000000000000000        0.0000000000000000        1.3719258566445736E-006   1.4182122527806387E-006  0.94900000095367432        0.0000000000000000     
  0.40000000596046448        4.0000000000000000       0.50409996953010605        0.0000000000000000        0.0000000000000000        0.0000000000000000        7.2737251558852278E-007   9.3999781471644748E-007  0.94900000095367432        0.0000000000000000     
  0.40000000596046448        5.0000000000000000        9.9999995529651692E-005   0.0000000000000000        0.0000000000000000        0.0000000000000000        5.1894269834261024E-006   3.5035636249544308E-006  0.94599997997283936        0.0000000000000000     
  0.40000000596046448        5.0000000000000000        7.7049370915066029E-003   0.0000000000000000        0.0000000000000000        0.0000000000000000        5.0328595503536707E-006   3.4223268260573542E-006  0.94599997997283936        0.0000000000000000     
  0.40000000596046448        5.0000000000000000        2.7408640681519936E-002   0.0000000000000000        0.0000000000000000        0.0000000000000000        4.6477987998065340E-006   3.2182381512270903E-006  0.94599997997283936        0.0000000000000000     
  0.40000000596046448        5.0000000000000000        5.9211106953356074E-002   0.0000000000000000        0.0000000000000000        0.0000000000000000        4.0850828335095775E-006   2.9090814125470877E-006  0.94599997997283936        0.0000000000000000     
  0.40000000596046448        5.0000000000000000       0.10311232764514955        0.0000000000000000        0.0000000000000000        0.0000000000000000        3.4132712189360481E-006   2.5274959829976591E-006  0.94599997997283936        0.0000000000000000     
  0.40000000596046448        5.0000000000000000       0.15911234335428404        0.0000000000000000        0.0000000000000000        0.0000000000000000        2.7050505771618709E-006   2.1061558347656538E-006  0.94599997997283936        0.0000000000000000     
  0.40000000596046448        5.0000000000000000       0.22721107550197317        0.0000000000000000        0.0000000000000000        0.0000000000000000        2.0248396693716995E-006   1.6780767076582274E-006  0.94599997997283936        0.0000000000000000     
  0.40000000596046448        5.0000000000000000       0.30740862846256789        0.0000000000000000        0.0000000000000000        0.0000000000000000        1.4195401290792885E-006   1.2713733238587010E-006  0.94599997997283936        0.0000000000000000     
  0.40000000596046448        5.0000000000000000       0.39970487931805110        0.0000000000000000        0.0000000000000000        0.0000000000000000        9.1550140761825431E-007   9.0701545534906070E-007  0.94599997997283936        0.0000000000000000     
  0.40000000596046448        5.0000000000000000       0.50409996953010605        0.0000000000000000        0.0000000000000000        0.0000000000000000        5.2013791824821540E-007   5.9753189418763566E-007  0.94599997997283936        0.0000000000000000     
  0.40000000596046448        6.0000000000000000        9.9999995529651692E-005   0.0000000000000000        0.0000000000000000        0.0000000000000000        3.4241822210127825E-006   2.4752618929288403E-006  0.94499999284744263        0.0000000000000000     
  0.40000000596046448        6.0000000000000000        7.7049370915066029E-003   0.0000000000000000        0.0000000000000000        0.0000000000000000        3.3371778568339718E-006   2.4137656514406681E-006  0.94499999284744263        0.0000000000000000     
  0.40000000596046448        6.0000000000000000        2.7408640681519936E-002   0.0000000000000000        0.0000000000000000        0.0000000000000000        3.0886747532168654E-006   2.2647355724579720E-006  0.94499999284744263        0.0000000000000000     
  0.40000000596046448        6.0000000000000000        5.9211106953356074E-002   0.0000000000000000        0.0000000000000000        0.0000000000000000        2.7262199015261895E-006   2.0443035788816458E-006  0.94499999284744263        0.0000000000000000     
  0.40000000596046448        6.0000000000000000       0.10311232764514955        0.0000000000000000        0.0000000000000000        0.0000000000000000        2.2916087934754746E-006   1.7721723081072480E-006  0.94499999284744263        0.0000000000000000     
  0.40000000596046448        6.0000000000000000       0.15911234335428404        0.0000000000000000        0.0000000000000000        0.0000000000000000        1.8317225257728204E-006   1.4730446607743121E-006  0.94499999284744263        0.0000000000000000     
  0.40000000596046448        6.0000000000000000       0.22721107550197317        0.0000000000000000        0.0000000000000000        0.0000000000000000        1.3876103295196983E-006   1.1708388313685964E-006  0.94499999284744263        0.0000000000000000     
  0.40000000596046448        6.0000000000000000       0.30740862846256789        0.0000000000000000        0.0000000000000000        0.0000000000000000        9.8966574769023674E-007   8.8543355471264798E-007  0.94499999284744263        0.0000000000000000     
  0.40000000596046448        6.0000000000000000       0.39970487931805110        0.0000000000000000        0.0000000000000000        0.0000000000000000        6.5539107264796476E-007   6.3144661799607603E-007  0.94499999284744263        0.0000000000000000     
  0.40000000596046448        6.0000000000000000       0.50409996953010605        0.0000000000000000        0.0000000000000000        0.0000000000000000        3.9015082030248462E-007   4.1715540032064586E-007  0.94499999284744263        0.0000000000000000     
  0.40000000596046448        7.0000000000000000        9.9999995529651692E-005   0.0000000000000000        0.0000000000000000        0.0000000000000000        2.4643545547347225E-006   1.8680502131480199E-006  0.94400000572204590        0.0000000000000000     
  0.40000000596046448        7.0000000000000000        7.7049370915066029E-003   0.0000000000000000        0.0000000000000000        0.0000000000000000        2.4059726750687003E-006   1.8145762054987586E-006  0.94400000572204590        0.0000000000000000     
  0.40000000596046448        7.0000000000000000        2.7408640681519936E-002   0.0000000000000000        0.0000000000000000        0.0000000000000000        2.2316233141566410E-006   1.7024252912277686E-006  0.94400000572204590        0.0000000000000000     
  0.40000000596046448        7.0000000000000000        5.9211106953356074E-002   0.0000000000000000        0.0000000000000000        0.0000000000000000        1.9767570618183811E-006   1.5361565546850976E-006  0.94400000572204590        0.0000000000000000     
  0.40000000596046448        7.0000000000000000       0.10311232764514955        0.0000000000000000        0.0000000000000000        0.0000000000000000        1.6700691703754191E-006   1.3304327965790205E-006  0.94400000572204590        0.0000000000000000     
  0.40000000596046448        7.0000000000000000       0.15911234335428404        0.0000000000000000        0.0000000000000000        0.0000000000000000        1.3444654077487553E-006   1.1051707277125546E-006  0.94400000572204590        0.0000000000000000     
  0.40000000596046448        7.0000000000000000       0.22721107550197317        0.0000000000000000        0.0000000000000000        0.0000000000000000        1.0285698945265695E-006   8.7821512407206729E-007  0.94400000572204590        0.0000000000000000     
  0.40000000596046448        7.0000000000000000       0.30740862846256789        0.0000000000000000        0.0000000000000000        0.0000000000000000        7.4382524206612718E-007   6.6468689140510119E-007  0.94400000572204590        0.0000000000000000     
  0.40000000596046448        7.0000000000000000       0.39970487931805110        0.0000000000000000        0.0000000000000000        0.0000000000000000        5.0281361890995747E-007   4.7532798078168567E-007  0.94400000572204590        0.0000000000000000     
  0.40000000596046448        7.0000000000000000       0.50409996953010605        0.0000000000000000        0.0000000000000000        0.0000000000000000        3.0979583501092859E-007   3.1608799956768187E-007  0.94400000572204590        0.0000000000000000     
  0.40000000596046448        8.0000000000000000        9.9999995529651692E-005   0.0000000000000000        0.0000000000000000        0.0000000000000000        1.9296032519280145E-006   1.4932498970846804E-006  0.94300001859664917        0.0000000000000000     
  0.40000000596046448        8.0000000000000000        7.7049370915066029E-003   0.0000000000000000        0.0000000000000000        0.0000000000000000        1.8716851143874860E-006   1.4572126706797918E-006  0.94300001859664917        0.0000000000000000     
  0.40000000596046448        8.0000000000000000        2.7408640681519936E-002   0.0000000000000000        0.0000000000000000        0.0000000000000000        1.7389713924166114E-006   1.3665005442793339E-006  0.94300001859664917        0.0000000000000000     
  0.40000000596046448        8.0000000000000000        5.9211106953356074E-002   0.0000000000000000        0.0000000000000000        0.0000000000000000        1.5450353742615860E-006   1.2320532147975971E-006  0.94300001859664917        0.0000000000000000     
  0.40000000596046448        8.0000000000000000       0.10311232764514955        0.0000000000000000        0.0000000000000000        0.0000000000000000        1.3110388615094673E-006   1.0670319136587176E-006  0.94300001859664917        0.0000000000000000     
  0.40000000596046448        8.0000000000000000       0.15911234335428404        0.0000000000000000        0.0000000000000000        0.0000000000000000        1.0618422746657888E-006   8.8662167184941518E-007  0.94300001859664917        0.0000000000000000     
  0.40000000596046448        8.0000000000000000       0.22721107550197317        0.0000000000000000        0.0000000000000000        0.0000000000000000        8.1911685015337104E-007   7.0522446859090794E-007  0.94300001859664917        0.0000000000000000     
  0.40000000596046448        8.0000000000000000       0.30740862846256789        0.0000000000000000        0.0000000000000000        0.0000000000000000        5.9922560708221932E-007   5.3495694980592312E-007  0.94300001859664917        0.0000000000000000     
  0.40000000596046448        8.0000000000000000       0.39970487931805110        0.0000000000000000        0.0000000000000000        0.0000000000000000        4.1188646593883719E-007   3.8416400004049556E-007  0.94300001859664917        0.0000000000000000     
  0.40000000596046448        8.0000000000000000       0.50409996953010605        0.0000000000000000        0.0000000000000000        0.0000000000000000        2.6061776789451874E-007   2.5755682093252344E-007  0.94300001859664917        0.0000000000000000     
  0.40000000596046448        9.0000000000000000        9.9999995529651692E-005   0.0000000000000000        0.0000000000000000        0.0000000000000000        1.6096391795124583E-006   1.2685806554023261E-006  0.94199997186660767        0.0000000000000000     
  0.40000000596046448        9.0000000000000000        7.7049370915066029E-003   0.0000000000000000        0.0000000000000000        0.0000000000000000        1.5556727088149866E-006   1.2383326822928310E-006  0.94199997186660767        0.0000000000000000     
  0.40000000596046448        9.0000000000000000        2.7408640681519936E-002   0.0000000000000000        0.0000000000000000        0.0000000000000000        1.4476451592849431E-006   1.1618527346064484E-006  0.94199997186660767        0.0000000000000000     
  0.40000000596046448        9.0000000000000000        5.9211106953356074E-002   0.0000000000000000        0.0000000000000000        0.0000000000000000        1.2893884645924379E-006   1.0484420216633382E-006  0.94199997186660767        0.0000000000000000     
  0.40000000596046448        9.0000000000000000       0.10311232764514955        0.0000000000000000        0.0000000000000000        0.0000000000000000        1.0982917991693563E-006   9.0838906704925497E-007  0.94199997186660767        0.0000000000000000     
  0.40000000596046448        9.0000000000000000       0.15911234335428404        0.0000000000000000        0.0000000000000000        0.0000000000000000        8.9421560165081025E-007   7.5543369116485816E-007  0.94199997186660767        0.0000000000000000     
  0.40000000596046448        9.0000000000000000       0.22721107550197317        0.0000000000000000        0.0000000000000000        0.0000000000000000        6.9478398265793361E-007   6.0187330911988848E-007  0.94199997186660767        0.0000000000000000     
  0.40000000596046448        9.0000000000000000       0.30740862846256789        0.0000000000000000        0.0000000000000000        0.0000000000000000        5.1324027473422732E-007   4.5787350554413764E-007  0.94199997186660767        0.0000000000000000     
  0.40000000596046448        9.0000000000000000       0.39970487931805110        0.0000000000000000        0.0000000000000000        0.0000000000000000        3.5772641250213825E-007   3.3047078988961342E-007  0.94199997186660767        0.0000000000000000     
  0.40000000596046448        9.0000000000000000       0.50409996953010605        0.0000000000000000        0.0000000000000000        0.0000000000000000        2.3127264782657239E-007   2.2347826647813064E-007  0.94199997186660767        0.0000000000000000     
  0.40000000596046448        10.000000000000000        9.9999995529651692E-005   0.0000000000000000        0.0000000000000000        0.0000000000000000        1.4128664535803804E-006   1.1327483932757224E-006  0.94099998474121094        0.0000000000000000     
  0.40000000596046448        10.000000000000000        7.7049370915066029E-003   0.0000000000000000        0.0000000000000000        0.0000000000000000        1.3650218710408557E-006   1.1070915822813320E-006  0.94099998474121094        0.0000000000000000     
  0.40000000596046448        10.000000000000000        2.7408640681519936E-002   0.0000000000000000        0.0000000000000000        0.0000000000000000        1.2724766213368742E-006   1.0392079706544395E-006  0.94099998474121094        0.0000000000000000     
  0.40000000596046448        10.000000000000000        5.9211106953356074E-002   0.0000000000000000        0.0000000000000000        0.0000000000000000        1.1361971458560332E-006   9.3777770588055233E-007  0.94099998474121094        0.0000000000000000     
  0.40000000596046448        10.000000000000000       0.10311232764514955        0.0000000000000000        0.0000000000000000        0.0000000000000000        9.7096702070684085E-007   8.1315264147232860E-007  0.94099998474121094        0.0000000000000000     
  0.40000000596046448        10.000000000000000       0.15911234335428404        0.0000000000000000        0.0000000000000000        0.0000000000000000        7.9424694951515337E-007   6.7703675472796442E-007  0.94099998474121094        0.0000000000000000     
  0.40000000596046448        10.000000000000000       0.22721107550197317        0.0000000000000000        0.0000000000000000        0.0000000000000000        6.2096343273532357E-007   5.4051034402052911E-007  0.94099998474121094        0.0000000000000000     
  0.40000000596046448        10.000000000000000       0.30740862846256789        0.0000000000000000        0.0000000000000000        0.0000000000000000        4.6263372136049405E-007   4.1249133571301294E-007  0.94099998474121094        0.0000000000000000     
  0.40000000596046448        10.000000000000000       0.39970487931805110        0.0000000000000000        0.0000000000000000        0.0000000000000000        3.2626788544898456E-007   2.9926926981624902E-007  0.94099998474121094        0.0000000000000000     
  0.40000000596046448        10.000000000000000       0.50409996953010605        0.0000000000000000        0.0000000000000000        0.0000000000000000        2.1472238145698808E-007   2.0415188385819498E-007  0.94099998474121094        0.0000000000000000     
