 gamma g3f pt CX error R_dy tmp element 
  0.96969696969696972        0.0000000000000000        1.5000000000000000       0.78100000000000003       0.22750000000000001       0.89646566723367893       0.25759826706375888      Au
  0.96969696969696972        5.0505050505050509E-003   1.5000000000000000       0.78100000000000003       0.22750000000000001       0.89766154538171838       0.26296179052482993      Au
  0.96969696969696972        1.0101010101010102E-002   1.5000000000000000       0.78100000000000003       0.22750000000000001       0.89917273280766674       0.26981852006728052      Au
  0.96969696969696972        1.5151515151515152E-002   1.5000000000000000       0.78100000000000003       0.22750000000000001       0.90036853095863578       0.27530677325391201      Au
  0.96969696969696972        2.0202020202020204E-002   1.5000000000000000       0.78100000000000003       0.22750000000000001       0.90179643652617936       0.28193269561498890      Au
  0.96969696969696972        2.5252525252525252E-002   1.5000000000000000       0.78100000000000003       0.22750000000000001       0.90293824778945919       0.28728774348921227      Au
  0.96969696969696972        3.0303030303030304E-002   1.5000000000000000       0.78100000000000003       0.22750000000000001       0.90429836144748255       0.29373236924301976      Au
  0.96969696969696972        3.5353535353535352E-002   1.5000000000000000       0.78100000000000003       0.22750000000000001       0.90537976229261063       0.29890738351341756      Au
  0.96969696969696972        4.0404040404040407E-002   1.5000000000000000       0.78100000000000003       0.22750000000000001       0.90674484434661506       0.30550447298160982      Au
  0.96969696969696972        4.5454545454545456E-002   1.5000000000000000       0.78100000000000003       0.22750000000000001       0.90793013725839056       0.31129109517080278      Au
  0.96969696969696972        5.0505050505050504E-002   1.5000000000000000       0.78100000000000003       0.22750000000000001       0.90912781178586710       0.31719330811321483      Au
  0.96969696969696972        5.5555555555555552E-002   1.5000000000000000       0.78100000000000003       0.22750000000000001       0.91012175948503915       0.32213363163892839      Au
  0.96969696969696972        6.0606060606060608E-002   1.5000000000000000       0.78100000000000003       0.22750000000000001       0.91113041731695821       0.32718609851149744      Au
  0.96969696969696972        6.5656565656565663E-002   1.5000000000000000       0.78100000000000003       0.22750000000000001       0.91205350221780068       0.33184437519238891      Au
  0.96969696969696972        7.0707070707070704E-002   1.5000000000000000       0.78100000000000003       0.22750000000000001       0.91295908814608784       0.33644634115390837      Au
  0.96969696969696972        7.5757575757575760E-002   1.5000000000000000       0.78100000000000003       0.22750000000000001       0.91394279310760684       0.34148119771528945      Au
  0.96969696969696972        8.0808080808080815E-002   1.5000000000000000       0.78100000000000003       0.22750000000000001       0.91485395357988264       0.34617811160903983      Au
  0.96969696969696972        8.5858585858585856E-002   1.5000000000000000       0.78100000000000003       0.22750000000000001       0.91574386149387599       0.35079643927604548      Au
  0.96969696969696972        9.0909090909090912E-002   1.5000000000000000       0.78100000000000003       0.22750000000000001       0.91668805698094646       0.35572996125616840      Au
  0.96969696969696972        9.5959595959595953E-002   1.5000000000000000       0.78100000000000003       0.22750000000000001       0.91758499529310722       0.36044846640199230      Au
  0.96969696969696972       0.10101010101010101        1.5000000000000000       0.78100000000000003       0.22750000000000001       0.91847569211709079       0.36516490130318813      Au
  0.96969696969696972       0.10606060606060606        1.5000000000000000       0.78100000000000003       0.22750000000000001       0.91933219832618807       0.36972920359871164      Au
  0.96969696969696972       0.11111111111111110        1.5000000000000000       0.78100000000000003       0.22750000000000001       0.92016187119085491       0.37417754171409412      Au
  0.96969696969696972       0.11616161616161616        1.5000000000000000       0.78100000000000003       0.22750000000000001       0.92096866906760544       0.37852874426869876      Au
  0.96969696969696972       0.12121212121212122        1.5000000000000000       0.78100000000000003       0.22750000000000001       0.92174602121738813       0.38274493396498899      Au
  0.96969696969696972       0.12626262626262627        1.5000000000000000       0.78100000000000003       0.22750000000000001       0.92249911906335424       0.38685184293114921      Au
  0.96969696969696972       0.13131313131313133        1.5000000000000000       0.78100000000000003       0.22750000000000001       0.92323428002329577       0.39088207537727920      Au
  0.96969696969696972       0.13636363636363635        1.5000000000000000       0.78100000000000003       0.22750000000000001       0.92393825195713475       0.39476090081026594      Au
  0.96969696969696972       0.14141414141414141        1.5000000000000000       0.78100000000000003       0.22750000000000001       0.92460032019901972       0.39842631491386993      Au
  0.96969696969696972       0.14646464646464646        1.5000000000000000       0.78100000000000003       0.22750000000000001       0.92526654931695684       0.40213186333673578      Au
  0.96969696969696972       0.15151515151515152        1.5000000000000000       0.78100000000000003       0.22750000000000001       0.92591321291066153       0.40574499265481390      Au
  0.96969696969696972       0.15656565656565657        1.5000000000000000       0.78100000000000003       0.22750000000000001       0.92650420197477645       0.40906118183439738      Au
  0.96969696969696972       0.16161616161616163        1.5000000000000000       0.78100000000000003       0.22750000000000001       0.92709325598350900       0.41237994336651285      Au
  0.96969696969696972       0.16666666666666666        1.5000000000000000       0.78100000000000003       0.22750000000000001       0.92764230319576213       0.41548537783471212      Au
  0.96969696969696972       0.17171717171717171        1.5000000000000000       0.78100000000000003       0.22750000000000001       0.92819191699204606       0.41860568390857855      Au
  0.96969696969696972       0.17676767676767677        1.5000000000000000       0.78100000000000003       0.22750000000000001       0.92870573499151665       0.42153332494885420      Au
  0.96969696969696972       0.18181818181818182        1.5000000000000000       0.78100000000000003       0.22750000000000001       0.92919687456326960       0.42434128497179480      Au
  0.96969696969696972       0.18686868686868688        1.5000000000000000       0.78100000000000003       0.22750000000000001       0.92967219803834589       0.42706769654975252      Au
  0.96969696969696972       0.19191919191919191        1.5000000000000000       0.78100000000000003       0.22750000000000001       0.93011383240020640       0.42960869485476311      Au
  0.96969696969696972       0.19696969696969696        1.5000000000000000       0.78100000000000003       0.22750000000000001       0.93055173897933352       0.43213568664156882      Au
  0.96969696969696972       0.20202020202020202        1.5000000000000000       0.78100000000000003       0.22750000000000001       0.93095394173113111       0.43446317383317867      Au
  0.96969696969696972       0.20707070707070707        1.5000000000000000       0.78100000000000003       0.22750000000000001       0.93134708741879568       0.43674429069561616      Au
  0.96969696969696972       0.21212121212121213        1.5000000000000000       0.78100000000000003       0.22750000000000001       0.93171842924304760       0.43890438185710007      Au
  0.96969696969696972       0.21717171717171718        1.5000000000000000       0.78100000000000003       0.22750000000000001       0.93205961631854439       0.44089376031505051      Au
  0.96969696969696972       0.22222222222222221        1.5000000000000000       0.78100000000000003       0.22750000000000001       0.93239060805123686       0.44282799094067304      Au
  0.96969696969696972       0.22727272727272727        1.5000000000000000       0.78100000000000003       0.22750000000000001       0.93270840599906568       0.44468910422948610      Au
  0.96969696969696972       0.23232323232323232        1.5000000000000000       0.78100000000000003       0.22750000000000001       0.93299733621714531       0.44638454712441311      Au
  0.96969696969696972       0.23737373737373738        1.5000000000000000       0.78100000000000003       0.22750000000000001       0.93326549167442008       0.44796097002493190      Au
  0.96969696969696972       0.24242424242424243        1.5000000000000000       0.78100000000000003       0.22750000000000001       0.93352001214880242       0.44945980641701883      Au
  0.96969696969696972       0.24747474747474749        1.5000000000000000       0.78100000000000003       0.22750000000000001       0.93375032109109946       0.45081822182700587      Au
  0.96969696969696972       0.25252525252525254        1.5000000000000000       0.78100000000000003       0.22750000000000001       0.93397075597460599       0.45212031751609599      Au
  0.96969696969696972       0.25757575757575757        1.5000000000000000       0.78100000000000003       0.22750000000000001       0.93416478289745508       0.45326797671826180      Au
  0.96969696969696972       0.26262626262626265        1.5000000000000000       0.78100000000000003       0.22750000000000001       0.93435982012485175       0.45442307796115200      Au
  0.96969696969696972       0.26767676767676768        1.5000000000000000       0.78100000000000003       0.22750000000000001       0.93452235956854268       0.45538683516469797      Au
  0.96969696969696972       0.27272727272727271        1.5000000000000000       0.78100000000000003       0.22750000000000001       0.93467459311925438       0.45629041073046006      Au
  0.96969696969696972       0.27777777777777779        1.5000000000000000       0.78100000000000003       0.22750000000000001       0.93480707508907857       0.45707748044839880      Au
  0.96969696969696972       0.28282828282828282        1.5000000000000000       0.78100000000000003       0.22750000000000001       0.93491726393013452       0.45773262428670314      Au
  0.96969696969696972       0.28787878787878790        1.5000000000000000       0.78100000000000003       0.22750000000000001       0.93501918088503544       0.45833900409124029      Au
  0.96969696969696972       0.29292929292929293        1.5000000000000000       0.78100000000000003       0.22750000000000001       0.93510297792980202       0.45883787575091001      Au
  0.96969696969696972       0.29797979797979796        1.5000000000000000       0.78100000000000003       0.22750000000000001       0.93516859658402374       0.45922871484482447      Au
  0.96969696969696972       0.30303030303030304        1.5000000000000000       0.78100000000000003       0.22750000000000001       0.93522522760266491       0.45956615537435158      Au
  0.96969696969696972       0.30808080808080807        1.5000000000000000       0.78100000000000003       0.22750000000000001       0.93527198998559224       0.45984488625266828      Au
  0.96969696969696972       0.31313131313131315        1.5000000000000000       0.78100000000000003       0.22750000000000001       0.93529380609668344       0.45997495181356723      Au
  0.96969696969696972       0.31818181818181818        1.5000000000000000       0.78100000000000003       0.22750000000000001       0.93531584480661911       0.46010636316156106      Au
  0.96969696969696972       0.32323232323232326        1.5000000000000000       0.78100000000000003       0.22750000000000001       0.93529649386977709       0.45999097733135902      Au
  0.96969696969696972       0.32828282828282829        1.5000000000000000       0.78100000000000003       0.22750000000000001       0.93528180733351662       0.45990341406296498      Au
  0.96969696969696972       0.33333333333333331        1.5000000000000000       0.78100000000000003       0.22750000000000001       0.93525398490870626       0.45973755556508378      Au
  0.96969696969696972       0.33838383838383840        1.5000000000000000       0.78100000000000003       0.22750000000000001       0.93520384269693979       0.45943871711150902      Au
  0.96969696969696972       0.34343434343434343        1.5000000000000000       0.78100000000000003       0.22750000000000001       0.93514701976670511       0.45910018022860943      Au
  0.96969696969696972       0.34848484848484851        1.5000000000000000       0.78100000000000003       0.22750000000000001       0.93507579715816147       0.45867602984997768      Au
  0.96969696969696972       0.35353535353535354        1.5000000000000000       0.78100000000000003       0.22750000000000001       0.93498955151534269       0.45816267553959894      Au
  0.96969696969696972       0.35858585858585856        1.5000000000000000       0.78100000000000003       0.22750000000000001       0.93489151400048620       0.45757948231106060      Au
  0.96969696969696972       0.36363636363636365        1.5000000000000000       0.78100000000000003       0.22750000000000001       0.93477849591952644       0.45690763545024610      Au
  0.96969696969696972       0.36868686868686867        1.5000000000000000       0.78100000000000003       0.22750000000000001       0.93467288680377414       0.45628027800711163      Au
  0.96969696969696972       0.37373737373737376        1.5000000000000000       0.78100000000000003       0.22750000000000001       0.93453229144392524       0.45544575806829879      Au
  0.96969696969696972       0.37878787878787878        1.5000000000000000       0.78100000000000003       0.22750000000000001       0.93442135882625310       0.45478784386608190      Au
  0.96969696969696972       0.38383838383838381        1.5000000000000000       0.78100000000000003       0.22750000000000001       0.93426631630498602       0.45386912138534019      Au
  0.96969696969696972       0.38888888888888890        1.5000000000000000       0.78100000000000003       0.22750000000000001       0.93410443735137549       0.45291088007112673      Au
  0.96969696969696972       0.39393939393939392        1.5000000000000000       0.78100000000000003       0.22750000000000001       0.93388797354850661       0.45163110649957922      Au
  0.96969696969696972       0.39898989898989901        1.5000000000000000       0.78100000000000003       0.22750000000000001       0.93369359195729140       0.45048343001704710      Au
  0.96969696969696972       0.40404040404040403        1.5000000000000000       0.78100000000000003       0.22750000000000001       0.93351243923760152       0.44941517444179374      Au
  0.96969696969696972       0.40909090909090912        1.5000000000000000       0.78100000000000003       0.22750000000000001       0.93330437157697166       0.44818976648146341      Au
  0.96969696969696972       0.41414141414141414        1.5000000000000000       0.78100000000000003       0.22750000000000001       0.93308586419815986       0.44690467506631787      Au
  0.96969696969696972       0.41919191919191917        1.5000000000000000       0.78100000000000003       0.22750000000000001       0.93285082695368260       0.44552442741731185      Au
  0.96969696969696972       0.42424242424242425        1.5000000000000000       0.78100000000000003       0.22750000000000001       0.93262226107569668       0.44418422999554091      Au
  0.96969696969696972       0.42929292929292928        1.5000000000000000       0.78100000000000003       0.22750000000000001       0.93236426692932195       0.44267390514287680      Au
  0.96969696969696972       0.43434343434343436        1.5000000000000000       0.78100000000000003       0.22750000000000001       0.93211780406125211       0.44123348782601085      Au
  0.96969696969696972       0.43939393939393939        1.5000000000000000       0.78100000000000003       0.22750000000000001       0.93179112745485337       0.43932789023752344      Au
  0.96969696969696972       0.44444444444444442        1.5000000000000000       0.78100000000000003       0.22750000000000001       0.93153507327508023       0.43783713630592946      Au
  0.96969696969696972       0.44949494949494950        1.5000000000000000       0.78100000000000003       0.22750000000000001       0.93123903720720946       0.43611676466029242      Au
  0.96969696969696972       0.45454545454545453        1.5000000000000000       0.78100000000000003       0.22750000000000001       0.93095904092499615       0.43449272223440955      Au
  0.96969696969696972       0.45959595959595961        1.5000000000000000       0.78100000000000003       0.22750000000000001       0.93066321633413140       0.43278016323587987      Au
  0.96969696969696972       0.46464646464646464        1.5000000000000000       0.78100000000000003       0.22750000000000001       0.93035491232246148       0.43099895828716622      Au
  0.96969696969696972       0.46969696969696972        1.5000000000000000       0.78100000000000003       0.22750000000000001       0.93005128135754567       0.42924834149163110      Au
  0.96969696969696972       0.47474747474747475        1.5000000000000000       0.78100000000000003       0.22750000000000001       0.92972381791356018       0.42736430894405592      Au
  0.96969696969696972       0.47979797979797978        1.5000000000000000       0.78100000000000003       0.22750000000000001       0.92940080261389391       0.42550992810429444      Au
  0.96969696969696972       0.48484848484848486        1.5000000000000000       0.78100000000000003       0.22750000000000001       0.92905354449029975       0.42352087015850565      Au
  0.96969696969696972       0.48989898989898989        1.5000000000000000       0.78100000000000003       0.22750000000000001       0.92872041904255664       0.42161714193181543      Au
  0.96969696969696972       0.49494949494949497        1.5000000000000000       0.78100000000000003       0.22750000000000001       0.92838803484728549       0.41972192375113404      Au
  0.96969696969696972       0.50000000000000000        1.5000000000000000       0.78100000000000003       0.22750000000000001       0.92805264348234751       0.41781388634505762      Au
