 pt up dp u1 d1 u2 d2
   0.0000000000000000        0.0000000000000000        0.0000000000000000        0.0000000000000000        0.0000000000000000        0.0000000000000000        0.0000000000000000     
   9.9999997764825821E-003  0.50501614721135213       0.23773563963325686       0.35987413504768567       0.17579188349533037       0.30128083699978653       0.15231033687126211     
   1.9999999552965164E-002  0.50442221632336692       0.23745604750470251       0.35952908296008790       0.17562333190888538       0.30101451045850208       0.15217569742447640     
   2.9999999329447746E-002  0.50340514860689778       0.23697726431042193       0.35893102102565833       0.17533118967452804       0.30055014192305957       0.15194093928728464     
   3.9999999105930328E-002  0.50191842193332947       0.23627738982392826       0.35804097615437330       0.17489641915594717       0.29985309072843119       0.15158855012331515     
   4.9999997019767761E-002  0.50007257103990388       0.23540845811701289       0.35694792647444923       0.17436248452915776       0.29900162160595850       0.15115809609852296     
   5.9999998658895493E-002  0.49777061608060402       0.23432481606382716       0.35557090104487027       0.17368983298154209       0.29792381639596993       0.15061321951012227     
   7.0000000298023224E-002  0.49507998412213550       0.23305820486100456       0.35396285736238442       0.17290433327440294       0.29666592982140982       0.14997730409703144     
   7.9999998211860657E-002  0.49203103456774094       0.23162291615483935       0.35214616321797365       0.17201691166145877       0.29524713598077396       0.14926004318535169     
   8.9999996125698090E-002  0.48856192995906350       0.22998984004895107       0.35006749964535988       0.17100152281020248       0.29361967854634219       0.14843729391078653     
   9.9999994039535522E-002  0.48472423949078941       0.22818325266906722       0.34776588285315219       0.16987722541957992       0.29181726324887280       0.14752609596048441     
  0.10999999940395355       0.48052656084710865       0.22620720136290434       0.34524492922376437       0.16864578602576025       0.28984226337210767       0.14652764913078789     
  0.11999999731779099       0.47600126593465975       0.22407692515989430       0.34252741005725457       0.16731832798921067       0.28771390139097042       0.14545167120414920     
  0.12999999523162842       0.47111050359242229       0.22177460567932641       0.33957846464317853       0.16587782249526445       0.28540043802843623       0.14428211661980908     
  0.14000000059604645       0.46589631120436892       0.21932003196046684       0.33642826211471882       0.16433900660954839       0.28292749864077249       0.14303194009033557     
  0.14999999105930328       0.46037196483434495       0.21671945369166207       0.33308328491743727       0.16270504688726617       0.28029974284611725       0.14170349725180340     
  0.15999999642372131       0.45457268348924862       0.21398945017077925       0.32956777057474701       0.16098778291197524       0.27753746258261808       0.14030704654602327     
  0.17000000178813934       0.44846711723488503       0.21111526346047407       0.32585140240013671       0.15917240554096670       0.27461272524131713       0.13882846684560277     
  0.17999999225139618       0.44209694238018499       0.20811651262444600       0.32196341438854936       0.15727319504206927       0.27155015399734989       0.13728020621772485     
  0.18999999761581421       0.43547810559684547       0.20500070453592378       0.31791191903518151       0.15529411421969580       0.26835568711868885       0.13566526671059229     
  0.19999998807907104       0.42862679154311206       0.20177545809996986       0.31370516957909661       0.15323919462904464       0.26503536816260576       0.13398670360064774     
  0.20999999344348907       0.42157848095781986       0.19845747582439119       0.30936713440734237       0.15112014438551824       0.26160909596370635       0.13225457659906423     
  0.21999999880790710       0.41431010787261197       0.19503589943708829       0.30487394645483479       0.14892530486762617       0.25805451776091914       0.13045758542998384     
  0.22999998927116394       0.40686081244126365       0.19152915411029489       0.30025256499792335       0.14666784518508144       0.25439415518816960       0.12860711574170811     
  0.23999999463558197       0.39924787033604003       0.18794537234238456       0.29551214532776782       0.14435223752890866       0.25063481322802811       0.12670660774370415     
  0.25000000000000000       0.39148867460620446       0.18429274188678832       0.29066199198939208       0.14198302699789553       0.24678343040585360       0.12475956915702496     
  0.25999999046325684       0.38361866372914577       0.18058794535679684       0.28572624883210873       0.13957200741752745       0.24286006328939808       0.12277613943368883     
  0.26999998092651367       0.37562044868415562       0.17682279689541644       0.28068264747214750       0.13710830109267655       0.23884380446574316       0.12074574898308912     
  0.28000000119209290       0.36752673225157428       0.17301269129040767       0.27555765626898582       0.13460483732920994       0.23475680143519903       0.11867959431299809     
  0.28999999165534973       0.35935534138604469       0.16916602055554703       0.27036163746075836       0.13206667788950899       0.23060600375221985       0.11658118872014760     
  0.29999998211860657       0.35112237810279828       0.16529036469181371       0.26510391984314319       0.12949837971835892       0.22639936622884030       0.11445455370193137     
  0.31000000238418579       0.34284429607296529       0.16139346924170583       0.25979175569983110       0.12690348542270363       0.22214350984855030       0.11230303644841910     
  0.31999999284744263       0.33453646982365209       0.15748257174219307       0.25443489395306923       0.12428675717141499       0.21784493371592367       0.11012992253468017     
  0.32999998331069946       0.32621450513028294       0.15356501859006483       0.24904235679941095       0.12165260214125546       0.21350994377685040       0.10793839988581609     
  0.34000000357627869       0.31789325682017261       0.14964780267434605       0.24362241331121509       0.11900505962169661       0.20914550908219620       0.10573199165482762     
  0.34999999403953552       0.30958676226466714       0.14573753206781687       0.23818394040968341       0.11634846582516860       0.20475829855308730       0.10351406926630820     
  0.35999998450279236       0.30130970632122722       0.14184111964643245       0.23273529453471023       0.11368690271857387       0.20035470864897578       0.10128786640383204     
  0.37000000476837158       0.29307443513753834       0.13796437734181813       0.22728481226389710       0.11102444256645112       0.19594130147819164        9.9056700493559982E-002
  0.37999999523162842       0.28489375911321679       0.13411333563154063       0.22183996444959786       0.10836473474250795       0.19152417489943727        9.6823654263628059E-002
  0.38999998569488525       0.27677973852234833       0.13029367187263055       0.21640856572581602       0.10571159655145343       0.18710923283259120        9.4591712397810335E-002
  0.39999997615814209       0.26874319457965551       0.12651048013666971       0.21099781292970965       0.10306854351562153       0.18270249228534510        9.2363916750602376E-002
  0.40999999642372131       0.26079453230811256       0.12276865857356010       0.20561495825257356       0.10043911819682216       0.17830944403054302        9.0143043142298179E-002
  0.41999998688697815       0.25294425132965992       0.11907314986553408       0.20026680692254420        9.7826644823598596E-002  0.17393567265906207        8.7931914822216531E-002
  0.42999997735023499       0.24520114591702505       0.11542809390408570       0.19495933965503337        9.5234044865221829E-002  0.16958579281299210        8.5732864689117907E-002
  0.43999999761581421       0.23757380842281453       0.11183753552709580       0.18969898163282897        9.2664456905085235E-002  0.16526537263174332        8.3548707675401637E-002
  0.44999998807907104       0.23006964380248685       0.10830496060691168       0.18449110166903343        9.0120503509457384E-002  0.16097892177006545        8.1381723604241687E-002
  0.45999997854232788       0.22269583553441274       0.10483375075585326       0.17934143676288811        8.7604987096750617E-002  0.15673103050675016        7.9234233057710518E-002
  0.46999999880790710       0.21545842156366901       0.10142674832805698       0.17425434917227364        8.5120038549555521E-002  0.15252539602218160        7.7108105118473283E-002
  0.47999998927116394       0.20836364452200337        9.8086892033620809E-002  0.16923532389919912        8.2668337190280217E-002  0.14836662626786848        7.5005669302915856E-002
  0.48999997973442078       0.20141634879552484        9.4816462360478956E-002  0.16428856303134168        8.0251935661322216E-002  0.14425833692715656        7.2928753493468376E-002
  0.50000000000000000       0.19462051657860377        9.1617333921019659E-002  0.15941770330361807        7.7872610440673506E-002  0.14020372128043099        7.0878972029814538E-002
  0.50999999046325684       0.18798004885854636        8.8491343099519851E-002  0.15462660079296417        7.5532245150860669E-002  0.13620595330275467        6.8857929491973169E-002
  0.51999998092651367       0.18149816185768841        8.5440003928112115E-002  0.14991871763839293        7.3232530982993677E-002  0.13226854767878318        6.6867402703220530E-002
  0.52999997138977051       0.17517703487375319        8.2464342308128352E-002  0.14529670687309862        7.0974763894900192E-002  0.12839376038498557        6.4908532156059795E-002
  0.53999996185302734       0.16901850710139238        7.9565224037859150E-002  0.14076354501893926        6.8760397862658723E-002  0.12458420076822022        6.2982636986825782E-002
  0.55000001192092896       0.16302441382081173        7.6743513072875177E-002  0.13632097003123561        6.6590281845418001E-002  0.12084188426405783        6.1090736084319114E-002
  0.56000000238418579       0.15719544807185237        7.3999535660704857E-002  0.13197172171991947        6.4465754189842406E-002  0.11716938396155185        5.9234130255004798E-002
  0.56999999284744263       0.15151330246840800        7.1324673625137530E-002  0.12771738598174553        6.2387589577273091E-002  0.11356799539447909        5.7413474446565360E-002
  0.57999998331069946       0.14601516330803038        6.8736432363342703E-002  0.12355908594796763        6.0356336636631362E-002  0.11003949620272381        5.5629667331920998E-002
  0.58999997377395630       0.14068205888291163        6.6225880970604944E-002  0.11949811549616957        5.8372627403274313E-002  0.10658479819351670        5.3883169868588481E-002
  0.59999996423721313       0.13551251624872743        6.3792326060458995E-002  0.11553548845966810        5.6436957116095129E-002  0.10320549051899938        5.2174785440880125E-002
  0.61000001430511475       0.13050603225338375        6.1435530774765705E-002  0.11167150254880510        5.4549471201109853E-002   9.9902268069880534E-002   5.0504865345741910E-002
  0.62000000476837158       0.12566023946460511        5.9154380648117594E-002  0.10790685193287662        5.2710508747227880E-002   9.6675801683245452E-002   4.8873748719985413E-002
  0.62999999523162842       0.12097394977227736        5.6948316379352756E-002  0.10424135650495749        5.0919981775535278E-002   9.3526713828371022E-002   4.7281750248428199E-002
  0.63999998569488525       0.11644454233447954        5.4816104210830011E-002  0.10067484088273068        4.9177804615001937E-002   9.0455275299009402E-002   4.5729006828883222E-002
  0.64999997615814209       0.11206913672410328        5.2756388185547336E-002   9.7207575729992002E-002   4.7484109479904550E-002   8.7461736657767492E-002   4.4215645131454651E-002
  0.65999996662139893       0.10784578552367147        5.0768251559471629E-002   9.3838561885191005E-002   4.5838408298237397E-002   8.4545873843646355E-002   4.2741551883733388E-002
  0.66999995708465576       0.10377079644065101        4.8849956191096056E-002   9.0567361427561527E-002   4.4240487153775959E-002   8.1707456833714262E-002   4.1306610799298683E-002
  0.68000000715255737        9.9841790815818357E-002   4.7000382329943143E-002   8.7392860656715643E-002   4.2689802024403076E-002   7.8946757491311872E-002   3.9910959316685889E-002
  0.68999999761581421        9.6055181223447972E-002   4.5217841200408011E-002   8.4314317174091130E-002   4.1185990262101423E-002   7.6262474960031509E-002   3.8553939797395173E-002
  0.69999998807907104        9.2407156312657293E-002   4.3500538614433627E-002   8.1330298000357695E-002   3.9728351882874033E-002   7.3654451657066758E-002   3.7235472576584321E-002
  0.70999997854232788        8.8894970857724770E-002   4.1847182260880141E-002   7.8439430506245356E-002   3.8316216382616161E-002   7.1122404993134616E-002   3.5955414793295823E-002
  0.71999996900558472        8.5514650615443319E-002   4.0255901270358267E-002   7.5641005461139860E-002   3.6949237315241891E-002   6.8664661501080984E-002   3.4712920438375712E-002
  0.72999995946884155        8.2262134387561150E-002   3.8724783839513999E-002   7.2932455129313900E-002   3.5626160389164704E-002   6.6280890473197782E-002   3.3507822324946375E-002
  0.74000000953674316        7.9134457121993629E-002   3.7252434174256846E-002   7.0313170781273929E-002   3.4346688251244116E-002   6.3969997944894455E-002   3.2339567407162116E-002
  0.75000000000000000        7.6127134881676578E-002   3.5836741467532580E-002   6.7780434421568905E-002   3.3109493210787370E-002   6.1730558185435942E-002   3.1207434917214654E-002
  0.75999999046325684        7.3237138481421243E-002   3.4476279734682327E-002   6.5333149068516491E-002   3.1914039412456977E-002   5.9561791355819314E-002   3.0111030613165401E-002
  0.76999998092651367        7.0460302679041645E-002   3.3169088193816691E-002   6.2969377248684386E-002   3.0759380436183471E-002   5.7462386573955256E-002   2.9049691788104050E-002
  0.77999997138977051        6.7792519066630197E-002   3.1913232817702662E-002   6.0686974283590801E-002   2.9644468646048965E-002   5.5430844095234154E-002   2.8022660257046184E-002
  0.78999996185302734        6.5230756902985312E-002   3.0707286889190600E-002   5.8483894571036740E-002   2.8568304803073933E-002   5.3465745382106647E-002   2.7029218888646279E-002
  0.79999995231628418        6.2770606384187369E-002   2.9549174499299502E-002   5.6358838417191352E-002   2.7530254030771778E-002   5.1566223695396429E-002   2.6068929509214859E-002
  0.81000000238418579        6.0409096015147490E-002   2.8437496820903817E-002   5.4308775351249665E-002   2.6528835999997329E-002   4.9730031616910891E-002   2.5140655952823113E-002
  0.81999999284744263        5.8142280484821278E-002   2.7370396604389023E-002   5.2332656230939759E-002   2.5563538224083578E-002   4.7956249381510142E-002   2.4243933238891128E-002
  0.82999998331069946        5.5966301901547721E-002   2.6346057752692241E-002   5.0427447767010539E-002   2.4632878997126410E-002   4.6243059671642314E-002   2.3377842635742222E-002
  0.83999997377395630        5.3878316642946837E-002   2.5363141634585324E-002   4.8591567708666225E-002   2.3736085418768541E-002   4.4589310861817215E-002   2.2541801947482044E-002
  0.84999996423721313        5.1874620355984793E-002   2.4419904431097754E-002   4.6823405228427463E-002   2.2872370629469337E-002   4.2993130341062884E-002   2.1734864489247326E-002
  0.85999995470046997        4.9951552271873874E-002   2.3514622840481444E-002   4.5119991749658105E-002   2.2040284534244600E-002   4.1452908211416166E-002   2.0956216388826547E-002
  0.87000000476837158        4.8106541214783305E-002   2.2646086485337374E-002   4.3480165129976635E-002   2.1239259447956092E-002   3.9967581980705456E-002   2.0205320511026557E-002
  0.87999999523162842        4.6335792284995563E-002   2.1812508921971219E-002   4.1901018624638867E-002   2.0467875479359358E-002   3.8534871789513633E-002   1.9481024289493290E-002
  0.88999998569488525        4.4636910108558116E-002   2.1012762531470431E-002   4.0381160445832599E-002   1.9725452765754953E-002   3.7153578224760855E-002   1.8782721369663895E-002
  0.89999997615814209        4.3006599259126768E-002   2.0245295996527350E-002   3.8918538743172630E-002   1.9010989016039606E-002   3.5822508298627570E-002   1.8109808645218987E-002
  0.90999996662139893        4.1441673188009502E-002   1.9508609253835695E-002   3.7510988537679271E-002   1.8323426677876214E-002   3.4539398264964584E-002   1.7461141695750030E-002
  0.91999995708465576        3.9940014597858835E-002   1.8801705588652771E-002   3.6156801527669299E-002   1.7661931277371753E-002   3.3303221493466012E-002   1.6836201515769363E-002
  0.93000000715255737        3.8498295232156018E-002   1.8123018228912668E-002   3.4853876327342499E-002   1.7025476326285503E-002   3.2112408661929798E-002   1.6234194745846468E-002
  0.93999999761581421        3.7114608044606527E-002   1.7471649435259511E-002   3.3600321877433302E-002   1.6413138077013181E-002   3.0965318723358129E-002   1.5654291766601859E-002
  0.94999998807907104        3.5786131563754986E-002   1.6846271003981752E-002   3.2394929867166154E-002   1.5824326292006727E-002   2.9860430442496592E-002   1.5095723528611851E-002
  0.95999997854232788        3.4510173739114337E-002   1.6245615656106178E-002   3.1235066583029995E-002   1.5257754450747943E-002   2.8796440618241371E-002   1.4557831208032466E-002
  0.96999996900558472        3.3285084855583479E-002   1.5668906790573794E-002   3.0119884370329485E-002   1.4713008489538104E-002   2.7772280942721463E-002   1.4040074729586051E-002
  0.97999995946884155        3.2108344061177838E-002   1.5114957719865174E-002   2.9046844491994305E-002   1.4188848282100180E-002   2.6785876719828114E-002   1.3541405245737579E-002
  0.98999994993209839        3.0977520074204283E-002   1.4582623921549468E-002   2.8014920407870739E-002   1.3684772382485331E-002   2.5836352793068042E-002   1.3061380327484147E-002
   1.0000000000000000        2.9891234412429347E-002   1.4071256477057797E-002   2.7022463411171406E-002   1.3199975427809004E-002   2.4922326558128580E-002   1.2599301009266850E-002
