 z up dp u1 d1 u2 d2
   0.0000000000000000        0.0000000000000000        0.0000000000000000        0.0000000000000000        0.0000000000000000        0.0000000000000000        0.0000000000000000     
  0.20000000298023224        3.5295540602887847        2.4858200101447201        2.7782184995685744        1.9341926101753584        2.5185662527246260        1.7769610623111061     
  0.25000000000000000        2.0406650290499009        1.3383818060117090        1.5639606290580557        1.0229976387835287        1.3905431749870043       0.92572105321358800     
  0.30000001192092896        1.2451865022139723       0.73108528670562123       0.92498245868584206       0.55007150763925539       0.80436836985794857       0.49046313083152848     
  0.35000002384185791       0.78395255551320098       0.40940474911012514       0.56404634890355709       0.30285490800323467       0.47936470091019528       0.26557916450915209     
  0.40000000596046448       0.50501612077702818       0.23773562441904605       0.35250710434613597       0.17219322287069605       0.29304241794632985       0.14814546241116475     
  0.45000001788139343       0.33354738952343410       0.14325603825581215       0.22647551630822249       0.10136438181198676       0.18460291290548822        8.5444436057489567E-002
  0.50000000000000000       0.22686842895615758        8.8716247833424966E-002  0.15082392983062165        6.1503544057719559E-002  0.12105619137628003        5.0877155831465182E-002
  0.55000001192092896       0.15925241995902625        5.5329541174992926E-002  0.10425504068967768        3.7666670894223583E-002   8.2758469014169708E-002   3.0665521817501817E-002
  0.60000002384185791       0.11477604545033089        3.3876431146092130E-002   7.4346685888413894E-002   2.2726617605624059E-002   5.8573541720702983E-002   1.8266856955857502E-002
  0.64999997615814209        8.3915096358470040E-002   1.9870183580253005E-002   5.3915624996384713E-002   1.3170064729363107E-002   4.2237931021509925E-002   1.0477185135941086E-002
  0.70000004768371582        6.1094045659967802E-002   1.0857149847078220E-002   3.8944461985527978E-002   7.1123782299424027E-003   3.0341535988636682E-002   5.6072661993645072E-003
  0.75000000000000000        4.3297264161147944E-002   5.3381343958756418E-003   2.7337707941542059E-002   3.4490538856763449E-003   2.1157312503083996E-002   2.6949276168115491E-003
  0.80000007152557373        2.9003880663741835E-002   2.2365708871051604E-003   1.8080337088637835E-002   1.4278581357562799E-003   1.3870629454098784E-002   1.1046608542669362E-003
  0.85000002384185791        1.7573282422400052E-002   7.2917604989234254E-004   1.0761746719500823E-002   4.5771624930398457E-004   8.1574223694776803E-003   3.4976539572815438E-004
  0.89999997615814209        8.8199515522830469E-003   1.4698810278852264E-004   5.2610239499448789E-003   9.2284248926823991E-005   3.9189801730101581E-003   6.9311792421951056E-005
