 gamma g3f pt DY-RATIO error R_dy tmp element 
  0.80808080808080807        0.0000000000000000        1.7500000000000000        1.0620000000000001        6.6000000000000003E-002  0.98874240975988525        1.2320189457733155      Fe
  0.80808080808080807        5.0505050505050509E-003   1.7500000000000000        1.0620000000000001        6.6000000000000003E-002  0.99004466337304375        1.1886066274331033      Fe
  0.80808080808080807        1.0101010101010102E-002   1.7500000000000000        1.0620000000000001        6.6000000000000003E-002  0.99120700295697084        1.1505161685799685      Fe
  0.80808080808080807        1.5151515151515152E-002   1.7500000000000000        1.0620000000000001        6.6000000000000003E-002  0.99228013162522966        1.1158999187776191      Fe
  0.80808080808080807        2.0202020202020204E-002   1.7500000000000000        1.0620000000000001        6.6000000000000003E-002  0.99366377679723272        1.0720476128600633      Fe
  0.80808080808080807        2.5252525252525252E-002   1.7500000000000000        1.0620000000000001        6.6000000000000003E-002  0.99458524818636906        1.0433307534649823      Fe
  0.80808080808080807        3.0303030303030304E-002   1.7500000000000000        1.0620000000000001        6.6000000000000003E-002  0.99581818111129783        1.0055172523914100      Fe
  0.80808080808080807        3.5353535353535352E-002   1.7500000000000000        1.0620000000000001        6.6000000000000003E-002  0.99703783995099360       0.96879757535186639      Fe
  0.80808080808080807        4.0404040404040407E-002   1.7500000000000000        1.0620000000000001        6.6000000000000003E-002  0.99824757115594409       0.93305146545372331      Fe
  0.80808080808080807        4.5454545454545456E-002   1.7500000000000000        1.0620000000000001        6.6000000000000003E-002  0.99944103837313669       0.89844437094383889      Fe
  0.80808080808080807        5.0505050505050504E-002   1.7500000000000000        1.0620000000000001        6.6000000000000003E-002   1.0002928030383478       0.87414558238387219      Fe
  0.80808080808080807        5.5555555555555552E-002   1.7500000000000000        1.0620000000000001        6.6000000000000003E-002   1.0014603713181218       0.84137893501829508      Fe
  0.80808080808080807        6.0606060606060608E-002   1.7500000000000000        1.0620000000000001        6.6000000000000003E-002   1.0026144359243807       0.80960634081255523      Fe
  0.80808080808080807        6.5656565656565663E-002   1.7500000000000000        1.0620000000000001        6.6000000000000003E-002   1.0038889041449770       0.77522944478229505      Fe
  0.80808080808080807        7.0707070707070704E-002   1.7500000000000000        1.0620000000000001        6.6000000000000003E-002   1.0048909298197857       0.74872495336286760      Fe
  0.80808080808080807        7.5757575757575760E-002   1.7500000000000000        1.0620000000000001        6.6000000000000003E-002   1.0060050980300319       0.71979546524938998      Fe
  0.80808080808080807        8.0808080808080815E-002   1.7500000000000000        1.0620000000000001        6.6000000000000003E-002   1.0069034828736065       0.69688388417331815      Fe
  0.80808080808080807        8.5858585858585856E-002   1.7500000000000000        1.0620000000000001        6.6000000000000003E-002   1.0079910156300282       0.66964425910832404      Fe
  0.80808080808080807        9.0909090909090912E-002   1.7500000000000000        1.0620000000000001        6.6000000000000003E-002   1.0087388608410077       0.65122794869456979      Fe
  0.80808080808080807        9.5959595959595953E-002   1.7500000000000000        1.0620000000000001        6.6000000000000003E-002   1.0100107419586288       0.62049654538390320      Fe
  0.80808080808080807       0.10101010101010101        1.7500000000000000        1.0620000000000001        6.6000000000000003E-002   1.0110581744576093       0.59574600312015136      Fe
  0.80808080808080807       0.10606060606060606        1.7500000000000000        1.0620000000000001        6.6000000000000003E-002   1.0118920123822464       0.57640276012418690      Fe
  0.80808080808080807       0.11111111111111110        1.7500000000000000        1.0620000000000001        6.6000000000000003E-002   1.0127895941849441       0.55593756668560490      Fe
  0.80808080808080807       0.11616161616161616        1.7500000000000000        1.0620000000000001        6.6000000000000003E-002   1.0137970277658346       0.53340829481352792      Fe
  0.80808080808080807       0.12121212121212122        1.7500000000000000        1.0620000000000001        6.6000000000000003E-002   1.0145930429804269       0.51593654128917832      Fe
  0.80808080808080807       0.12626262626262627        1.7500000000000000        1.0620000000000001        6.6000000000000003E-002   1.0155738015766187       0.49480989440936124      Fe
  0.80808080808080807       0.13131313131313133        1.7500000000000000        1.0620000000000001        6.6000000000000003E-002   1.0167635105764303       0.46977501730228088      Fe
  0.80808080808080807       0.13636363636363635        1.7500000000000000        1.0620000000000001        6.6000000000000003E-002   1.0176425935040165       0.45169410262854010      Fe
  0.80808080808080807       0.14141414141414141        1.7500000000000000        1.0620000000000001        6.6000000000000003E-002   1.0184628248531575       0.43514362253600597      Fe
  0.80808080808080807       0.14646464646464646        1.7500000000000000        1.0620000000000001        6.6000000000000003E-002   1.0193899931897463       0.41680731872586524      Fe
  0.80808080808080807       0.15151515151515152        1.7500000000000000        1.0620000000000001        6.6000000000000003E-002   1.0201112228662386       0.40281672400411828      Fe
  0.80808080808080807       0.15656565656565657        1.7500000000000000        1.0620000000000001        6.6000000000000003E-002   1.0208939828204791       0.38790281183725339      Fe
  0.80808080808080807       0.16161616161616163        1.7500000000000000        1.0620000000000001        6.6000000000000003E-002   1.0219224318299649       0.36873541561611922      Fe
  0.80808080808080807       0.16666666666666666        1.7500000000000000        1.0620000000000001        6.6000000000000003E-002   1.0227966981445025       0.35282343351084949      Fe
  0.80808080808080807       0.17171717171717171        1.7500000000000000        1.0620000000000001        6.6000000000000003E-002   1.0235415012325229       0.33954456552985424      Fe
  0.80808080808080807       0.17676767676767677        1.7500000000000000        1.0620000000000001        6.6000000000000003E-002   1.0242034931660935       0.32795590653019863      Fe
  0.80808080808080807       0.18181818181818182        1.7500000000000000        1.0620000000000001        6.6000000000000003E-002   1.0251704866285862       0.31138959026059448      Fe
  0.80808080808080807       0.18686868686868688        1.7500000000000000        1.0620000000000001        6.6000000000000003E-002   1.0258789685627576       0.29952454363871811      Fe
  0.80808080808080807       0.19191919191919191        1.7500000000000000        1.0620000000000001        6.6000000000000003E-002   1.0266878811146640       0.28625935265658980      Fe
  0.80808080808080807       0.19696969696969696        1.7500000000000000        1.0620000000000001        6.6000000000000003E-002   1.0273030838923856       0.27637189792902622      Fe
  0.80808080808080807       0.20202020202020202        1.7500000000000000        1.0620000000000001        6.6000000000000003E-002   1.0282995249118621       0.26072590017589764      Fe
  0.80808080808080807       0.20707070707070707        1.7500000000000000        1.0620000000000001        6.6000000000000003E-002   1.0289596734639537       0.25061138145283990      Fe
  0.80808080808080807       0.21212121212121213        1.7500000000000000        1.0620000000000001        6.6000000000000003E-002   1.0296497606362629       0.24025206310631059      Fe
  0.80808080808080807       0.21717171717171718        1.7500000000000000        1.0620000000000001        6.6000000000000003E-002   1.0303943051547082       0.22932046525567218      Fe
  0.80808080808080807       0.22222222222222221        1.7500000000000000        1.0620000000000001        6.6000000000000003E-002   1.0310186732570830       0.22034954241308305      Fe
  0.80808080808080807       0.22727272727272727        1.7500000000000000        1.0620000000000001        6.6000000000000003E-002   1.0317378402907811       0.21023836323835537      Fe
  0.80808080808080807       0.23232323232323232        1.7500000000000000        1.0620000000000001        6.6000000000000003E-002   1.0322739066741100       0.20285597438464753      Fe
  0.80808080808080807       0.23737373737373738        1.7500000000000000        1.0620000000000001        6.6000000000000003E-002   1.0333120570051268       0.18893436025644961      Fe
  0.80808080808080807       0.24242424242424243        1.7500000000000000        1.0620000000000001        6.6000000000000003E-002   1.0338901414090693       0.18139672865062498      Fe
  0.80808080808080807       0.24747474747474749        1.7500000000000000        1.0620000000000001        6.6000000000000003E-002   1.0344961636906607       0.17365955273896597      Fe
  0.80808080808080807       0.25252525252525254        1.7500000000000000        1.0620000000000001        6.6000000000000003E-002   1.0350522974550111       0.16670768421790666      Fe
  0.80808080808080807       0.25757575757575757        1.7500000000000000        1.0620000000000001        6.6000000000000003E-002   1.0356968047281407       0.15882876067712628      Fe
  0.80808080808080807       0.26262626262626265        1.7500000000000000        1.0620000000000001        6.6000000000000003E-002   1.0361701382895885       0.15316385582621345      Fe
  0.80808080808080807       0.26767676767676768        1.7500000000000000        1.0620000000000001        6.6000000000000003E-002   1.0370020064879781       0.14345722672798208      Fe
  0.80808080808080807       0.27272727272727271        1.7500000000000000        1.0620000000000001        6.6000000000000003E-002   1.0375141821026439       0.13763895273243501      Fe
  0.80808080808080807       0.27777777777777779        1.7500000000000000        1.0620000000000001        6.6000000000000003E-002   1.0381101710280480       0.13102018556224015      Fe
  0.80808080808080807       0.28282828282828282        1.7500000000000000        1.0620000000000001        6.6000000000000003E-002   1.0385434260514361       0.12631103338026814      Fe
  0.80808080808080807       0.28787878787878790        1.7500000000000000        1.0620000000000001        6.6000000000000003E-002   1.0391157267749365       0.12022267241491327      Fe
  0.80808080808080807       0.29292929292929293        1.7500000000000000        1.0620000000000001        6.6000000000000003E-002   1.0398062086916449       0.11307722053232838      Fe
  0.80808080808080807       0.29797979797979796        1.7500000000000000        1.0620000000000001        6.6000000000000003E-002   1.0402644107657291       0.10845634512418663      Fe
  0.80808080808080807       0.30303030303030304        1.7500000000000000        1.0620000000000001        6.6000000000000003E-002   1.0407465668240543       0.10369798479439653      Fe
  0.80808080808080807       0.30808080808080807        1.7500000000000000        1.0620000000000001        6.6000000000000003E-002   1.0411850494902339        9.9463306869608054E-002 Fe
  0.80808080808080807       0.31313131313131315        1.7500000000000000        1.0620000000000001        6.6000000000000003E-002   1.0419083238124967        9.2671132236797821E-002 Fe
  0.80808080808080807       0.31818181818181818        1.7500000000000000        1.0620000000000001        6.6000000000000003E-002   1.0424105552580916        8.8096038865079468E-002 Fe
  0.80808080808080807       0.32323232323232326        1.7500000000000000        1.0620000000000001        6.6000000000000003E-002   1.0427658087592544        8.4929777935164583E-002 Fe
  0.80808080808080807       0.32828282828282829        1.7500000000000000        1.0620000000000001        6.6000000000000003E-002   1.0432455264668721        8.0746161043342035E-002 Fe
  0.80808080808080807       0.33333333333333331        1.7500000000000000        1.0620000000000001        6.6000000000000003E-002   1.0437617880477270        7.6361885954094405E-002 Fe
  0.80808080808080807       0.33838383838383840        1.7500000000000000        1.0620000000000001        6.6000000000000003E-002   1.0442190681453596        7.2580701932820971E-002 Fe
  0.80808080808080807       0.34343434343434343        1.7500000000000000        1.0620000000000001        6.6000000000000003E-002   1.0445397142708095        6.9986588095724417E-002 Fe
  0.80808080808080807       0.34848484848484851        1.7500000000000000        1.0620000000000001        6.6000000000000003E-002   1.0450541440526073        6.5923331907664251E-002 Fe
  0.80808080808080807       0.35353535353535354        1.7500000000000000        1.0620000000000001        6.6000000000000003E-002   1.0454784831188695        6.2663112959936262E-002 Fe
  0.80808080808080807       0.35858585858585856        1.7500000000000000        1.0620000000000001        6.6000000000000003E-002   1.0458177840202643        6.0115728653539112E-002 Fe
  0.80808080808080807       0.36363636363636365        1.7500000000000000        1.0620000000000001        6.6000000000000003E-002   1.0463032542316866        5.6562862193541577E-002 Fe
  0.80808080808080807       0.36868686868686867        1.7500000000000000        1.0620000000000001        6.6000000000000003E-002   1.0466953141193112        5.3772591805913227E-002 Fe
  0.80808080808080807       0.37373737373737376        1.7500000000000000        1.0620000000000001        6.6000000000000003E-002   1.0470068456491659        5.1605756976110403E-002 Fe
  0.80808080808080807       0.37878787878787878        1.7500000000000000        1.0620000000000001        6.6000000000000003E-002   1.0473778600988726        4.9083327660271910E-002 Fe
  0.80808080808080807       0.38383838383838381        1.7500000000000000        1.0620000000000001        6.6000000000000003E-002   1.0476310351072069        4.7398336108889397E-002 Fe
  0.80808080808080807       0.38888888888888890        1.7500000000000000        1.0620000000000001        6.6000000000000003E-002   1.0481852547686834        4.3812485263128122E-002 Fe
  0.80808080808080807       0.39393939393939392        1.7500000000000000        1.0620000000000001        6.6000000000000003E-002   1.0485251068314796        4.1683366828062306E-002 Fe
  0.80808080808080807       0.39898989898989901        1.7500000000000000        1.0620000000000001        6.6000000000000003E-002   1.0487921242464737        4.0047746079106696E-002 Fe
  0.80808080808080807       0.40404040404040403        1.7500000000000000        1.0620000000000001        6.6000000000000003E-002   1.0490744483656063        3.8353968102245201E-002 Fe
  0.80808080808080807       0.40909090909090912        1.7500000000000000        1.0620000000000001        6.6000000000000003E-002   1.0495088487230066        3.5819297572252981E-002 Fe
  0.80808080808080807       0.41414141414141414        1.7500000000000000        1.0620000000000001        6.6000000000000003E-002   1.0497504726931408        3.4446951157366901E-002 Fe
  0.80808080808080807       0.41919191919191917        1.7500000000000000        1.0620000000000001        6.6000000000000003E-002   1.0500402056771203        3.2836703453991416E-002 Fe
  0.80808080808080807       0.42424242424242425        1.7500000000000000        1.0620000000000001        6.6000000000000003E-002   1.0503967071571054        3.0908265564272206E-002 Fe
  0.80808080808080807       0.42929292929292928        1.7500000000000000        1.0620000000000001        6.6000000000000003E-002   1.0505796684828612        2.9941224049897762E-002 Fe
  0.80808080808080807       0.43434343434343436        1.7500000000000000        1.0620000000000001        6.6000000000000003E-002   1.0508402962546532        2.8590217558289138E-002 Fe
  0.80808080808080807       0.43939393939393939        1.7500000000000000        1.0620000000000001        6.6000000000000003E-002   1.0511645617720442        2.6952874561948354E-002 Fe
  0.80808080808080807       0.44444444444444442        1.7500000000000000        1.0620000000000001        6.6000000000000003E-002   1.0514061021171992        2.5764617160517068E-002 Fe
  0.80808080808080807       0.44949494949494950        1.7500000000000000        1.0620000000000001        6.6000000000000003E-002   1.0516382521668883        2.4647800311523294E-002 Fe
  0.80808080808080807       0.45454545454545453        1.7500000000000000        1.0620000000000001        6.6000000000000003E-002   1.0517875836070469        2.3942481309241856E-002 Fe
  0.80808080808080807       0.45959595959595961        1.7500000000000000        1.0620000000000001        6.6000000000000003E-002   1.0520012999878827        2.2950872803561791E-002 Fe
  0.80808080808080807       0.46464646464646464        1.7500000000000000        1.0620000000000001        6.6000000000000003E-002   1.0524021638684891        2.1147488155954530E-002 Fe
  0.80808080808080807       0.46969696969696972        1.7500000000000000        1.0620000000000001        6.6000000000000003E-002   1.0525564426412166        2.0473088978106711E-002 Fe
  0.80808080808080807       0.47474747474747475        1.7500000000000000        1.0620000000000001        6.6000000000000003E-002   1.0527191591186504        1.9773647260085014E-002 Fe
  0.80808080808080807       0.47979797979797978        1.7500000000000000        1.0620000000000001        6.6000000000000003E-002   1.0528966455738022        1.9024578009406611E-002 Fe
  0.80808080808080807       0.48484848484848486        1.7500000000000000        1.0620000000000001        6.6000000000000003E-002   1.0530299093321893        1.8471654405129767E-002 Fe
  0.80808080808080807       0.48989898989898989        1.7500000000000000        1.0620000000000001        6.6000000000000003E-002   1.0533094358660713        1.7338362021563150E-002 Fe
  0.80808080808080807       0.49494949494949497        1.7500000000000000        1.0620000000000001        6.6000000000000003E-002   1.0534606059345011        1.6740415749742669E-002 Fe
  0.80808080808080807       0.50000000000000000        1.7500000000000000        1.0620000000000001        6.6000000000000003E-002   1.0535535155536591        1.6378122016134151E-002 Fe
