 kt up dp u1 d1 u2 d2
   0.0000000000000000        0.0000000000000000        0.0000000000000000        0.0000000000000000        0.0000000000000000        0.0000000000000000        0.0000000000000000     
   9.9999997764825821E-003   2.5218768147335820E-002   1.4996894406697528E-004   1.9942753793091333E-002   9.5296120632755403E-005   1.6993489064436998E-002   8.4403724389791151E-005
   1.9999999552965164E-002   2.5211039492038369E-002   1.4992298392065706E-004   1.9937701773347843E-002   9.5271979639595223E-005   1.6989740894257491E-002   8.4385107876043045E-005
   2.9999999329447746E-002   2.5194129768534239E-002   1.4982242653563475E-004   1.9925866918833753E-002   9.5215426982166477E-005   1.6980449683110802E-002   8.4338960035425998E-005
   3.9999999105930328E-002   2.5166262755868755E-002   1.4965670922385620E-004   1.9905747868631297E-002   9.5119288432044398E-005   1.6964279936391762E-002   8.4258647696956200E-005
   4.9999997019767761E-002   2.5131212440337822E-002   1.4944827482378252E-004   1.9880528044653369E-002   9.4998775918423019E-005   1.6944061495958743E-002   8.4158226196260876E-005
   5.9999998658895493E-002   2.5088628028096360E-002   1.4919503726276232E-004   1.9849903653466977E-002   9.4852437769384944E-005   1.6919520686512542E-002   8.4036336235409083E-005
   7.0000000298023224E-002   2.5039649053710235E-002   1.4890377303338926E-004   1.9814828311648797E-002   9.4684830826039982E-005   1.6891501647024815E-002   8.3897170506839672E-005
   7.9999998211860657E-002   2.4981468794859015E-002   1.4855779134489099E-004   1.9772919274330687E-002   9.4484569181268956E-005   1.6857879241107505E-002   8.3730173825251447E-005
   8.9999996125698090E-002   2.4915986164535421E-002   1.4816838450047333E-004   1.9725768583153527E-002   9.4259260379838872E-005   1.6820064117245973E-002   8.3542352637967825E-005
   9.9999994039535522E-002   2.4843179868089808E-002   1.4773542586682444E-004   1.9673344241502994E-002   9.4008751526455106E-005   1.6778021316997589E-002   8.3333533312443547E-005
  0.10999999940395355        2.4763083477643534E-002   1.4725911508793848E-004   1.9615658973873431E-002   9.3733103424904321E-005   1.6731754885816068E-002   8.3103735941748413E-005
  0.11999999731779099        2.4676916046799995E-002   1.4674670153383179E-004   1.9553725832847427E-002   9.3437156930272142E-005   1.6682158237160401E-002   8.2857397956187192E-005
  0.12999999523162842        2.4582171072654507E-002   1.4618327973443059E-004   1.9485408123300532E-002   9.3110701880087980E-005   1.6627321579546096E-002   8.2585033751391733E-005
  0.14000000059604645        2.4480451831933803E-002   1.4557838392694887E-004   1.9412040791239520E-002   9.2760117291864629E-005   1.6568423419945844E-002   8.2292496767896774E-005
  0.14999999105930328        2.4371850305256508E-002   1.4493256109433849E-004   1.9333680109470810E-002   9.2385672064281089E-005   1.6505503797730508E-002   8.1979985874340087E-005
  0.15999999642372131        2.4256466477466310E-002   1.4424640581843422E-004   1.9250387998622248E-002   9.1987662084037984E-005   1.6438607263623811E-002   8.1647722346469856E-005
  0.17000000178813934        2.4134408659101977E-002   1.4352056219164508E-004   1.9162232240014333E-002   9.1566411243059243E-005   1.6367783035577191E-002   8.1295950641348017E-005
  0.17999999225139618        2.4005797460756293E-002   1.4275574745135298E-004   1.9069289714876491E-002   9.1122286917033778E-005   1.6293087791153210E-002   8.0924952266636096E-005
  0.18999999761581421        2.3871722572945810E-002   1.4195844168156423E-004   1.8972455120113425E-002   9.0659564400389028E-005   1.6215305323065927E-002   8.0538620185337121E-005
  0.19999998807907104        2.3730256048607345E-002   1.4111717992159575E-004   1.8870072265760200E-002   9.0170329616647615E-005   1.6132949387188518E-002   8.0129572479636265E-005
  0.20999999344348907        2.3582689895905236E-002   1.4023964538178524E-004   1.8763204742477207E-002   8.9659664916267719E-005   1.6046953028698588E-002   7.9702443423737999E-005
  0.21999999880790710        2.3429169627861814E-002   1.3932670338728172E-004   1.8651946483381608E-002   8.9128019157102924E-005   1.5957386151383701E-002   7.9257580217678594E-005
  0.22999998927116394        2.3269845978282001E-002   1.3837925030976472E-004   1.8536395101436995E-002   8.8575858781092556E-005   1.5864321578151742E-002   7.8795344560260742E-005
  0.23999999463558197        2.3104883004261306E-002   1.3739826175078744E-004   1.8416658650694192E-002   8.8003700122739301E-005   1.5767840992500455E-002   7.8316142159306015E-005
  0.25000000000000000        2.2934448172468182E-002   1.3638473358767834E-004   1.8292847362408007E-002   8.7412069920279347E-005   1.5668027659412775E-002   7.7820386577599749E-005
  0.25999999046325684        2.2758712778934605E-002   1.3533968446991599E-004   1.8165074105507686E-002   8.6801507516032426E-005   1.5564966878463331E-002   7.7308501483392843E-005
  0.26999998092651367        2.2577849369875027E-002   1.3426414048146453E-004   1.8033452405210641E-002   8.6172555388380902E-005   1.5458744321926092E-002   7.6780912396069389E-005
  0.28000000119209290        2.2392809262339785E-002   1.3316375883811956E-004   1.7898753364424681E-002   8.5528898239872969E-005   1.5350030450091477E-002   7.6240949376063118E-005
  0.28999999165534973        2.2202150609487895E-002   1.3202996528094110E-004   1.7759725259043103E-002   8.4864554727475319E-005   1.5237695635287334E-002   7.5683001757881018E-005
  0.29999998211860657        2.2006930043280953E-002   1.3086904330397676E-004   1.7617227611242851E-002   8.4183632063757592E-005   1.5122488669643212E-002   7.5110788662669124E-005
  0.31000000238418579        2.1807334542210462E-002   1.2968210481589589E-004   1.7471384790078249E-002   8.3486724544198422E-005   1.5004504071264605E-002   7.4524779545528572E-005
  0.31999999284744263        2.1603558347848630E-002   1.2847030491687262E-004   1.7322326973260419E-002   8.2774454220846798E-005   1.4883841319113746E-002   7.3925468501278796E-005
  0.32999998331069946        2.1395795381746092E-002   1.2723479680400260E-004   1.7170184227210422E-002   8.2047442613954232E-005   1.4760599833395427E-002   7.3313349332901128E-005
  0.34000000357627869        2.1184239031742737E-002   1.2597673050055322E-004   1.7015086177793400E-002   8.1306309138582772E-005   1.4634878598952315E-002   7.2688913681008557E-005
  0.34999999403953552        2.0969088672471874E-002   1.2469729163157393E-004   1.6857167448107589E-002   8.0551697088990977E-005   1.4506780966938965E-002   7.2052674872930889E-005
  0.35999998450279236        2.0750540351557982E-002   1.2339764603732506E-004   1.6696560173641607E-002   7.9784237872435298E-005   1.4376408180860511E-002   7.1405135767667059E-005
  0.37000000476837158        2.0528794825098368E-002   1.2207898755803537E-004   1.6533400703445469E-002   7.9004583030606274E-005   1.4243865292474437E-002   7.0746818139148026E-005
  0.37999999523162842        2.0304053758763482E-002   1.2074251544291000E-004   1.6367826235022882E-002   7.8213388159516307E-005   1.4109258082466930E-002   7.0078247381767281E-005
  0.38999998569488525        2.0077145709814340E-002   1.1939315688969308E-004   1.6200504387325218E-002   7.7413843465331975E-005   1.3973164561532645E-002   6.9402294374788052E-005
  0.39999997615814209        1.9846953541182048E-002   1.1802426859742655E-004   1.6030458899220310E-002   7.6601283900307608E-005   1.3834700180141563E-002   6.8714565713509654E-005
  0.40999999642372131        1.9614369546648507E-002   1.1664115678707589E-004   1.5858412099720470E-002   7.5779161101735285E-005   1.3694491909956530E-002   6.8018175457865628E-005
  0.41999998688697815        1.9379591695717010E-002   1.1524499872777626E-004   1.5684499961130704E-002   7.4948124811035369E-005   1.3552645129317106E-002   6.7313647003863487E-005
  0.42999997735023499        1.9142825184992086E-002   1.1383701466620788E-004   1.5508856915937307E-002   7.4108817411630356E-005   1.3409264241989847E-002   6.6601498906975094E-005
  0.43999999761581421        1.8904301162777550E-002   1.1241857917653066E-004   1.5331618744396492E-002   7.3261887727238753E-005   1.3264455063842058E-002   6.5882256736332366E-005
  0.44999998807907104        1.8664158275088865E-002   1.1099051674772911E-004   1.5152921511838481E-002   7.2407985943800642E-005   1.3118323864650861E-002   6.5156448315559315E-005
  0.45999997854232788        1.8422609903626992E-002   1.0955409630095715E-004   1.4972933704170393E-002   7.1547917168449029E-005   1.2970974970375889E-002   6.4424591813674027E-005
  0.46999999880790710        1.8179820661768771E-002   1.0811029674581736E-004   1.4791753040827967E-002   7.0682148351898473E-005   1.2822531470833180E-002   6.3687298596527755E-005
  0.47999998927116394        1.7935983897465518E-002   1.0666026786837073E-004   1.4609504015396948E-002   6.9811274384698826E-005   1.2673079066514312E-002   6.2944994323656532E-005
  0.48999997973442078        1.7691295008325919E-002   1.0520517164341647E-004   1.4426325231585211E-002   6.8935957582385866E-005   1.2522725553382647E-002   6.2198214398987608E-005
  0.50000000000000000        1.7445924332788042E-002   1.0374602102589104E-004   1.4242336900183967E-002   6.8056772370245940E-005   1.2371559879249228E-002   6.1447400610931889E-005
  0.50999999046325684        1.7200063279920061E-002   1.0228395427186126E-004   1.4057675666249650E-002   6.7174371704431412E-005   1.2219690513165994E-002   6.0693091706531159E-005
  0.51999998092651367        1.6953889386531969E-002   1.0082002714296347E-004   1.3872458465854330E-002   6.6289314362037298E-005   1.2067210014803887E-002   5.9935747413680413E-005
  0.52999997138977051        1.6707552638236509E-002   9.9355131561588094E-005   1.3686816703164469E-002   6.5402228255709318E-005   1.1914223200716129E-002   5.9175888338091362E-005
  0.53999996185302734        1.6461240126332304E-002   9.7890380107236755E-005   1.3500864013100008E-002   6.4513656388041478E-005   1.1760815494187305E-002   5.8413938762460858E-005
  0.55000001192092896        1.6215104328747898E-002   9.6426679523403368E-005   1.3314722333648428E-002   6.3624181437698971E-005   1.1607094723454885E-002   5.7650434251016045E-005
  0.56000000238418579        1.5969318372119724E-002   9.4965059345658429E-005   1.3128514289207865E-002   6.2734389363349423E-005   1.1453154317173425E-002   5.6885838847743439E-005
  0.56999999284744263        1.5724026992540989E-002   9.3506380278971258E-005   1.2942345705630239E-002   6.1844785852083683E-005   1.1299079334354274E-002   5.6120575026057462E-005
  0.57999998331069946        1.5479398404956608E-002   9.2051642650460195E-005   1.2756335526242937E-002   6.0955939272633136E-005   1.1144963052940375E-002   5.5355106081386135E-005
  0.58999997377395630        1.5235559887593338E-002   9.0601603348057098E-005   1.2570585651429697E-002   6.0068336554303796E-005   1.0990896697754405E-002   5.4589885111663686E-005
  0.59999996423721313        1.4992656775416939E-002   8.9157126638058682E-005   1.2385209358011162E-002   5.9182518988517767E-005   1.0836960896685451E-002   5.3825312581685993E-005
  0.61000001430511475        1.4750841995864730E-002   8.7719121937061270E-005   1.2200302038297771E-002   5.8298942405859916E-005   1.0683237560559548E-002   5.3061795328374955E-005
  0.62000000476837158        1.4510219974703101E-002   8.6288210235821710E-005   1.2015973193922561E-002   5.7418130058080636E-005   1.0529822602641703E-002   5.2299809736347928E-005
  0.62999999523162842        1.4270955584243997E-002   8.4865371983756970E-005   1.1832312492422233E-002   5.6540510420027700E-005   1.0376785236182573E-002   5.1539699575863719E-005
  0.63999998569488525        1.4033145573134403E-002   8.3451182517947233E-005   1.1649412549842971E-002   5.5666526055952805E-005   1.0224208870457439E-002   5.0781879126382823E-005
  0.64999997615814209        1.3796910961666436E-002   8.2046361512141424E-005   1.1467383485871495E-002   5.4796703170965752E-005   1.0072163888019773E-002   5.0026697965889036E-005
  0.65999996662139893        1.3562380383238391E-002   8.0651673913096806E-005   1.1286286368861647E-002   5.3931333579189874E-005   9.9207222691529446E-003   4.9274513608014662E-005
  0.66999995708465576        1.3329632610266120E-002   7.9267588158286518E-005   1.1106232924812330E-002   5.3070951161471226E-005   9.7699701735688461E-003   4.8525753993163580E-005
  0.68000000715255737        1.3098805013900145E-002   7.7894921155430508E-005   1.0927277434394931E-002   5.2215815297104406E-005   9.6199538465434175E-003   4.7780648813632140E-005
  0.68999999761581421        1.2869962941130353E-002   7.6534061504757582E-005   1.0749526599456601E-002   5.1366435859109034E-005   9.4707626075133441E-003   4.7039641703631443E-005
  0.69999998807907104        1.2643232568357855E-002   7.5185759541951638E-005   1.0573028821335324E-002   5.0523044132481690E-005   9.3224389689083691E-003   4.6302943815055784E-005
  0.70999997854232788        1.2418667367162926E-002   7.3850333247509414E-005   1.0397881356351713E-002   4.9686104854949164E-005   9.1750584193914051E-003   4.5570930087052208E-005
  0.71999996900558472        1.2196383836000451E-002   7.2528475405082035E-005   1.0224132652101221E-002   4.8855849532548521E-005   9.0286785637219268E-003   4.4843886632509413E-005
  0.72999995946884155        1.1976442759028172E-002   7.1220547481014488E-005   1.0051858638971392E-002   4.8032640997386440E-005   8.8833512622857984E-003   4.4122071033004479E-005
  0.74000000953674316        1.1758899252248305E-002   6.9926877234720229E-005   9.8811145530652480E-003   4.7216743194271644E-005   8.7391284428075134E-003   4.3405741204573970E-005
  0.75000000000000000        1.1543856506686236E-002   6.8648078314297373E-005   9.7119669441774747E-003   4.6408474130302389E-005   8.5960768202042251E-003   4.2695228508685739E-005
  0.75999999046325684        1.1331343869256289E-002   6.7384325237618064E-005   9.5444646262479518E-003   4.5608067062086598E-005   8.4542257216818056E-003   4.1990678608504814E-005
  0.76999998092651367        1.1121451461545301E-002   6.6136153932493574E-005   9.3786654818615901E-003   4.4815798580603152E-005   8.3136405531513361E-003   4.1292416363891888E-005
  0.77999997138977051        1.0914216787411756E-002   6.4903787423856057E-005   9.2146130136479560E-003   4.4031876562451211E-005   8.1743468987595172E-003   4.0600568846883895E-005
  0.78999996185302734        1.0709673213516383E-002   6.3687424133882490E-005   9.0523515422639596E-003   4.3256512793160006E-005   8.0363962717637447E-003   3.9915391914930745E-005
  0.79999995231628418        1.0507896079773749E-002   6.2487512087923091E-005   8.8919394903628508E-003   4.2489986444416168E-005   7.8998367336901385E-003   3.9237124281329616E-005
  0.81000000238418579        1.0308893392613540E-002   6.1304098897970808E-005   8.7333928797893503E-003   4.1732374076340866E-005   7.7646864981590321E-003   3.8565856409986189E-005
  0.81999999284744263        1.0112733322161617E-002   6.0137589952652360E-005   8.5767725911774888E-003   4.0983966606041353E-005   7.6309943798096381E-003   3.7901830754780108E-005
  0.82999998331069946        9.9194305056512101E-003   5.8988072295490353E-005   8.4220890085182059E-003   4.0244813653247462E-005   7.4987904284055575E-003   3.7245196567695904E-005
  0.83999997377395630        9.7289979881628949E-003   5.7855623501921691E-005   8.2693947174843681E-003   3.9515166497731032E-005   7.3681003758930327E-003   3.6596081654865039E-005
  0.84999996423721313        9.5414874252504143E-003   5.6740550753042817E-005   8.1186956138345860E-003   3.8795053312277516E-005   7.2389560856000353E-003   3.5954644275932824E-005
  0.85999995470046997        9.3568896609837141E-003   5.5642799601104554E-005   7.9700315545345752E-003   3.8084664552741371E-005   7.1113788229440660E-003   3.5320990052554249E-005
  0.87000000476837158        9.1752469193083514E-003   5.4562621140073617E-005   7.8234220611549578E-003   3.7384093502626357E-005   6.9853898682495346E-003   3.4695224680424214E-005
  0.87999999523162842        8.9965453417293981E-003   5.3499932957365975E-005   7.6788832529358962E-003   3.6693417187456194E-005   6.8610236046097554E-003   3.4077518934427180E-005
  0.88999998569488525        8.8208192945554709E-003   5.2454939419784241E-005   7.5364358828275387E-003   3.6012734774861384E-005   6.7382810948131526E-003   3.3467878093249720E-005
  0.89999997615814209        8.6480513912556740E-003   5.1427537134503624E-005   7.3960891848706811E-003   3.5342090389553950E-005   6.6171954961990282E-003   3.2866466843667856E-005
  0.90999996662139893        8.4782546598712160E-003   5.0417803575632693E-005   7.2578592651732282E-003   3.4681560994305259E-005   6.4977667250463609E-003   3.2273284769853634E-005
  0.91999995708465576        8.3114291833361210E-003   4.9425739236356789E-005   7.1217512309693356E-003   3.4031170993949570E-005   6.3800141389581799E-003   3.1688428017677296E-005
  0.93000000715255737        8.1475504187279741E-003   4.8451198166797066E-005   6.9877755165823011E-003   3.3390970248729088E-005   6.2639561639418716E-003   3.1111988105934010E-005
  0.93999999761581421        7.9866395211354510E-003   4.7494306170334883E-005   6.8559335751900881E-003   3.2760965702630673E-005   6.1495908908056462E-003   3.0543955551998146E-005
  0.94999998807907104        7.8286632433863280E-003   4.6554865535358028E-005   6.7262353718714092E-003   3.2141204973618885E-005   6.0369271737723360E-003   2.9984374333264807E-005
  0.95999997854232788        7.6736197649901559E-003   4.5632865435920179E-005   6.5986652809641635E-003   3.1531613394724696E-005   5.9259765068884898E-003   2.9433301538677573E-005
  0.96999996900558472        7.5214944724379066E-003   4.4728218969579932E-005   6.4732410217001731E-003   3.0932275637005633E-005   5.8167373344419834E-003   2.8890729441282943E-005
  0.97999995946884155        7.3722534014462335E-003   4.3840724160266231E-005   6.3499394631793488E-003   3.0343081169836407E-005   5.7092109675128946E-003   2.8356664552989275E-005
  0.98999994993209839        7.2258992821097948E-003   4.2970397243086675E-005   6.2287647246164210E-003   2.9764049676816824E-005   5.6034064843281765E-003   2.7831151963781438E-005
   1.0000000000000000        7.0823978719549317E-003   4.2117034587650218E-005   6.1097179941384493E-003   2.9195186835392498E-005   5.4993087957965203E-003   2.7314116728749743E-005
