 pt DY-RATIO Q error R_dy 
  0.25000000000000000       0.91700000000000004        4.5000000000000000        2.1999999999999999E-002  0.93623344585568835     
  0.75000000000000000       0.94699999999999995        4.5000000000000000        1.7000000000000001E-002  0.94932946065737622     
   1.2500000000000000       0.99199999999999999        4.5000000000000000        2.0000000000000000E-002  0.97191431341326062     
  0.25000000000000000       0.99399999999999999        5.5000000000000000        3.5000000000000003E-002  0.96257985287137393     
  0.75000000000000000        1.0329999999999999        5.5000000000000000        2.4000000000000000E-002  0.97146787490480102     
   1.2500000000000000       0.95299999999999996        5.5000000000000000        2.7000000000000000E-002  0.98545668068661729     
  0.25000000000000000       0.85399999999999998        6.5000000000000000        5.0000000000000003E-002  0.97935439728430151     
  0.75000000000000000       0.92700000000000005        6.5000000000000000        3.5999999999999997E-002  0.98483614286537469     
   1.2500000000000000        1.1339999999999999        6.5000000000000000        5.0000000000000003E-002  0.99401485947702317     
   1.7500000000000000        1.1430000000000000        6.5000000000000000        6.6000000000000003E-002   1.0040244465599271     
  0.25000000000000000       0.89000000000000001        7.5000000000000000       0.11300000000000000       0.98825695977687744     
  0.75000000000000000        1.0049999999999999        7.5000000000000000        6.9000000000000006E-002  0.99225628024611379     
   1.2500000000000000        1.0790000000000000        7.5000000000000000        8.0000000000000002E-002  0.99879611667173429     
   1.7500000000000000       0.91700000000000004        7.5000000000000000       0.10800000000000000        1.0051525233514664     
