 pt up dp u1 d1 u2 d2
   0.0000000000000000        0.0000000000000000        0.0000000000000000        0.0000000000000000        0.0000000000000000        0.0000000000000000        0.0000000000000000     
   9.9999997764825821E-003   2.3037450017137004        1.3756993946081504        1.6429726689354778       0.93856275275782441        1.5149747195320842       0.86534295378440174     
   1.9999999552965164E-002   2.2992490754759580        1.3730146169965376        1.6402000350498260       0.93697886098572747        1.5124864117227204       0.86392164978380126     
   2.9999999329447746E-002   2.2921071955886267        1.3687497874125103        1.6358688214905985       0.93450461671021889        1.5086141793687082       0.86170985777185582     
   3.9999999105930328E-002   2.2818108605054439        1.3626012501698548        1.6294101004419634       0.93081501485541196        1.5027936988213033       0.85838524003111083     
   4.9999997019767761E-002   2.2687485923758359        1.3548010143170390        1.6214078625483124       0.92624366527200397        1.4956273691584276       0.85429188269761025     
   5.9999998658895493E-002   2.2528812261267919        1.3453256921235686        1.6116807735352350       0.92068697914261854        1.4869036654656185       0.84930896422105107     
   7.0000000298023224E-002   2.2342715930187715        1.3342128037693712        1.6002460253295987       0.91415477750841279        1.4766567330323690       0.84345598815175016     
   7.9999998211860657E-002   2.2129729546252377        1.3214941548207384        1.5871539374632562       0.90667580584959462        1.4649211234147690       0.83675269009665720     
   8.9999996125698090E-002   2.1890729345107225        1.3072220703764097        1.5724385879726774       0.89826953154764899        1.4517226077355270       0.82921379034064491     
   9.9999994039535522E-002   2.1626456968149919        1.2914408381340654        1.5561468875093343       0.88896275272953984        1.4371048203756014       0.82086421253664255     
  0.10999999940395355        2.1337828079089016        1.2742051376701626        1.5383233691607145       0.87878090931765374        1.4211135949676814       0.81173013653476933     
  0.11999999731779099        2.1026016150106406        1.2555850437963236        1.5190209145675808       0.86775421041970180        1.4037890598231595       0.80183448334556484     
  0.12999999523162842        2.0692037133254835        1.2356412248861246        1.4983075153325549       0.85592149684352703        1.3851803867504724       0.79120533956176586     
  0.14000000059604645        2.0336836912339398        1.2144301651327858        1.4762250343935210       0.84330668316480006        1.3653558625853470       0.77988171014587815     
  0.14999999105930328        1.9961843880375136        1.1920371621454000        1.4528604962859359       0.82995948292355792        1.3443506404096019       0.76788367429213755     
  0.15999999642372131        1.9568192266022117        1.1685299472779072        1.4282639648718913       0.81590849554638012        1.3222379587643569       0.75525306534250392     
  0.17000000178813934        1.9157235349182813        1.1439893327009765        1.4025179528435918       0.80120085714270961        1.2990806493960350       0.74202577235066269     
  0.17999999225139618        1.8730214840476034        1.1184894681380058        1.3756806257850973       0.78586979531987167        1.2749288913438956       0.72823045723254620     
  0.18999999761581421        1.8288663176264006        1.0921218642281625        1.3478441615213117       0.76996796748034280        1.2498598392768705       0.71391119019490623     
  0.19999998807907104        1.7833770185669657        1.0649575725506268        1.3190763847737561       0.75353411909964974        1.2239420244110333       0.69910711578859053     
  0.20999999344348907        1.7367041883974066        1.0370865259889854        1.2894435425631272       0.73660609437768865        1.1972323540541232       0.68385073906938321     
  0.21999999880790710        1.6890031191201647        1.0086014583803533        1.2590488366880421       0.71924284825998630        1.1698144397818901       0.66818981838400748     
  0.22999998927116394        1.6403877880476661       0.97957043217069906        1.2279598793599185       0.70148300482378390        1.1417414409614499       0.65215471799080216     
  0.23999999463558197        1.5910137201737429       0.95008632032977403        1.1962568375098284       0.68337236014160763        1.1131045358801435       0.63579751828917530     
  0.25000000000000000        1.5410288300036366       0.92023745116438527        1.1640101604158111       0.66495115899024337        1.0839643033153976       0.61915282145269668     
  0.25999999046325684        1.4905566774890779       0.89009760946871319        1.1313201028318896       0.64627667278977896        1.0543825572707137       0.60225593520741738     
  0.26999998092651367        1.4397412696873779       0.85975279018638640        1.0982557599618497       0.62738837279003490        1.0244478774549708       0.58515745566292288     
  0.28000000119209290        1.3887226435930708       0.82928661750691479        1.0648900883151811       0.60832793604606838       0.99421537930989989       0.56788886437367891     
  0.28999999165534973        1.3376215924796238       0.79877122408085699        1.0313085007546725       0.58914415541556620       0.96376447558602496       0.55049552134683244     
  0.29999998211860657        1.2865691545208731       0.76828486038136790       0.99758773913268850       0.56988087036437507       0.93315432475372861       0.53301121748651004     
  0.31000000238418579        1.2356759873438352       0.73789360647824009       0.96379840372947823       0.55057841193063717       0.90245234981281219       0.51547446433818478     
  0.31999999284744263        1.1850663482085959       0.70767166356880651       0.93001291412755549       0.53127815044509674       0.87172965056360097       0.49792587361004814     
  0.32999998331069946        1.1348651342905927       0.67769361498086911       0.89630104589841220       0.51201994582368038       0.84103684037948889       0.48039435530664920     
  0.34000000357627869        1.0851613855018756       0.64801263159619316       0.86272711347646525       0.49284053825918051       0.81044890575245210       0.46292274118724031     
  0.34999999403953552        1.0360659508394521       0.61869490776266223       0.82935755774912301       0.47377788269957660       0.78001257434009530       0.44553772176271522     
  0.35999998450279236       0.98765536938945586       0.58978614939580842       0.79625624848843501       0.45486846532032776       0.74979815725329635       0.42827945824737390     
  0.37000000476837158       0.94004272413715584       0.56135388488712490       0.76349203868255355       0.43615161900342125       0.71983969241436585       0.41116739286414916     
  0.37999999523162842       0.89329710382136851       0.53343937111881545       0.73110106912527295       0.41764798949881482       0.69019809391435971       0.39423631931540443     
  0.38999998569488525       0.84748897171658077       0.50608468578783916       0.69914616579954703       0.39939346670816167       0.66092142844054802       0.37751369295640402     
  0.39999997615814209       0.80268868705736929       0.47933184446290855       0.66767679526637358       0.38141630884447780       0.63205502504663236       0.36102540542528411     
  0.40999999642372131       0.75896325032707523       0.45322085700809189       0.63674786513149961       0.36374788236599576       0.60364969293386816       0.34480047858209678     
  0.41999998688697815       0.71636937416733337       0.42778558982210418       0.60638424042088079       0.34640239163998832       0.57572794816401840       0.32885177344369110     
  0.42999997735023499       0.67494070295775543       0.40304613391008248       0.57663408136997929       0.32940734862938947       0.54833484935384580       0.31320502717651633     
  0.43999999761581421       0.63474041235459444       0.37904021511060559       0.54753820665015751       0.31278607136333070       0.52150377056627495       0.29787930281167041     
  0.44999998807907104       0.59578354162564062       0.35577681424037721       0.51912176533981891       0.29655292647657316       0.49527306590677417       0.28289650794568794     
  0.45999997854232788       0.55812588071549329       0.33328924670234233       0.49141237743117677       0.28072369213537124       0.46965435851532744       0.26826328163475643     
  0.46999999880790710       0.52175844068678245       0.31157214468205374       0.46444338773308191       0.26531741685841143       0.44467991593355616       0.25399805487275251     
  0.47999998927116394       0.48672478680544368       0.29065152351972112       0.43822237952271836       0.25033843266024469       0.42037132529062615       0.24011315807672809     
  0.48999997973442078       0.45302686937950964       0.27052854785708141       0.41279009165596342       0.23581001197469753       0.39674703212621443       0.22661912720981370     
  0.50000000000000000       0.42066199622046779       0.25120161003265090       0.38814177679775186       0.22172944284438212       0.37382964343980701       0.21352887523184938     
  0.50999999046325684       0.38965590775147663       0.23268608114198458       0.36429762170024416       0.20810825713104852       0.35161802387990598       0.20084175363800746     
  0.51999998092651367       0.35997584296098806       0.21496239769011274       0.34127844355657783       0.19495834684146318       0.33012942177143018       0.18856761455072965     
  0.52999997138977051       0.33163746842639658       0.19803991509658947       0.31906283684061332       0.18226748387839847       0.30937139514494211       0.17671077506416183     
  0.53999996185302734       0.30461115795559618       0.18190094184845890       0.29767929865168180       0.17005194746335314       0.28935553949877391       0.16527785844577278     
  0.55000001192092896       0.27889808617532863       0.16654617938329150       0.27711128106981764       0.15830228444983893       0.27007115731052067       0.15426275434565639     
  0.56000000238418579       0.25446713816154920       0.15195704718017952       0.25738117569672747       0.14703128623952336       0.25152548076009501       0.14366959373434807     
  0.56999999284744263       0.23130170251941548       0.13812362561441990       0.23845449114382181       0.13621924931984425       0.23371654639088960       0.13349725509917876     
  0.57999998331069946       0.20936477815472915       0.12502381919243560       0.22034833066350570       0.12587594407588593       0.21664044971312485       0.12374350822292142     
  0.58999997377395630       0.18864405882898014       0.11265027914738987       0.20304847942921983       0.11599325016152359       0.20029737416632334       0.11440845788494701     
  0.59999996423721313       0.16909281997288758       0.10097510353630519       0.18653574661052916       0.10656020464415274       0.18466754334647398       0.10548080794173445     
  0.61000001430511475       0.15069380286186165        8.9987986176443435E-002  0.17080448258944819        9.7573580129240695E-002  0.16974766803672833        9.6958679615647358E-002
  0.62000000476837158       0.13339715361570628        7.9659156432272463E-002  0.15584113195920998        8.9025632970085394E-002  0.15552706264444432        8.8835969370975931E-002
  0.62999999523162842       0.11718653628899843        6.9978859165870488E-002  0.14163645868988634        8.0911087002427773E-002  0.14199906120594286        8.1108869655933710E-002
  0.63999998569488525       0.10200029493558496        6.0910276045462938E-002  0.12816161655096114        7.3213463560474354E-002  0.12913861223833620        7.3763071238875294E-002
  0.64999997615814209        8.7819728950595907E-002   5.2442239858194545E-002  0.11540501779533280        6.5926143040610077E-002  0.11693678090725372        6.6793470604959104E-002
  0.65999996662139893        7.4591188087834479E-002   4.4542712938803498E-002  0.10334784436517716        5.9038375459900677E-002  0.10537781488802195        6.0191070136610070E-002
  0.66999995708465576        6.1878522383784898E-002   3.6951244916124136E-002   9.1976073482850917E-002   5.2542150181872908E-002   9.4445054174488743E-002   5.3946353754947350E-002
  0.68000000715255737        5.0456466059306988E-002   3.0130474405900252E-002   8.1257657347468107E-002   4.6419159615178451E-002   8.4126370449183904E-002   4.8052393849939715E-002
  0.68999999761581421        3.9869658353758629E-002   2.3808479158804050E-002   7.1177363261592977E-002   4.0660701945899373E-002   7.4392944406948450E-002   4.2492729036237992E-002
  0.69999998807907104        3.0088849608306083E-002   1.7967792511675906E-002   6.1713465131965059E-002   3.5254365949988813E-002   6.5231482157049728E-002   3.7259765936523574E-002
  0.70999997854232788        2.1064363454170686E-002   1.2578749831319187E-002   5.2849387361221065E-002   3.0190682669998959E-002   5.6622855058555244E-002   3.2342578405011160E-002
  0.71999996900558472        1.2762532139175923E-002   7.6212461554862757E-003   4.4551762056868449E-002   2.5450590400507910E-002   4.8552729178435006E-002   2.7732978999502850E-002
  0.72999995946884155        5.1582735604163241E-003   3.0803035097240836E-003   3.6803621302893545E-002   2.1024396068548813E-002   4.0991033885631981E-002   2.3413791586056901E-002
  0.74000000953674316       -1.8125075673844876E-003  -1.0823531082297742E-003   2.9587648810364259E-002   1.6902207590026513E-002   3.3923045375015455E-002   1.9376606030260840E-002
  0.75000000000000000       -8.1731096347081554E-003  -4.8806365149658918E-003   2.2870668093279447E-002   1.3065072602179695E-002   2.7328891509126239E-002   1.5610071506318589E-002
  0.75999999046325684       -1.3954419092972823E-002  -8.3329907971718686E-003   1.6635546002335619E-002   9.5032036410550320E-003   2.1193442284430784E-002   1.2105545862133561E-002
  0.76999998092651367       -1.9201083052144401E-002  -1.1466077326703456E-002   1.0860005008534431E-002   6.2038744700348382E-003   1.5487060229118658E-002   8.8461003812932964E-003
  0.77999997138977051       -2.3941783106425335E-002  -1.4297023542470285E-002   5.5271056027762404E-003   3.1574082438547259E-003   1.0194957968694357E-002   5.8232886190092209E-003
  0.78999996185302734       -2.8196413698021252E-002  -1.6837709566655156E-002   6.0495317237975758E-004   3.4558488129091591E-004   5.3024075973610038E-003   3.0286980985969429E-003
  0.79999995231628418       -3.2021594171797313E-002  -1.9121946085074653E-002  -3.9226191812405335E-003  -2.2408311022916443E-003   7.8063772034890351E-004   4.4589480078646444E-004
  0.81000000238418579       -3.5434693063499674E-002  -2.1160104855059970E-002  -8.0764907719000079E-003  -4.6137672006492320E-003  -3.3844455468985701E-003  -1.9331716026127833E-003
  0.81999999284744263       -3.8459772143340516E-002  -2.2966554551394885E-002  -1.1872079866196679E-002  -6.7820312357343747E-003  -7.2112913947185702E-003  -4.1190391599624674E-003
  0.82999998331069946       -4.1126176839474136E-002  -2.4558819026639606E-002  -1.5339084977796069E-002  -8.7625887476719053E-003  -1.0718004716560450E-002  -6.1220492596524489E-003
  0.83999997377395630       -4.3466032064014282E-002  -2.5956081923998529E-002  -1.8491823986801322E-002  -1.0563618952840335E-002  -1.3917651771896151E-002  -7.9496652576190180E-003
  0.84999996423721313       -4.5505986668143802E-002  -2.7174256813945721E-002  -2.1348985273608359E-002  -1.2195797754789699E-002  -1.6836554458683067E-002  -9.6169220377014687E-003
  0.85999995470046997       -4.7264988662989137E-002  -2.8224658649922890E-002  -2.3923842481891132E-002  -1.3666707840549065E-002  -1.9486663876964905E-002  -1.1130645984577766E-002
  0.87000000476837158       -4.8760831171507930E-002  -2.9117912734844507E-002  -2.6243335455095936E-002  -1.4991738835339790E-002  -2.1884105884290520E-002  -1.2500048075186045E-002
  0.87999999523162842       -5.0023884354514291E-002  -2.9872154848414864E-002  -2.8319368524407008E-002  -1.6177691194249895E-002  -2.4039951596776774E-002  -1.3731452053545820E-002
  0.88999998569488525       -5.1062071304366900E-002  -3.0492116327371890E-002  -3.0168044990142466E-002  -1.7233764070838542E-002  -2.5978050071477486E-002  -1.4838480334084058E-002
  0.89999997615814209       -5.1904341954091313E-002  -3.0995084851258056E-002  -3.1800149005875369E-002  -1.8166118008768606E-002  -2.7708350973216736E-002  -1.5826816095692930E-002
  0.90999996662139893       -5.2569992409812513E-002  -3.1392583241173257E-002  -3.3239647946904378E-002  -1.8988444584389311E-002  -2.9244592897570386E-002  -1.6704306727984258E-002
  0.91999995708465576       -5.3070912018786900E-002  -3.1691711314072231E-002  -3.4495934388014342E-002  -1.9706109389601503E-002  -3.0595706740216704E-002  -1.7476053496046334E-002
  0.93000000715255737       -5.3417875175219169E-002  -3.1898903083951401E-002  -3.5582409588509945E-002  -2.0326768012998427E-002  -3.1782888260775001E-002  -1.8154163269386580E-002
  0.93999999761581421       -5.3634272812279914E-002  -3.2028126629993880E-002  -3.6507253512760844E-002  -2.0855093331993889E-002  -3.2813810089450619E-002  -1.8743018600664029E-002
  0.94999998807907104       -5.3721637423472648E-002  -3.2080297092713775E-002  -3.7291463885131805E-002  -2.1303080483423928E-002  -3.3699930190775440E-002  -1.9249164199004406E-002
  0.95999997854232788       -5.3702368683748919E-002  -3.2068790613675048E-002  -3.7934836734317530E-002  -2.1670612946865758E-002  -3.4447932517601240E-002  -1.9676417891483819E-002
  0.96999996900558472       -5.3589578662085115E-002  -3.2001437167696732E-002  -3.8469490088779944E-002  -2.1976038431795155E-002  -3.5076480433109666E-002  -2.0035440060493383E-002
  0.97999995946884155       -5.3389353239235951E-002  -3.1881870986199226E-002  -3.8872823157819460E-002  -2.2206446035472015E-002  -3.5591138995310571E-002  -2.0329409428208607E-002
  0.98999994993209839       -5.3107011287728795E-002  -3.1713268275624984E-002  -3.9184384334885733E-002  -2.2384428129470745E-002  -3.6001047864180964E-002  -2.0563546504423508E-002
   1.0000000000000000       -5.2753159560084514E-002  -3.1501962941423885E-002  -3.9401637298298889E-002  -2.2508535817468960E-002  -3.6314933115270231E-002  -2.0742835562402528E-002
