 pt up dp u1 d1 u2 d2
   0.0000000000000000        0.0000000000000000        0.0000000000000000        0.0000000000000000        0.0000000000000000        0.0000000000000000        0.0000000000000000     
   9.9999997764825821E-003   3.2407826464612248        3.2407826464612248        3.0635386010283416        1.8728493463796414        2.6720977774074695        1.5708635123847838     
   1.9999999552965164E-002   3.2350475901669262        3.2350475901669262        3.0591463276283970        1.8701641945217715        2.6685909966886001        1.5688019583788713     
   2.9999999329447746E-002   3.2243544007509328        3.2243544007509328        3.0505368889215108        1.8649009405678401        2.6615395084676110        1.5646565541021193     
   3.9999999105930328E-002   3.2094064666626574        3.2094064666626574        3.0378871132940084        1.8571676859557176        2.6508945046211578        1.5583986064053796     
   4.9999997019767761E-002   3.1904996401477832        3.1904996401477832        3.0227076215723909        1.8478879265494981        2.6384752667984981        1.5510976282330264     
   5.9999998658895493E-002   3.1675479292102304        3.1675479292102304        3.0042322979033922        1.8365933086700237        2.6233696049628206        1.5422173644909143     
   7.0000000298023224E-002   3.1406040573870233        3.1406040573870233        2.9825529967611244        1.8233399862014779        2.6056213242511808        1.5317835671900810     
   7.9999998211860657E-002   3.1097826264079056        3.1097826264079056        2.9577061865433913        1.8081502535634491        2.5852816420996421        1.5198263458580252     
   8.9999996125698090E-002   3.0751945561881007        3.0751945561881007        2.9298105985444800        1.7910966953895457        2.5624089536928580        1.5063800296520278     
   9.9999994039535522E-002   3.0369496996538681        3.0369496996538681        2.8988924568622187        1.7721953433969662        2.5370828565842922        1.4914914121039233     
  0.10999999940395355        2.9952336486480622        2.9952336486480622        2.8650619860280315        1.7515135817347307        2.5093244801427428        1.4751729146732731     
  0.11999999731779099        2.9501353959623322        2.9501353959623322        2.8284703503478550        1.7291438224819571        2.4792716050819967        1.4575055354050672     
  0.12999999523162842        2.9018526050626110        2.9018526050626110        2.7891872845831149        1.7051286969612336        2.4470139598525664        1.4385420235475312     
  0.14000000059604645        2.8504899191693842        2.8504899191693842        2.7473006434682725        1.6795219138746285        2.4125656741876575        1.4182906856388879     
  0.14999999105930328        2.7962963045348856        2.7962963045348856        2.7029766534437312        1.6524250933160323        2.3760864907878263        1.3968454306602374     
  0.15999999642372131        2.7394408401824930        2.7394408401824930        2.6563474106748055        1.6239189903367359        2.3376438624906801        1.3742459125502584     
  0.17000000178813934        2.6800976644651882        2.6800976644651882        2.6075056424345919        1.5940602923937741        2.2973713961990043        1.3505706756684985     
  0.17999999225139618        2.6184295604335532        2.6184295604335532        2.5566390445996996        1.5629637446056521        2.2553821108798817        1.3258861612107551     
  0.18999999761581421        2.5546923331056965        2.5546923331056965        2.5038650627054979        1.5307011455761421        2.2117326412716034        1.3002256634092422     
  0.19999998807907104        2.4890792790947440        2.4890792790947440        2.4493299959853316        1.4973619331936541        2.1665833761330560        1.2736834710475740     
  0.20999999344348907        2.4217552646550509        2.4217552646550509        2.3931321862205293        1.4630062272623985        2.1200271935957935        1.2463141849974706     
  0.21999999880790710        2.3529854691423226        2.3529854691423226        2.3355254695113801        1.4277892067555931        2.0722212920849961        1.2182102185203034     
  0.22999998927116394        2.2829380239719401        2.2829380239719401        2.2766094054526378        1.3917717359698027        2.0232296029992032        1.1894091553834454     
  0.23999999463558197        2.2118396260855966        2.2118396260855966        2.2165368229265727        1.3550472445984472        1.9732106117054318        1.1600041654111430     
  0.25000000000000000        2.1398616723612935        2.1398616723612935        2.1554608983008472        1.3177093747650381        1.9222898554007826        1.1300690489725458     
  0.25999999046325684        2.0672551261363830        2.0672551261363830        2.0935092537964870        1.2798361464407120        1.8705491905998075        1.0996519275896441     
  0.26999998092651367        1.9941857757503212        1.9941857757503212        2.0308694199989494        1.2415422036956563        1.8181563871332120        1.0688514292047862     
  0.28000000119209290        1.9208652493749780        1.9208652493749780        1.9676952614250038        1.2029216093432342        1.7651722204936637        1.0377032823024162     
  0.28999999165534973        1.8474546721005902        1.8474546721005902        1.9041191368026660        1.1640552789485974        1.7117860658208304        1.0063188160784864     
  0.29999998211860657        1.7741590678594295        1.7741590678594295        1.8402853018746748        1.1250314011421720        1.6580458122910973       0.97472618345481477     
  0.31000000238418579        1.7011919894732332        1.7011919894732332        1.7763354325116270        1.0859365873874371        1.6041317003610358       0.94303134356174323     
  0.31999999284744263        1.6286556431706285        1.6286556431706285        1.7124072318988000        1.0468550205050178        1.5501035192343822       0.91126944506762375     
  0.32999998331069946        1.5567587783335086        1.5567587783335086        1.6486142042768206        1.0078560896460123        1.4961264521709547       0.87953759533054154     
  0.34000000357627869        1.4855973339668509        1.4855973339668509        1.5851230524971900       0.96904170615123242        1.4422034194906606       0.84783751113796779     
  0.34999999403953552        1.4153996704063383        1.4153996704063383        1.5220208734924432       0.93046511545167288        1.3885507442871012       0.81629636375492765     
  0.35999998450279236        1.3462599156079817        1.3462599156079817        1.4594879083428260       0.89223650528553122        1.3351984623051814       0.78493181049027294     
  0.37000000476837158        1.2782904474105699        1.2782904474105699        1.3975503009199621       0.85437185832489138        1.2822846265158074       0.75382500944256103     
  0.37999999523162842        1.2116380592589380        1.2116380592589380        1.3363589389645179       0.81696341757475210        1.2298519875233880       0.72300109268785784     
  0.38999998569488525        1.1463956305198510        1.1463956305198510        1.2760534705267945       0.78009655482042051        1.1780234197378996       0.69253229520531390     
  0.39999997615814209        1.0826264044623366        1.0826264044623366        1.2166486360441744       0.74378028141187902        1.1268521614219169       0.66244991451886126     
  0.40999999642372131        1.0204884812403083        1.0204884812403083        1.1582955054727215       0.70810695174883287        1.0764281711153574       0.63280683514087932     
  0.41999998688697815       0.96001238599812677       0.96001238599812677        1.1010429022847297       0.67310641334426635        1.0268436896797621       0.60365728330701374     
  0.42999997735023499       0.90129206572301213       0.90129206572301213        1.0449607965686971       0.63882144138451802       0.97812257103271194       0.57501528217505049     
  0.43999999761581421       0.84437346904961563       0.84437346904961563       0.99015273835811757       0.60531533966229167       0.93035936455351653       0.54693641510400171     
  0.44999998807907104       0.78927600140327137       0.78927600140327137       0.93663701956622103       0.57259929067018966       0.88358550572017569       0.51943916227292430     
  0.45999997854232788       0.73610196451090759       0.73610196451090759       0.88450282814545700       0.54072781815352688       0.83786430693111336       0.49256074355356488     
  0.46999999880790710       0.68484033889426155       0.68484033889426155       0.83379261084774181       0.50972687131090644       0.79325978301428235       0.46633879175948562     
  0.47999998927116394       0.63553697765248096       0.63553697765248096       0.78450111598450090       0.47959323959962069       0.74977585085818399       0.44077560953742534     
  0.48999997973442078       0.58711061240354134       0.58711061240354134       0.73677412725261016       0.45041604574242999       0.70749565960001859       0.41592007831186467     
  0.50000000000000000       0.54171700870436179       0.54171700870436179       0.69051883632382627       0.42213855273042938       0.66637440900109279       0.39174586107489062     
  0.50999999046325684       0.49832812207847832       0.49832812207847832       0.64581013675606991       0.39480654564070317       0.62650294669551598       0.36830636501647079     
  0.51999998092651367       0.45686510785614326       0.45686510785614326       0.60269436183164105       0.36844834964514350       0.58788471269203335       0.34560361243693516     
  0.52999997138977051       0.41737092868646852       0.41737092868646852       0.56112437384653890       0.34303514780046146       0.55053649650649850       0.32364747349824829     
  0.53999996185302734       0.37980364148178358       0.37980364148178358       0.52113627167664700       0.31858900862444267       0.51449668200751042       0.30246051317507294     
  0.55000001192092896       0.34412939985239122       0.34412939985239122       0.48275854385697481       0.29512734816471076       0.47972069746820811       0.28201652879623462     
  0.56000000238418579       0.31033343135815877       0.31033343135815877       0.44593250075979834       0.27261428737900911       0.44623953868144228       0.26233374206021920     
  0.56999999284744263       0.27835215398371144       0.27835215398371144       0.41067781236534456       0.25106185122096358       0.41405313386462483       0.24341211076772992     
  0.57999998331069946       0.24818523286938188       0.24818523286938188       0.37700759644439480       0.23047805904715371       0.38318214799020234       0.22526378337062170     
  0.58999997377395630       0.21974983874011017       0.21974983874011017       0.34485307607590343       0.21082086509664621       0.35357087995054126       0.20785601449620567     
  0.59999996423721313       0.19304879202011896       0.19304879202011896       0.31422030769421433       0.19209397188166039       0.32523359693226178       0.19119719148834247     
  0.61000001430511475       0.16798920538473092       0.16798920538473092       0.28511005613297324       0.17429784697201589       0.29815677408651298       0.17527936340610761     
  0.62000000476837158       0.14451237910785822       0.14451237910785822       0.25744581026153690       0.15738571641129318       0.27232451018913262       0.16009318229335642     
  0.62999999523162842       0.12260027915695591       0.12260027915695591       0.23122263709503568       0.14135456449161563       0.24773980394329267       0.14564041101724037     
  0.63999998569488525       0.10216045651005776       0.10216045651005776       0.20640832536160109       0.12618469932483636       0.22433679799963649       0.13188233358914503     
  0.64999997615814209        8.3181581440556873E-002   8.3181581440556873E-002  0.18299107776887683       0.11186890880947524       0.20211464893946535       0.11881845418303022     
  0.65999996662139893        6.5565805979386979E-002   6.5565805979386979E-002  0.16088773074497154        9.8356352116823392E-002  0.18104773736714780       0.10643371175803613     
  0.66999995708465576        4.9248204408175414E-002   4.9248204408175414E-002  0.14008309517864323        8.5637743606721328E-002  0.16110876011497585        9.4712055423253547E-002
  0.68000000715255737        3.4203057000228416E-002   3.4203057000228416E-002  0.12057284705073749        7.3710439853542670E-002  0.14228914317776967        8.3648444722450879E-002
  0.68999999761581421        2.0337935751906518E-002   2.0337935751906518E-002  0.10224426264721975        6.2505528869666302E-002  0.12451778727822059        7.3201082060710784E-002
  0.69999998807907104        7.6368453932666204E-003   7.6368453932666204E-003   8.5091129770116819E-002   5.2019212919065194E-002  0.10778385010043455        6.3363593495218321E-002
  0.70999997854232788       -3.9955857416296061E-003  -3.9955857416296061E-003   6.9091240060094289E-002   4.2237915247312831E-002   9.2054910513783506E-002   5.4116919404891169E-002
  0.71999996900558472       -1.4622545800562664E-002  -1.4622545800562664E-002   5.4159234767369370E-002   3.3109453035924420E-002   7.7297736421801447E-002   4.5441523420880509E-002
  0.72999995946884155       -2.4284508281907213E-002  -2.4284508281907213E-002   4.0272376126561656E-002   2.4619925885859137E-002   6.3497290321419542E-002   3.7328565348382213E-002
  0.74000000953674316       -3.2996642201320647E-002  -3.2996642201320647E-002   2.7386614496174841E-002   1.6742404695503185E-002   5.0581210866616801E-002   2.9735505651929801E-002
  0.75000000000000000       -4.0894310924957628E-002  -4.0894310924957628E-002   1.5477733516862175E-002   9.4620851491027565E-003   3.8534124879861020E-002   2.2653306801587853E-002
  0.75999999046325684       -4.7974225708568498E-002  -4.7974225708568498E-002   4.4625221394350096E-003   2.7280973933998948E-003   2.7321137092924080E-002   1.6061454688898733E-002
  0.76999998092651367       -5.4317897443511891E-002  -5.4317897443511891E-002  -5.6634176471052197E-003  -3.4622472310600161E-003   1.6907296428525231E-002   9.9394023965740687E-003
  0.77999997138977051       -5.9935526297106252E-002  -5.9935526297106252E-002  -1.4981332786570677E-002  -9.1586178505492812E-003   7.2755917840150444E-003   4.2771494969784420E-003
  0.78999996185302734       -6.4908358659816215E-002  -6.4908358659816215E-002  -2.3514031552421204E-002  -1.4374957968187484E-002  -1.6439529839259706E-003  -9.6644134071730372E-004
  0.79999995231628418       -6.9287094369624574E-002  -6.9287094369624574E-002  -3.1302917954470891E-002  -1.9136579317501453E-002  -9.8675417851893914E-003  -5.8008960144883661E-003
  0.81000000238418579       -7.3101099985082421E-002  -7.3101099985082421E-002  -3.8370742451563078E-002  -2.3457390057494074E-002  -1.7429090966303851E-002  -1.0246153147721116E-002
  0.81999999284744263       -7.6378083951691780E-002  -7.6378083951691780E-002  -4.4792901318790337E-002  -2.7383482594012212E-002  -2.4345081669408464E-002  -1.4311901616716097E-002
  0.82999998331069946       -7.9163806998250236E-002  -7.9163806998250236E-002  -5.0589856771698971E-002  -3.0927366202114240E-002  -3.0681527052459013E-002  -1.8036949006303107E-002
  0.83999997377395630       -8.1527470704509136E-002  -8.1527470704509136E-002  -5.5799105286455722E-002  -3.4111963801999615E-002  -3.6453423902353246E-002  -2.1430111575206034E-002
  0.84999996423721313       -8.3468752931932191E-002  -8.3468752931932191E-002  -6.0439867990566151E-002  -3.6949025947774022E-002  -4.1691867174225253E-002  -2.4509669317088215E-002
  0.85999995470046997       -8.5049259396874563E-002  -8.5049259396874563E-002  -6.4581111369694549E-002  -3.9480714287916455E-002  -4.6411756078526496E-002  -2.7284381127772796E-002
  0.87000000476837158       -8.6252589605455218E-002  -8.6252589605455218E-002  -6.8213098084243501E-002  -4.1701076042822735E-002  -5.0673657765239598E-002  -2.9789853011935714E-002
  0.87999999523162842       -8.7179245493080426E-002  -8.7179245493080426E-002  -7.1447464990065601E-002  -4.3678358765321439E-002  -5.4490353859347591E-002  -3.2033598986648100E-002
  0.88999998569488525       -8.7822513051201742E-002  -8.7822513051201742E-002  -7.4220423943384670E-002  -4.5373566510220641E-002  -5.7889436348003760E-002  -3.4031839732986513E-002
  0.89999997615814209       -8.8196190779033290E-002  -8.8196190779033290E-002  -7.6594638576943735E-002  -4.6825007769401593E-002  -6.0897586277460607E-002  -3.5800260411271566E-002
  0.90999996662139893       -8.8330836897205001E-002  -8.8330836897205001E-002  -7.8633330563459447E-002  -4.8071332184290286E-002  -6.3525831733516128E-002  -3.7345344174079920E-002
  0.91999995708465576       -8.8265420694021754E-002  -8.8265420694021754E-002  -8.0322974630093955E-002  -4.9104271277908493E-002  -6.5827837600016342E-002  -3.8698639345968962E-002
  0.93000000715255737       -8.8026189823866591E-002  -8.8026189823866591E-002  -8.1719791789044163E-002  -4.9958194940653795E-002  -6.7812669074875806E-002  -3.9865475143839577E-002
  0.93999999761581421       -8.7620697127613306E-002  -8.7620697127613306E-002  -8.2832972995690340E-002  -5.0638721928160879E-002  -6.9502653268150166E-002  -4.0858977151201563E-002
  0.94999998807907104       -8.7067461800954829E-002  -8.7067461800954829E-002  -8.3685616833736598E-002  -5.1159973220455200E-002  -7.0905745353882998E-002  -4.1683822027997919E-002
  0.95999997854232788       -8.6351991605771922E-002  -8.6351991605771922E-002  -8.5179621880764056E-002  -5.2073311271712004E-002  -7.2070012304453313E-002  -4.2368267218136448E-002
  0.96999996900558472       -8.5554242662695318E-002  -8.5554242662695318E-002  -8.5568010574585698E-002  -5.2310746997549146E-002  -7.3001062004086292E-002  -4.2915609465016782E-002
  0.97999995946884155       -8.4645003424284534E-002  -8.4645003424284534E-002  -8.5757831469892118E-002  -5.2426791215038120E-002  -7.3717293193021866E-002  -4.3336664955816423E-002
  0.98999994993209839       -8.3661215514305443E-002  -8.3661215514305443E-002  -8.5767366285772542E-002  -5.2432620184741159E-002  -7.4223605934050071E-002  -4.3634314322340891E-002
   1.0000000000000000       -8.2603337210831601E-002  -8.2603337210831601E-002  -8.5601088742426043E-002  -5.2330968849821038E-002  -7.4562147885957816E-002  -4.3833335183089205E-002
