 gamma g3f pt DY-RATIO error R_dy tmp element 
   3.1515151515151514        0.0000000000000000       0.75000000000000000       0.96699999999999997        8.9999999999999993E-003  0.99473237737768683        9.4948735187461448      Fe
   3.1515151515151514        5.0505050505050509E-003  0.75000000000000000       0.96699999999999997        8.9999999999999993E-003  0.99465706145159671        9.4433709646592430      Fe
   3.1515151515151514        1.0101010101010102E-002  0.75000000000000000       0.96699999999999997        8.9999999999999993E-003  0.99458440854647001        9.3938221587477724      Fe
   3.1515151515151514        1.5151515151515152E-002  0.75000000000000000       0.96699999999999997        8.9999999999999993E-003  0.99451206622417121        9.3446146657183196      Fe
   3.1515151515151514        2.0202020202020204E-002  0.75000000000000000       0.96699999999999997        8.9999999999999993E-003  0.99443867340562475        9.2948246698832193      Fe
   3.1515151515151514        2.5252525252525252E-002  0.75000000000000000       0.96699999999999997        8.9999999999999993E-003  0.99436633810298369        9.2458822366273932      Fe
   3.1515151515151514        3.0303030303030304E-002  0.75000000000000000       0.96699999999999997        8.9999999999999993E-003  0.99429400630831799        9.1970713624506661      Fe
   3.1515151515151514        3.5353535353535352E-002  0.75000000000000000       0.96699999999999997        8.9999999999999993E-003  0.99422167803588501        9.1483920381405710      Fe
   3.1515151515151514        4.0404040404040407E-002  0.75000000000000000       0.96699999999999997        8.9999999999999993E-003  0.99415236451400535        9.1018629469310941      Fe
   3.1515151515151514        4.5454545454545456E-002  0.75000000000000000       0.96699999999999997        8.9999999999999993E-003  0.99407879943826460        9.0526096175032240      Fe
   3.1515151515151514        5.0505050505050504E-002  0.75000000000000000       0.96699999999999997        8.9999999999999993E-003  0.99400648165420824        9.0043216214702220      Fe
   3.1515151515151514        5.5555555555555552E-002  0.75000000000000000       0.96699999999999997        8.9999999999999993E-003  0.99393587040705111        8.9572977109315257      Fe
   3.1515151515151514        6.0606060606060608E-002  0.75000000000000000       0.96699999999999997        8.9999999999999993E-003  0.99386324578188645        8.9090614066424916      Fe
   3.1515151515151514        6.5656565656565663E-002  0.75000000000000000       0.96699999999999997        8.9999999999999993E-003  0.99379093869316715        8.8611653834696575      Fe
   3.1515151515151514        7.0707070707070704E-002  0.75000000000000000       0.96699999999999997        8.9999999999999993E-003  0.99371863522579329        8.8134008435679476      Fe
   3.1515151515151514        7.5757575757575760E-002  0.75000000000000000       0.96699999999999997        8.9999999999999993E-003  0.99364633539380154        8.7657677767773112      Fe
   3.1515151515151514        8.0808080808080815E-002  0.75000000000000000       0.96699999999999997        8.9999999999999993E-003  0.99357403921119969        8.7182661728195097      Fe
   3.1515151515151514        8.5858585858585856E-002  0.75000000000000000       0.96699999999999997        8.9999999999999993E-003  0.99350174669196645        8.6708960212982245      Fe
   3.1515151515151514        9.0909090909090912E-002  0.75000000000000000       0.96699999999999997        8.9999999999999993E-003  0.99342786726027799        8.6226193571219092      Fe
   3.1515151515151514        9.5959595959595953E-002  0.75000000000000000       0.96699999999999997        8.9999999999999993E-003  0.99335558211663222        8.5755149223030340      Fe
   3.1515151515151514       0.10101010101010101       0.75000000000000000       0.96699999999999997        8.9999999999999993E-003  0.99328361282431077        8.5287444826947549      Fe
   3.1515151515151514       0.10606060606060606       0.75000000000000000       0.96699999999999997        8.9999999999999993E-003  0.99321133508365733        8.4819023070094719      Fe
   3.1515151515151514       0.11111111111111110       0.75000000000000000       0.96699999999999997        8.9999999999999993E-003  0.99313906107583305        8.4351915299522489      Fe
   3.1515151515151514       0.11616161616161616       0.75000000000000000       0.96699999999999997        8.9999999999999993E-003  0.99306589537248413        8.3880358218431024      Fe
   3.1515151515151514       0.12121212121212122       0.75000000000000000       0.96699999999999997        8.9999999999999993E-003  0.99299362883654330        8.3415893838515647      Fe
   3.1515151515151514       0.12626262626262627       0.75000000000000000       0.96699999999999997        8.9999999999999993E-003  0.99292136607476156        8.2952743108864322      Fe
   3.1515151515151514       0.13131313131313133       0.75000000000000000       0.96699999999999997        8.9999999999999993E-003  0.99284910710085672        8.2490905915007762      Fe
   3.1515151515151514       0.13636363636363635       0.75000000000000000       0.96699999999999997        8.9999999999999993E-003  0.99277636161483485        8.2027261493670718      Fe
   3.1515151515151514       0.14141414141414141       0.75000000000000000       0.96699999999999997        8.9999999999999993E-003  0.99270411028185124        8.1568059923650864      Fe
   3.1515151515151514       0.14646464646464646       0.75000000000000000       0.96699999999999997        8.9999999999999993E-003  0.99263186277772486        8.1110171537792439      Fe
   3.1515151515151514       0.15151515151515152       0.75000000000000000       0.96699999999999997        8.9999999999999993E-003  0.99255802341517796        8.0643526035899562      Fe
   3.1515151515151514       0.15656565656565657       0.75000000000000000       0.96699999999999997        8.9999999999999993E-003  0.99247959188416857        8.0149333652319772      Fe
   3.1515151515151514       0.16161616161616163       0.75000000000000000       0.96699999999999997        8.9999999999999993E-003  0.99240735618004094        7.9695524451785964      Fe
   3.1515151515151514       0.16666666666666666       0.75000000000000000       0.96699999999999997        8.9999999999999993E-003  0.99233205998719121        7.9223859653661153      Fe
   3.1515151515151514       0.17171717171717171       0.75000000000000000       0.96699999999999997        8.9999999999999993E-003  0.99226021348948512        7.8775109325230579      Fe
   3.1515151515151514       0.17676767676767677       0.75000000000000000       0.96699999999999997        8.9999999999999993E-003  0.99218798965587429        7.8325286778324923      Fe
   3.1515151515151514       0.18181818181818182       0.75000000000000000       0.96699999999999997        8.9999999999999993E-003  0.99211576974572924        7.7876776533393786      Fe
   3.1515151515151514       0.18686868686868688       0.75000000000000000       0.96699999999999997        8.9999999999999993E-003  0.99204469960570707        7.7436663992605599      Fe
   3.1515151515151514       0.19191919191919191       0.75000000000000000       0.96699999999999997        8.9999999999999993E-003  0.99197166577553619        7.6985690321615694      Fe
   3.1515151515151514       0.19696969696969696       0.75000000000000000       0.96699999999999997        8.9999999999999993E-003  0.99189945756730236        7.6541109524184208      Fe
   3.1515151515151514       0.20202020202020202       0.75000000000000000       0.96699999999999997        8.9999999999999993E-003  0.99182725333600519        7.6097840519775586      Fe
   3.1515151515151514       0.20707070707070707       0.75000000000000000       0.96699999999999997        8.9999999999999993E-003  0.99175505309493828        7.5655883176940080      Fe
   3.1515151515151514       0.21212121212121213       0.75000000000000000       0.96699999999999997        8.9999999999999993E-003  0.99168207783715923        7.5210489674023231      Fe
   3.1515151515151514       0.21717171717171718       0.75000000000000000       0.96699999999999997        8.9999999999999993E-003  0.99160988562012853        7.4771169164914877      Fe
   3.1515151515151514       0.22222222222222221       0.75000000000000000       0.96699999999999997        8.9999999999999993E-003  0.99153769743304054        7.4333159915487164      Fe
   3.1515151515151514       0.22727272727272727       0.75000000000000000       0.96699999999999997        8.9999999999999993E-003  0.99146551328907750        7.3896461789880190      Fe
   3.1515151515151514       0.23232323232323232       0.75000000000000000       0.96699999999999997        8.9999999999999993E-003  0.99139159537330024        7.3450608006765812      Fe
   3.1515151515151514       0.23737373737373738       0.75000000000000000       0.96699999999999997        8.9999999999999993E-003  0.99131941938295820        7.3016562854840066      Fe
   3.1515151515151514       0.24242424242424243       0.75000000000000000       0.96699999999999997        8.9999999999999993E-003  0.99124724747512150        7.2583828409850266      Fe
   3.1515151515151514       0.24747474747474749       0.75000000000000000       0.96699999999999997        8.9999999999999993E-003  0.99117507966286156        7.2152404531568388      Fe
   3.1515151515151514       0.25252525252525254       0.75000000000000000       0.96699999999999997        8.9999999999999993E-003  0.99110291595922229        7.1722291078683185      Fe
   3.1515151515151514       0.25757575757575757       0.75000000000000000       0.96699999999999997        8.9999999999999993E-003  0.99103000915771799        7.1289054335803970      Fe
   3.1515151515151514       0.26262626262626265       0.75000000000000000       0.96699999999999997        8.9999999999999993E-003  0.99095702428198629        7.0856668203417534      Fe
   3.1515151515151514       0.26767676767676768       0.75000000000000000       0.96699999999999997        8.9999999999999993E-003  0.99088487301299111        7.0430513437865727      Fe
   3.1515151515151514       0.27272727272727271       0.75000000000000000       0.96699999999999997        8.9999999999999993E-003  0.99081209908375489        7.0001983058587918      Fe
   3.1515151515151514       0.27777777777777779       0.75000000000000000       0.96699999999999997        8.9999999999999993E-003  0.99073995629294631        6.9578459850741066      Fe
   3.1515151515151514       0.28282828282828282       0.75000000000000000       0.96699999999999997        8.9999999999999993E-003  0.99066689932953511        6.9150879490660611      Fe
   3.1515151515151514       0.28787878787878790       0.75000000000000000       0.96699999999999997        8.9999999999999993E-003  0.99059476496019483        6.8729991793436929      Fe
   3.1515151515151514       0.29292929292929293       0.75000000000000000       0.96699999999999997        8.9999999999999993E-003  0.99052202556744695        6.8306874913040678      Fe
   3.1515151515151514       0.29797979797979796       0.75000000000000000       0.96699999999999997        8.9999999999999993E-003  0.99044989963681507        6.7888616416876655      Fe
   3.1515151515151514       0.30303030303030304       0.75000000000000000       0.96699999999999997        8.9999999999999993E-003  0.99037777794374093        6.7471666862575495      Fe
   3.1515151515151514       0.30808080808080807       0.75000000000000000       0.96699999999999997        8.9999999999999993E-003  0.99030566050097002        6.7056026097095742      Fe
   3.1515151515151514       0.31313131313131315       0.75000000000000000       0.96699999999999997        8.9999999999999993E-003  0.99023354732122137        6.6641693966349926      Fe
   3.1515151515151514       0.31818181818181818       0.75000000000000000       0.96699999999999997        8.9999999999999993E-003  0.99016143841718696        6.6228670315203111      Fe
   3.1515151515151514       0.32323232323232326       0.75000000000000000       0.96699999999999997        8.9999999999999993E-003  0.99008914765199796        6.5815893740217808      Fe
   3.1515151515151514       0.32828282828282829       0.75000000000000000       0.96699999999999997        8.9999999999999993E-003  0.99001704725977091        6.5405489451670249      Fe
   3.1515151515151514       0.33333333333333331       0.75000000000000000       0.96699999999999997        8.9999999999999993E-003  0.98994495118118253        6.4996393173685307      Fe
   3.1515151515151514       0.33838383838383840       0.75000000000000000       0.96699999999999997        8.9999999999999993E-003  0.98987285942883274        6.4588604747054843      Fe
   3.1515151515151514       0.34343434343434343       0.75000000000000000       0.96699999999999997        8.9999999999999993E-003  0.98979974798485149        6.4176359033671702      Fe
   3.1515151515151514       0.34848484848484851       0.75000000000000000       0.96699999999999997        8.9999999999999993E-003  0.98972766494587583        6.3771204184196835      Fe
   3.1515151515151514       0.35353535353535354       0.75000000000000000       0.96699999999999997        8.9999999999999993E-003  0.98965558627072259        6.3367356700019162      Fe
   3.1515151515151514       0.35858585858585856       0.75000000000000000       0.96699999999999997        8.9999999999999993E-003  0.98958351197187189        6.2964816417738554      Fe
   3.1515151515151514       0.36363636363636365       0.75000000000000000       0.96699999999999997        8.9999999999999993E-003  0.98951144206177677        6.2563583172930084      Fe
   3.1515151515151514       0.36868686868686867       0.75000000000000000       0.96699999999999997        8.9999999999999993E-003  0.98974502663193542        6.3868671171290483      Fe
   3.1515151515151514       0.37373737373737376       0.75000000000000000       0.96699999999999997        8.9999999999999993E-003  0.98967614674949977        6.3482423630228464      Fe
   3.1515151515151514       0.37878787878787878       0.75000000000000000       0.96699999999999997        8.9999999999999993E-003  0.98960407726016186        6.3079544294242966      Fe
   3.1515151515151514       0.38383838383838381       0.75000000000000000       0.96699999999999997        8.9999999999999993E-003  0.98953157894382404        6.2675561691577322      Fe
   3.1515151515151514       0.38888888888888890       0.75000000000000000       0.96699999999999997        8.9999999999999993E-003  0.98945498678202348        6.2250176713685272      Fe
   3.1515151515151514       0.39393939393939392       0.75000000000000000       0.96699999999999997        8.9999999999999993E-003  0.98938293076885819        6.1851307383148173      Fe
   3.1515151515151514       0.39898989898989901       0.75000000000000000       0.96699999999999997        8.9999999999999993E-003  0.98931087923142247        6.1453744701125901      Fe
   3.1515151515151514       0.40404040404040403       0.75000000000000000       0.96699999999999997        8.9999999999999993E-003  0.98923883218196107        6.1057488495978856      Fe
   3.1515151515151514       0.40909090909090912       0.75000000000000000       0.96699999999999997        8.9999999999999993E-003  0.98916678963269222        6.0662538595065776      Fe
   3.1515151515151514       0.41414141414141414       0.75000000000000000       0.96699999999999997        8.9999999999999993E-003  0.98909475159580984        6.0268894824758377      Fe
   3.1515151515151514       0.41919191919191917       0.75000000000000000       0.96699999999999997        8.9999999999999993E-003  0.98902134215300586        5.9869075335772086      Fe
   3.1515151515151514       0.42424242424242425       0.75000000000000000       0.96699999999999997        8.9999999999999993E-003  0.98894931322725688        5.9478068042991978      Fe
   3.1515151515151514       0.42929292929292928       0.75000000000000000       0.96699999999999997        8.9999999999999993E-003  0.98887728885031789        5.9088366350647519      Fe
   3.1515151515151514       0.43434343434343436       0.75000000000000000       0.96699999999999997        8.9999999999999993E-003  0.98880390075113733        5.8692603452524503      Fe
   3.1515151515151514       0.43939393939393939       0.75000000000000000       0.96699999999999997        8.9999999999999993E-003  0.98873188553295999        5.8305536891071217      Fe
   3.1515151515151514       0.44444444444444442       0.75000000000000000       0.96699999999999997        8.9999999999999993E-003  0.98866081918908366        5.7924825671873617      Fe
   3.1515151515151514       0.44949494949494950       0.75000000000000000       0.96699999999999997        8.9999999999999993E-003  0.98858390601200474        5.7514197374698242      Fe
   3.1515151515151514       0.45454545454545453       0.75000000000000000       0.96699999999999997        8.9999999999999993E-003  0.98851190465210148        5.7131116266803286      Fe
   3.1515151515151514       0.45959595959595961       0.75000000000000000       0.96699999999999997        8.9999999999999993E-003  0.98843990791316838        5.6749339669770551      Fe
   3.1515151515151514       0.46464646464646464       0.75000000000000000       0.96699999999999997        8.9999999999999993E-003  0.98836765894951384        5.6367512220091376      Fe
   3.1515151515151514       0.46969696969696972       0.75000000000000000       0.96699999999999997        8.9999999999999993E-003  0.98829567149938713        5.5988348717260568      Fe
   3.1515151515151514       0.47474747474747475       0.75000000000000000       0.96699999999999997        8.9999999999999993E-003  0.98822368870596700        5.5610489171332391      Fe
   3.1515151515151514       0.47979797979797978       0.75000000000000000       0.96699999999999997        8.9999999999999993E-003  0.98815224316057071        5.5236714904186623      Fe
   3.1515151515151514       0.48484848484848486       0.75000000000000000       0.96699999999999997        8.9999999999999993E-003  0.98808026962081752        5.4861452751402870      Fe
   3.1515151515151514       0.48989898989898989       0.75000000000000000       0.96699999999999997        8.9999999999999993E-003  0.98800588368337183        5.4474956706092383      Fe
   3.1515151515151514       0.49494949494949497       0.75000000000000000       0.96699999999999997        8.9999999999999993E-003  0.98793391958718246        5.4102344355879364      Fe
   3.1515151515151514       0.50000000000000000       0.75000000000000000       0.96699999999999997        8.9999999999999993E-003  0.98786196020676498        5.3731035020820572      Fe
