 gamma g3f pt DY-RATIO error R_dy tmp element 
   3.1515151515151514        0.0000000000000000       0.25000000000000000       0.98599999999999999       0.11300000000000000       0.98725127052855155        1.2261554825136707E-004 Fe
   3.1515151515151514        5.0505050505050509E-003  0.25000000000000000       0.98599999999999999       0.11300000000000000       0.98723255023403889        1.1897408406526297E-004 Fe
   3.1515151515151514        1.0101010101010102E-002  0.25000000000000000       0.98599999999999999       0.11300000000000000       0.98721383140003427        1.1538778821436175E-004 Fe
   3.1515151515151514        1.5151515151515152E-002  0.25000000000000000       0.98599999999999999       0.11300000000000000       0.98719511402634530        1.1185664781637583E-004 Fe
   3.1515151515151514        2.0202020202020204E-002  0.25000000000000000       0.98599999999999999       0.11300000000000000       0.98717639811278113        1.0838064999256241E-004 Fe
   3.1515151515151514        2.5252525252525252E-002  0.25000000000000000       0.98599999999999999       0.11300000000000000       0.98715768365915069        1.0495978186737814E-004 Fe
   3.1515151515151514        3.0303030303030304E-002  0.25000000000000000       0.98599999999999999       0.11300000000000000       0.98713897066526213        1.0159403056838295E-004 Fe
   3.1515151515151514        3.5353535353535352E-002  0.25000000000000000       0.98599999999999999       0.11300000000000000       0.98712025913092438        9.8283383226523629E-005 Fe
   3.1515151515151514        4.0404040404040407E-002  0.25000000000000000       0.98599999999999999       0.11300000000000000       0.98710154905594605        9.5027826975930562E-005 Fe
   3.1515151515151514        4.5454545454545456E-002  0.25000000000000000       0.98599999999999999       0.11300000000000000       0.98708284044013583        9.1827348953997385E-005 Fe
   3.1515151515151514        5.0505050505050504E-002  0.25000000000000000       0.98599999999999999       0.11300000000000000       0.98706413328330278        8.8681936301416079E-005 Fe
   3.1515151515151514        5.5555555555555552E-002  0.25000000000000000       0.98599999999999999       0.11300000000000000       0.98704542758525549        8.5591576162044196E-005 Fe
   3.1515151515151514        6.0606060606060608E-002  0.25000000000000000       0.98599999999999999       0.11300000000000000       0.98702672334580266        8.2556255683000393E-005 Fe
   3.1515151515151514        6.5656565656565663E-002  0.25000000000000000       0.98599999999999999       0.11300000000000000       0.98700802056475323        7.9575962014679773E-005 Fe
   3.1515151515151514        7.0707070707070704E-002  0.25000000000000000       0.98599999999999999       0.11300000000000000       0.98698931924191713        7.6650682310870665E-005 Fe
   3.1515151515151514        7.5757575757575760E-002  0.25000000000000000       0.98599999999999999       0.11300000000000000       0.98697061937710184        7.3780403728216320E-005 Fe
   3.1515151515151514        8.0808080808080815E-002  0.25000000000000000       0.98599999999999999       0.11300000000000000       0.98695192097011752        7.0965113427011702E-005 Fe
   3.1515151515151514        8.5858585858585856E-002  0.25000000000000000       0.98599999999999999       0.11300000000000000       0.98693322402077210        6.8204798570449974E-005 Fe
   3.1515151515151514        9.0909090909090912E-002  0.25000000000000000       0.98599999999999999       0.11300000000000000       0.98691452852887562        6.5499446325274812E-005 Fe
   3.1515151515151514        9.5959595959595953E-002  0.25000000000000000       0.98599999999999999       0.11300000000000000       0.98689583449423668        6.2849043861250577E-005 Fe
   3.1515151515151514       0.10101010101010101       0.25000000000000000       0.98599999999999999       0.11300000000000000       0.98687714191666487        6.0253578351518573E-005 Fe
   3.1515151515151514       0.10606060606060606       0.25000000000000000       0.98599999999999999       0.11300000000000000       0.98685845079596879        5.7713036972313321E-005 Fe
   3.1515151515151514       0.11111111111111110       0.25000000000000000       0.98599999999999999       0.11300000000000000       0.98683976113195815        5.5227406903254124E-005 Fe
   3.1515151515151514       0.11616161616161616       0.25000000000000000       0.98599999999999999       0.11300000000000000       0.98682107292444154        5.2796675327042911E-005 Fe
   3.1515151515151514       0.12121212121212122       0.25000000000000000       0.98599999999999999       0.11300000000000000       0.98680238617322891        5.0420829429786946E-005 Fe
   3.1515151515151514       0.12626262626262627       0.25000000000000000       0.98599999999999999       0.11300000000000000       0.98678370087812928        4.8099856400706388E-005 Fe
   3.1515151515151514       0.13131313131313133       0.25000000000000000       0.98599999999999999       0.11300000000000000       0.98676501703895236        4.5833743432333056E-005 Fe
   3.1515151515151514       0.13636363636363635       0.25000000000000000       0.98599999999999999       0.11300000000000000       0.98674633465550698        4.3622477720318595E-005 Fe
   3.1515151515151514       0.14141414141414141       0.25000000000000000       0.98599999999999999       0.11300000000000000       0.98672765372760252        4.1466046463611468E-005 Fe
   3.1515151515151514       0.14646464646464646       0.25000000000000000       0.98599999999999999       0.11300000000000000       0.98670897425504933        3.9364436864497774E-005 Fe
   3.1515151515151514       0.15151515151515152       0.25000000000000000       0.98599999999999999       0.11300000000000000       0.98669029623765570        3.7317636128250067E-005 Fe
   3.1515151515151514       0.15656565656565657       0.25000000000000000       0.98599999999999999       0.11300000000000000       0.98667161967523220        3.5325631463624938E-005 Fe
   3.1515151515151514       0.16161616161616163       0.25000000000000000       0.98599999999999999       0.11300000000000000       0.98665294456758745        3.3388410082385658E-005 Fe
   3.1515151515151514       0.16666666666666666       0.25000000000000000       0.98599999999999999       0.11300000000000000       0.98663427091453204        3.1505959199728052E-005 Fe
   3.1515151515151514       0.17171717171717171       0.25000000000000000       0.98599999999999999       0.11300000000000000       0.98661559871587490        2.9678266033897561E-005 Fe
   3.1515151515151514       0.17676767676767677       0.25000000000000000       0.98599999999999999       0.11300000000000000       0.98659692797142573        2.7905317806441541E-005 Fe
   3.1515151515151514       0.18181818181818182       0.25000000000000000       0.98599999999999999       0.11300000000000000       0.98657825868099447        2.6187101742147163E-005 Fe
   3.1515151515151514       0.18686868686868688       0.25000000000000000       0.98599999999999999       0.11300000000000000       0.98655959084439104        2.4523605069018308E-005 Fe
   3.1515151515151514       0.19191919191919191       0.25000000000000000       0.98599999999999999       0.11300000000000000       0.98654092446142438        2.2914815018190446E-005 Fe
   3.1515151515151514       0.19696969696969696       0.25000000000000000       0.98599999999999999       0.11300000000000000       0.98652225953190542        2.1360718824190030E-005 Fe
   3.1515151515151514       0.20202020202020202       0.25000000000000000       0.98599999999999999       0.11300000000000000       0.98650359605564297        1.9861303724580834E-005 Fe
   3.1515151515151514       0.20707070707070707       0.25000000000000000       0.98599999999999999       0.11300000000000000       0.98648493403244741        1.8416556960272635E-005 Fe
   3.1515151515151514       0.21212121212121213       0.25000000000000000       0.98599999999999999       0.11300000000000000       0.98646627346212901        1.7026465775376418E-005 Fe
   3.1515151515151514       0.21717171717171718       0.25000000000000000       0.98599999999999999       0.11300000000000000       0.98644761434449668        1.5691017417119982E-005 Fe
   3.1515151515151514       0.22222222222222221       0.25000000000000000       0.98599999999999999       0.11300000000000000       0.98642895667936148        1.4410199136098185E-005 Fe
   3.1515151515151514       0.22727272727272727       0.25000000000000000       0.98599999999999999       0.11300000000000000       0.98641030046653233        1.3183998185970568E-005 Fe
   3.1515151515151514       0.23232323232323232       0.25000000000000000       0.98599999999999999       0.11300000000000000       0.98639164570582050        1.2012401823764179E-005 Fe
   3.1515151515151514       0.23737373737373738       0.25000000000000000       0.98599999999999999       0.11300000000000000       0.98637299239703535        1.0895397309592584E-005 Fe
   3.1515151515151514       0.24242424242424243       0.25000000000000000       0.98599999999999999       0.11300000000000000       0.98635434053998705        9.8329719068309030E-006 Fe
   3.1515151515151514       0.24747474747474749       0.25000000000000000       0.98599999999999999       0.11300000000000000       0.98633569013448597        8.8251128820748416E-006 Fe
   3.1515151515151514       0.25252525252525254       0.25000000000000000       0.98599999999999999       0.11300000000000000       0.98631704118034147        7.8718075050763585E-006 Fe
   3.1515151515151514       0.25757575757575757       0.25000000000000000       0.98599999999999999       0.11300000000000000       0.98629839367736516        6.9730430489083144E-006 Fe
   3.1515151515151514       0.26262626262626265       0.25000000000000000       0.98599999999999999       0.11300000000000000       0.98627974762536619        6.1288067897272968E-006 Fe
   3.1515151515151514       0.26767676767676768       0.25000000000000000       0.98599999999999999       0.11300000000000000       0.98626110302415537        5.3390860069768489E-006 Fe
   3.1515151515151514       0.27272727272727271       0.25000000000000000       0.98599999999999999       0.11300000000000000       0.98624245987354275        4.6038679832699686E-006 Fe
   3.1515151515151514       0.27777777777777779       0.25000000000000000       0.98599999999999999       0.11300000000000000       0.98622381817333904        3.9231400044506186E-006 Fe
   3.1515151515151514       0.28282828282828282       0.25000000000000000       0.98599999999999999       0.11300000000000000       0.98620517792335449        3.2968893595478929E-006 Fe
   3.1515151515151514       0.28787878787878790       0.25000000000000000       0.98599999999999999       0.11300000000000000       0.98618653912339904        2.7251033407853090E-006 Fe
   3.1515151515151514       0.29292929292929293       0.25000000000000000       0.98599999999999999       0.11300000000000000       0.98616790177328362        2.2077692436202812E-006 Fe
   3.1515151515151514       0.29797979797979796       0.25000000000000000       0.98599999999999999       0.11300000000000000       0.98614926587281893        1.7448743667005485E-006 Fe
   3.1515151515151514       0.30303030303030304       0.25000000000000000       0.98599999999999999       0.11300000000000000       0.98613063142181512        1.3364060118601739E-006 Fe
   3.1515151515151514       0.30808080808080807       0.25000000000000000       0.98599999999999999       0.11300000000000000       0.98611199842008290        9.8235148414668990E-007 Fe
   3.1515151515151514       0.31313131313131315       0.25000000000000000       0.98599999999999999       0.11300000000000000       0.98609336686743254        6.8269809179795470E-007 Fe
   3.1515151515151514       0.31818181818181818       0.25000000000000000       0.98599999999999999       0.11300000000000000       0.98607473676367507        4.3743314626249890E-007 Fe
   3.1515151515151514       0.32323232323232326       0.25000000000000000       0.98599999999999999       0.11300000000000000       0.98605610810862121        2.4654396217799975E-007 Fe
   3.1515151515151514       0.32828282828282829       0.25000000000000000       0.98599999999999999       0.11300000000000000       0.98603748090208143        1.1001785737636248E-007 Fe
   3.1515151515151514       0.33333333333333331       0.25000000000000000       0.98599999999999999       0.11300000000000000       0.98601885514386678        2.7842152888825362E-008 Fe
   3.1515151515151514       0.33838383838383840       0.25000000000000000       0.98599999999999999       0.11300000000000000       0.98600023083378774        4.1729373927074581E-012 Fe
   3.1515151515151514       0.34343434343434343       0.25000000000000000       0.98599999999999999       0.11300000000000000       0.98598160797165502        2.6491244940263518E-008 Fe
   3.1515151515151514       0.34848484848484851       0.25000000000000000       0.98599999999999999       0.11300000000000000       0.98596298655727965        1.0729069950751988E-007 Fe
   3.1515151515151514       0.35353535353535354       0.25000000000000000       0.98599999999999999       0.11300000000000000       0.98594436659047235        2.4238987044164546E-007 Fe
   3.1515151515151514       0.35858585858585856       0.25000000000000000       0.98599999999999999       0.11300000000000000       0.98592574807104449        4.3177609473033270E-007 Fe
   3.1515151515151514       0.36363636363636365       0.25000000000000000       0.98599999999999999       0.11300000000000000       0.98590713099880634        6.7543671256218053E-007 Fe
   3.1515151515151514       0.36868686868686867       0.25000000000000000       0.98599999999999999       0.11300000000000000       0.98588851537356936        9.7335906730174059E-007 Fe
   3.1515151515151514       0.37373737373737376       0.25000000000000000       0.98599999999999999       0.11300000000000000       0.98586990119514450        1.3255305055074821E-006 Fe
   3.1515151515151514       0.37878787878787878       0.25000000000000000       0.98599999999999999       0.11300000000000000       0.98585128846334269        1.7319383769265259E-006 Fe
   3.1515151515151514       0.38383838383838381       0.25000000000000000       0.98599999999999999       0.11300000000000000       0.98583267717797518        2.1925700344854874E-006 Fe
   3.1515151515151514       0.38888888888888890       0.25000000000000000       0.98599999999999999       0.11300000000000000       0.98581406733885313        2.7074128342981267E-006 Fe
   3.1515151515151514       0.39393939393939392       0.25000000000000000       0.98599999999999999       0.11300000000000000       0.98579545894578724        3.2764541356772093E-006 Fe
   3.1515151515151514       0.39898989898989901       0.25000000000000000       0.98599999999999999       0.11300000000000000       0.98577685199858867        3.8996813011095069E-006 Fe
   3.1515151515151514       0.40404040404040403       0.25000000000000000       0.98599999999999999       0.11300000000000000       0.98575824649706967        4.5770816962236746E-006 Fe
   3.1515151515151514       0.40909090909090912       0.25000000000000000       0.98599999999999999       0.11300000000000000       0.98573964244104029        5.3086426899094691E-006 Fe
   3.1515151515151514       0.41414141414141414       0.25000000000000000       0.98599999999999999       0.11300000000000000       0.98572103983031245        6.0943516541701924E-006 Fe
   3.1515151515151514       0.41919191919191917       0.25000000000000000       0.98599999999999999       0.11300000000000000       0.98570243866469742        6.9341959642137714E-006 Fe
   3.1515151515151514       0.42424242424242425       0.25000000000000000       0.98599999999999999       0.11300000000000000       0.98568383894400657        7.8281629984235577E-006 Fe
   3.1515151515151514       0.42929292929292928       0.25000000000000000       0.98599999999999999       0.11300000000000000       0.98566524066805095        8.7762401383795610E-006 Fe
   3.1515151515151514       0.43434343434343436       0.25000000000000000       0.98599999999999999       0.11300000000000000       0.98564664383664191        9.7784147688260185E-006 Fe
   3.1515151515151514       0.43939393939393939       0.25000000000000000       0.98599999999999999       0.11300000000000000       0.98562804844959173        1.0834674277633755E-005 Fe
   3.1515151515151514       0.44444444444444442       0.25000000000000000       0.98599999999999999       0.11300000000000000       0.98560945450671189        1.1945006055888713E-005 Fe
   3.1515151515151514       0.44949494949494950       0.25000000000000000       0.98599999999999999       0.11300000000000000       0.98559086200781276        1.3109397497924181E-005 Fe
   3.1515151515151514       0.45454545454545453       0.25000000000000000       0.98599999999999999       0.11300000000000000       0.98557227095270672        1.4327836001128269E-005 Fe
   3.1515151515151514       0.45959595959595961       0.25000000000000000       0.98599999999999999       0.11300000000000000       0.98555368134120513        1.5600308966123932E-005 Fe
   3.1515151515151514       0.46464646464646464       0.25000000000000000       0.98599999999999999       0.11300000000000000       0.98553509317311994        1.6926803796669920E-005 Fe
   3.1515151515151514       0.46969696969696972       0.25000000000000000       0.98599999999999999       0.11300000000000000       0.98551650644826239        1.8307307899744755E-005 Fe
   3.1515151515151514       0.47474747474747475       0.25000000000000000       0.98599999999999999       0.11300000000000000       0.98549792116644452        1.9741808685442486E-005 Fe
   3.1515151515151514       0.47979797979797978       0.25000000000000000       0.98599999999999999       0.11300000000000000       0.98547933732747872        2.1230293566997184E-005 Fe
   3.1515151515151514       0.48484848484848486       0.25000000000000000       0.98599999999999999       0.11300000000000000       0.98546075493117502        2.2772749961002715E-005 Fe
   3.1515151515151514       0.48989898989898989       0.25000000000000000       0.98599999999999999       0.11300000000000000       0.98544217397734635        2.4369165286990329E-005 Fe
   3.1515151515151514       0.49494949494949497       0.25000000000000000       0.98599999999999999       0.11300000000000000       0.98542359446580474        2.6019526967727033E-005 Fe
   3.1515151515151514       0.50000000000000000       0.25000000000000000       0.98599999999999999       0.11300000000000000       0.98540501639636158        2.7723822429207380E-005 Fe
