 pt up dp u1 d1 u2 d2
   0.0000000000000000        0.0000000000000000        0.0000000000000000        0.0000000000000000        0.0000000000000000        0.0000000000000000        0.0000000000000000     
   9.9999997764825821E-003   1.2451866457964289       0.73108539122268101       0.93394758638014208       0.55540293171818311       0.81481827391183370       0.49683496473497912     
   1.9999999552965164E-002   1.2436570475568689       0.73018731949089888       0.93303050278383570       0.55485755751790988       0.81408642037650991       0.49638871747095048     
   2.9999999329447746E-002   1.2407804798113842       0.72849840268257460       0.93121381929619651       0.55377720638284311       0.81259934764108877       0.49548197574249830     
   3.9999999105930328E-002   1.2370489050853837       0.72630748634272779       0.92892470125259985       0.55241590635808435       0.81075175932928423       0.49435540985274068     
   4.9999997019767761E-002   1.2320995567481341       0.72340157960364493       0.92584184820481230       0.55058258546752570       0.80824524669221343       0.49282706524202385     
   5.9999998658895493E-002   1.2262427949572652       0.71996290396443063       0.92223147597156807       0.54843555778398101       0.80532501784526400       0.49104645741492287     
   7.0000000298023224E-002   1.2192091583356273       0.71583325079266913       0.91785161630379919       0.54583092885676077       0.80176555875111211       0.48887607931941418     
   7.9999998211860657E-002   1.2111843696750584       0.71112166335539828       0.91285719019253186       0.54286082759529863       0.79770846353185154       0.48640226788841762     
   8.9999996125698090E-002   1.2022584694300089       0.70588100702913925       0.90731865118252997       0.53956715153847268       0.79321697289054505       0.48366358410354415     
   9.9999994039535522E-002   1.1922621586883564       0.70001188148557925       0.90107853731428489       0.53585626070560310       0.78814303273265840       0.48056975206746511     
  0.10999999940395355        1.1813368613819997       0.69359732083926406       0.89425025618724163       0.53179559668991128       0.78258913273056374       0.47718326479781320     
  0.11999999731779099        1.1695857618152476       0.68669790760426275       0.88691297388136803       0.52743223822852203       0.77662586999315886       0.47354716884034231     
  0.12999999523162842        1.1568638820324444       0.67922852099503672       0.87892807584108956       0.52268375357508390       0.77012203448064365       0.46958145895022274     
  0.14000000059604645        1.1433072112565115       0.67126900425001024       0.87040191578057147       0.51761338949580604       0.76317299064887500       0.46534428354849355     
  0.14999999105930328        1.1289496928389018       0.66283928650065904       0.86135101908951328       0.51223097336218160       0.75579079542492966       0.46084299433937065     
  0.15999999642372131        1.1138933629268724       0.65399927614456255       0.85185097451603942       0.50658145653221553       0.74804205074403873       0.45611820181380758     
  0.17000000178813934        1.0980344300255180       0.64468803416834841       0.84179689009184167       0.50060246151539234       0.73982613903109473       0.45110855446438169     
  0.17999999225139618        1.0814946342449847       0.63497703774080461       0.83128065911112736       0.49434863570922150       0.73122447521092016       0.44586369499376416     
  0.18999999761581421        1.0643155814261427       0.62489071486439307       0.82032390355335483       0.48783283734146465       0.72225336008289820       0.44039356280482095     
  0.19999998807907104        1.0466013234895317       0.61449015745597113       0.80900266291988820       0.48110028582550113       0.71297940140460048       0.43473877193867472     
  0.20999999344348907        1.0282637568125450       0.60372363730947320       0.79722475452937658       0.47409616167014818       0.70331339514448177       0.42884493028939691     
  0.21999999880790710        1.0094203829082393       0.59266014298973391       0.78507780422848572       0.46687257449359371       0.69333256893195050       0.42275912735873572     
  0.22999998927116394       0.99011643296657303       0.58132623104738412       0.77258624263161602       0.45944405277158801       0.68305561555098271       0.41649276106075966     
  0.23999999463558197       0.97045918266038800       0.56978488615826717       0.75982894441955517       0.45185750195106084       0.67255164613806129       0.41008797187041446     
  0.25000000000000000       0.95036217301675996       0.55798534573810765       0.74671556559957952       0.44405919597805155       0.66173314228263080       0.40349139548818252     
  0.25999999046325684       0.92995332843948841       0.54600271793484012       0.73333404077572761       0.43610142808356744       0.65067762582294664       0.39675030080948293     
  0.26999998092651367       0.90926793670665429       0.53385772123201991       0.71970960218305047       0.42799920345368642       0.63940464512451101       0.38987660743871883     
  0.28000000119209290       0.88834705159596361       0.52157445949972692       0.70587082104903032       0.41976951291716302       0.62793395717013734       0.38288236218457544     
  0.28999999165534973       0.86723614187025011       0.50917962877455525       0.69184341906688474       0.41142765273262177       0.61628804269021453       0.37578127265922534     
  0.29999998211860657       0.84597956567225963       0.49669927301566269       0.67764892795205389       0.40298642744932633       0.60448690134973593       0.36858553364667151     
  0.31000000238418579       0.82461955114445684       0.48415818559692242       0.66331075349655189       0.39445975609838058       0.59254655347123086       0.36130491352918198     
  0.31999999284744263       0.80319696360324599       0.47158035973728923       0.64885553710912480       0.38586348187777386       0.58048673173682697       0.35395144429811382     
  0.32999998331069946       0.78175200218360341       0.45898939752117335       0.63430606575319171       0.37721115581164477       0.56832749755452783       0.34653735838523408     
  0.34000000357627869       0.76032437181071244       0.44640861086800432       0.61968789005469405       0.36851797242778389       0.55608670773289737       0.33907354396909345     
  0.34999999403953552       0.73895236181754831       0.43386048056174542       0.60502302689358400       0.35979702479463549       0.54378355824631497       0.33157170578381367     
  0.35999998450279236       0.71767084296146955       0.42136548024092341       0.59033510455423865       0.35106236425577197       0.53143720446639597       0.32404352380600554     
  0.37000000476837158       0.69651647553696205       0.40894513423350037       0.57564702244838173       0.34232760870644913       0.51906583805397755       0.31650009039019755     
  0.37999999523162842       0.67551798100945393       0.39661630574938855       0.56097900299577830       0.33360478407980110       0.50668594716437743       0.30895145917942685     
  0.38999998569488525       0.65470995381747554       0.38439930619227380       0.54635319749367228       0.32490706337997655       0.49431514700594931       0.30140837103665757     
  0.39999997615814209       0.63412217598646281       0.37231162145777835       0.53178829939067918       0.31624556328666564       0.48197052192908879       0.29388124313452579     
  0.40999999642372131       0.61377809649997017       0.36036701912795277       0.51730416688629677       0.30763209313733103       0.46966602444813216       0.28637858301046731     
  0.41999998688697815       0.59370681408133441       0.34858258391182978       0.50291986132699507       0.29907798839433297       0.45741935320480120       0.27891118240089313     
  0.42999997735023499       0.57393245862844311       0.33697248317612316       0.48865158960396438       0.29059288702345398       0.44524490724162347       0.27148782111354219     
  0.43999999761581421       0.55447306954527442       0.32554730838096330       0.47451710340847919       0.28218734565712372       0.43315568417871303       0.26411642443965716     
  0.44999998807907104       0.53535327683543577       0.31432152051971640       0.46053100478071946       0.27387004788320390       0.42116571622524090       0.25680554851055221     
  0.45999997854232788       0.51658747546023076       0.30330357129394042       0.44670914546320067       0.26565042046653065       0.40928820223331136       0.24956324131855859     
  0.46999999880790710       0.49819244386589961       0.29250331181870859       0.43306413488329687       0.25753596202162182       0.39753417348807912       0.24239622918333104     
  0.47999998927116394       0.48018561862274656       0.28193097961292218       0.41961003392023466       0.24953503431701779       0.38591607775880915       0.23531210212487938     
  0.48999997973442078       0.46257622602960008       0.27159199170567533       0.40635759810944105       0.24165403348885578       0.37444286061856019       0.22831631470113178     
  0.50000000000000000       0.44537766428132913       0.26149421456788741       0.39331883090405545       0.23390009778896248       0.36312633239363340       0.22141606825162410     
  0.50999999046325684       0.42859601257208529       0.25164121747172263       0.38050275912006870       0.22627859531308425       0.35197547910090393       0.21461684199487757     
  0.51999998092651367       0.41224161336343262       0.24203907277796677       0.36791947594425078       0.21879552830974502       0.34099797172120588       0.20792331330695776     
  0.52999997138977051       0.39632091379192530       0.23269156578849898       0.35557611822629981       0.21145514094350387       0.33020246571361234       0.20134075984895902     
  0.53999996185302734       0.38083607425688626       0.22359996493676179       0.34348096355324570       0.20426235575623672       0.31959522251178352       0.19487299952638390     
  0.55000001192092896       0.36579174095457478       0.21476699814006947       0.33163932798801965       0.19722033412121528       0.30918237979609869       0.18852377478624519     
  0.56000000238418579       0.35118894864987782       0.20619327293906170       0.32005785003120868       0.19033302384315856       0.29897155019059773       0.18229772742158729     
  0.56999999284744263       0.33702960674919913       0.19787991040191996       0.30874018471513309       0.18360259850835275       0.28896627296258565       0.17619701549857392     
  0.57999998331069946       0.32330894294116047       0.18982410856546578       0.29769114026056420       0.17703191748487374       0.27917178435296791       0.17022483181202699     
  0.58999997377395630       0.31003080592791404       0.18202812711496721       0.28691289189986735       0.17062227434684721       0.26959109872578291       0.16438301436865124     
  0.59999996423721313       0.29718934196648050       0.17448852914721691       0.27640823703858508       0.16437533266433088       0.26022780302600340       0.15867375030604097     
  0.61000001430511475       0.28477947756023997       0.16720233586439867       0.26617917138782166       0.15829227925317360       0.25108480649375986       0.15309881353165916     
  0.62000000476837158       0.27279694920061887       0.16016704403629911       0.25622585203607695       0.15237320753126607       0.24216349688254254       0.14765905022738340     
  0.62999999523162842       0.26123830491423689       0.15338062690868168       0.24654936528568527       0.14661876350434822       0.23346508110273181       0.14235519630611002     
  0.63999998569488525       0.25009441447418135       0.14683772385907529       0.23714849269528659       0.14102822258582248       0.22499202490516601       0.13718875525796692     
  0.64999997615814209       0.23935858936266913       0.14053440786364219       0.22802315143498855       0.13560153551814405       0.21674346731693517       0.13215920210522744     
  0.65999996662139893       0.22902535105701194       0.13446746232195059       0.21917100721136390       0.13033731413624730       0.20871916606606755       0.12726638912269839     
  0.66999995708465576       0.21908381317854025       0.12863049552362082       0.21059088860327116       0.12523486181566840       0.20092063880443042       0.12251124169771635     
  0.68000000715255737       0.20952562750952422       0.12301860598657686       0.20227943674819604       0.12029218109732630       0.19334399656563747       0.11789138853530727     
  0.68999999761581421       0.20034392392779787       0.11762776006175288       0.19423528437196697       0.11550845888625250       0.18599090004861984       0.11340784224567087     
  0.69999998807907104       0.19152668636263870       0.11245090276362087       0.18645228261137323       0.11088003855684649       0.17885671439603373       0.10905777672725940     
  0.70999997854232788       0.18306604129782331       0.10748341132120295       0.17893009782317781       0.10640672169708312       0.17194136067281945       0.10484114384946658     
  0.71999996900558472       0.17494963461724358       0.10271803227266783       0.17166132422483663       0.10208410421256064       0.16524222619902887       0.10075635053222583     
  0.72999995946884155       0.16716939063072817        9.8150024144816869E-002  0.16464490260885092        9.7911556210382694E-002  0.15875596194563579        9.6801354707052450E-002
  0.74000000953674316       0.15971533447883834        9.3773530406792052E-002  0.15787287359899418        9.3884344383289742E-002  0.15248020158406633        9.2974713506485993E-002
  0.75000000000000000       0.15257487674030587        8.9581159442240765E-002  0.15134366655185291        9.0001534696043287E-002  0.14641116746518640        8.9274123511181802E-002
  0.75999999046325684       0.14573961859287499        8.5567980057694476E-002  0.14504892698421246        8.6258158877898700E-002  0.14054517873536276        8.5697340322795648E-002
  0.76999998092651367       0.13919951210649129        8.1728092820405912E-002  0.13898557087141292        8.2652382911227257E-002  0.13488037123748373        8.2243227272621441E-002
  0.77999997138977051       0.13294338488433280        7.8054938090397472E-002  0.13314789959388307        7.9180817922753263E-002  0.12941034961294362        7.8907884794499852E-002
  0.78999996185302734       0.12695875615041852        7.4541188040132642E-002  0.12752959894431420        7.5839708959520150E-002  0.12413359866715745        7.5690388999420696E-002
  0.79999995231628418       0.12123999702182896        7.1183537788303136E-002  0.12212570262335386        7.2626102646776936E-002  0.11904347939561315        7.2586691758275812E-002
  0.81000000238418579       0.11577483701581109        6.7974782976659084E-002  0.11692968311714519        6.9536117181748416E-002  0.11413696280423208        6.9594946143701930E-002
  0.81999999284744263       0.11055133101103423        6.4907910276130104E-002  0.11193648421111280        6.6566745718611806E-002  0.10941096842235061        6.6713273840518131E-002
  0.82999998331069946       0.10556417105602926        6.1979803233620991E-002  0.10713951322204711        6.3714067699473256E-002  0.10485852547013996        6.3937424419811206E-002
  0.83999997377395630       0.10080171898779394        5.9183628744246965E-002  0.10253357926903996        6.0974996194705477E-002  0.10047682890554892        6.1265687508835265E-002
  0.84999996423721313        9.6252614089971072E-002   5.6512716600139783E-002   9.8112075733522083E-002   5.8345602359290170E-002   9.6261120440994746E-002   5.8695161744526748E-002
  0.85999995470046997        9.1856323835547565E-002   5.3931526389472316E-002   9.3869828613218950E-002   5.5822809301040013E-002   9.2206223836971177E-002   5.6222690917882040E-002
  0.87000000476837158        8.7713104248922563E-002   5.1498921347782466E-002   8.9800293663692229E-002   5.3402725267783696E-002   8.8308055564994506E-002   5.3845785099802548E-002
  0.87999999523162842        8.3759112505234420E-002   4.9177417490843416E-002   8.5898916515810345E-002   5.1082641852749432E-002   8.4561495426423855E-002   5.1561322252169313E-002
  0.88999998569488525        7.9984991537620995E-002   4.6961521011834317E-002   8.2157718709670702E-002   4.8857814399935702E-002   8.0962449061959402E-002   4.9366805841800060E-002
  0.89999997615814209        7.6384894633943462E-002   4.4847799135559939E-002   7.8573771243175689E-002   4.6726501081026335E-002   7.7505763739851449E-002   4.7259093993531863E-002
  0.90999996662139893        7.2950008440629627E-002   4.2831077285127611E-002   7.5138785062132118E-002   4.4683772534815938E-002   7.4186712001449023E-002   4.5235304142224243E-002
  0.91999995708465576        6.9671842022502289E-002   4.0906370184886534E-002   7.1848665592961061E-002   4.2727193787219162E-002   7.1002355876802384E-002   4.3293644862423195E-002
  0.93000000715255737        6.6545287017572952E-002   3.9070678566546023E-002   6.8699322420600104E-002   4.0854332337150683E-002   6.7945912158207195E-002   4.1429980097208260E-002
  0.93999999761581421        6.3561360345768370E-002   3.7318728201835287E-002   6.5682859594930476E-002   3.9060492595790731E-002   6.5014579097800590E-002   3.9642601482463090E-002
  0.94999998807907104        6.0715455342181313E-002   3.5647814383449980E-002   6.2796777496390219E-002   3.7344188081399964E-002   6.2203805980733919E-002   3.7928734222477022E-002
  0.95999997854232788        5.8000169992430330E-002   3.4053591172893340E-002   6.0033886120230535E-002   3.5701143019004594E-002   5.9508806969104676E-002   3.6285460155395265E-002
  0.96999996900558472        5.5409993225265707E-002   3.2532822859523483E-002   5.7390420237778433E-002   3.4129118290399225E-002   5.6925901230702722E-002   3.4710534895936042E-002
  0.97999995946884155        5.2936742453282247E-002   3.1080705207658713E-002   5.4860985102338618E-002   3.2624905730399667E-002   5.4450034396970964E-002   3.3200876545835360E-002
  0.98999994993209839        5.0577503139407773E-002   2.9695527007591659E-002   5.2441562071622948E-002   3.1186115519983057E-002   5.2078284548921286E-002   3.1754703466703574E-002
   1.0000000000000000        4.8325827588202475E-002   2.8373502629305297E-002   5.0127019698282566E-002   2.9809696073660946E-002   4.9806955645835232E-002   3.0369761999879716E-002
