 x kt FF(p) FF(Pb) ratio
  0.34999999403953552        9.9999997764825821E-003  0.97675736233104093       0.56058365086030126       0.57392313841634424     
  0.35353535413742065        9.9999997764825821E-003  0.95385522458063920       0.54557581498433383       0.57196920551983688     
  0.35707071423530579        9.9999997764825821E-003  0.93129454284267232       0.53099764661073534       0.57017154314028784     
  0.36060604453086853        9.9999997764825821E-003  0.90908115266161937       0.51682458879268389       0.56851314899612460     
  0.36414140462875366        9.9999997764825821E-003  0.88720101359724368       0.50304545528146061       0.56700279595242276     
  0.36767676472663879        9.9999997764825821E-003  0.86567102012370833       0.48965934362995389       0.56564137212307208     
  0.37121212482452393        9.9999997764825821E-003  0.84448621846095406       0.47665732222082191       0.56443469626954101     
  0.37474745512008667        9.9999997764825821E-003  0.82361474431791182       0.46402894080377949       0.56340533484265343     
  0.37828281521797180        9.9999997764825821E-003  0.80428968768121745       0.45176283165946246       0.56169168718537643     
  0.38181817531585693        9.9999997764825821E-003  0.78534391681866478       0.43984857362066154       0.56007128113048366     
  0.38535353541374207        9.9999997764825821E-003  0.76666945870271375       0.42827642330659016       0.55861938733190108     
  0.38888889551162720        9.9999997764825821E-003  0.74828449228490923       0.41703756684028448       0.55732488263500923     
  0.39242422580718994        9.9999997764825821E-003  0.73017803306805229       0.40612188690020234       0.55619570640021154     
  0.39595958590507507        9.9999997764825821E-003  0.71235591169268297       0.39552045165877769       0.55522870683974745     
  0.39949494600296021        9.9999997764825821E-003  0.69480325273783294       0.38520815761171889       0.55441329051616828     
  0.40303030610084534        9.9999997764825821E-003  0.67862572864056570       0.37515212209252091       0.55281152225694696     
  0.40656566619873047        9.9999997764825821E-003  0.66281143380857022       0.36535868890664847       0.55122568843942044     
  0.41010099649429321        9.9999997764825821E-003  0.64718357561471407       0.35581431453354351       0.54978885117036624     
  0.41363635659217834        9.9999997764825821E-003  0.63176471649584798       0.34651245999574209       0.54848340046229760     
  0.41717171669006348        9.9999997764825821E-003  0.61656494952808905       0.33744368467756081       0.54729624986927317     
  0.42070704698562622        9.9999997764825821E-003  0.60157787529998197       0.32859990268525019       0.54623003301341666     
  0.42424243688583374        9.9999997764825821E-003  0.58679626686841280       0.31997165150875145       0.54528576539241014     
  0.42777776718139648        9.9999997764825821E-003  0.57322477789466753       0.31155120033934847       0.54350616434203991     
  0.43131312727928162        9.9999997764825821E-003  0.56007054034452386       0.30333026887923709       0.54159297272205276     
  0.43484848737716675        9.9999997764825821E-003  0.54705328093748284       0.29530208396920760       0.53980497742952882     
  0.43838381767272949        9.9999997764825821E-003  0.53417697319982904       0.28762152909052008       0.53843865145966219     
  0.44191917777061462        9.9999997764825821E-003  0.52144229568116041       0.28030399416945984       0.53755515517455010     
  0.44545453786849976        9.9999997764825821E-003  0.50884695000824298       0.27321063820262925       0.53692104904667981     
  0.44898989796638489        9.9999997764825821E-003  0.49641328209850016       0.26633472287155685       0.53651812406322708     
  0.45252525806427002        9.9999997764825821E-003  0.48508961309199389       0.25967007855965252       0.53530331623573202     
  0.45606058835983276        9.9999997764825821E-003  0.47422574833822667       0.25320962419402904       0.53394322236049319     
  0.45959594845771790        9.9999997764825821E-003  0.46343673476584679       0.24694742547686807       0.53286113713372163     
  0.46313130855560303        9.9999997764825821E-003  0.45272675713933919       0.24087765285051824       0.53205967849693825     
  0.46666666865348816        9.9999997764825821E-003  0.44209856552442750       0.23499795139479471       0.53155103798184622     
  0.47020202875137329        9.9999997764825821E-003  0.43156310671063897       0.22930302326174590       0.53133138513504241     
  0.47373735904693604        9.9999997764825821E-003  0.42112474735934496       0.22378368383176328       0.53139523439312175     
  0.47727271914482117        9.9999997764825821E-003  0.41168427807900004       0.21843437537039767       0.53058711979397299     
  0.48080807924270630        9.9999997764825821E-003  0.40276860319497254       0.21315828378382734       0.52923262164166629     
  0.48434340953826904        9.9999997764825821E-003  0.39387573034360485       0.20796463122932146       0.52799554582329722     
  0.48787879943847656        9.9999997764825821E-003  0.38500949515377170       0.20290052612597101       0.52700135627806555     
  0.49141412973403931        9.9999997764825821E-003  0.37618108461541477       0.19796187202188006       0.52624089864663059     
  0.49494948983192444        9.9999997764825821E-003  0.36740251383357447       0.19314449124440858       0.52570269383594614     
  0.49848484992980957        9.9999997764825821E-003  0.35867157338132560       0.18844471974710800       0.52539630607068188     
  0.50202018022537231        9.9999997764825821E-003  0.34867987296577979       0.18256464793618415       0.52358814514682772     
  0.50555557012557983        9.9999997764825821E-003  0.34147072276676049       0.17809243306474604       0.52154524880421738     
  0.50909090042114258        9.9999997764825821E-003  0.33422821859795482       0.17372868733330968       0.51979060314559788     
  0.51262629032135010        9.9999997764825821E-003  0.32695824191119571       0.16946997517088297       0.51832299494964951     
  0.51616162061691284        9.9999997764825821E-003  0.31968490181312481       0.16531366279145848       0.51711438936861120     
  0.51969695091247559        9.9999997764825821E-003  0.31240880195732040       0.16125687330486016       0.51617263116322243     
  0.52323234081268311        9.9999997764825821E-003  0.30513796823516470       0.15729716570323371       0.51549522536640680     
  0.52676767110824585        9.9999997764825821E-003  0.29865013246152794       0.15359416354983454       0.51429464398319169     
  0.53030300140380859        9.9999997764825821E-003  0.29286546226529153       0.15013894175605649       0.51265499384851831     
  0.53383839130401611        9.9999997764825821E-003  0.28701247619374121       0.14680438454666214       0.51149129993765563     
  0.53737372159957886        9.9999997764825821E-003  0.28110930604377787       0.14358614049702656       0.51078401678621599     
  0.54090905189514160        9.9999997764825821E-003  0.27515494428135928       0.14048019818989130       0.51054942355040323     
  0.54444444179534912        9.9999997764825821E-003  0.26916468058606863       0.13748226582229864       0.51077379663241906     
  0.54797983169555664        9.9999997764825821E-003  0.26314241805570049       0.13458840499793240       0.51146601901880939     
  0.55151516199111938        9.9999997764825821E-003  0.25778167290017784       0.13179512377896024       0.51126646163862843     
  0.55505049228668213        9.9999997764825821E-003  0.25324170871993784       0.12909840438072304       0.50978334111421619     
  0.55858588218688965        9.9999997764825821E-003  0.24857796985937805       0.12649474495071514       0.50887351369984202     
  0.56212121248245239        9.9999997764825821E-003  0.24380857643013565       0.12398084142094040       0.50851714585384011     
  0.56565654277801514        9.9999997764825821E-003  0.23894335617955539       0.12155310194523151       0.50871095094977126     
  0.56919193267822266        9.9999997764825821E-003  0.23399616685247310       0.11920845390628135       0.50944618243015227     
  0.57272726297378540        9.9999997764825821E-003  0.22897921935991622       0.11694371746982188       0.51071760047363224     
  0.57626259326934814        9.9999997764825821E-003  0.22450883768388774       0.11471640196214467       0.51096608554745315     
  0.57979798316955566        9.9999997764825821E-003  0.22098879021065407       0.11242376740111656       0.50873063422787368     
  0.58333331346511841        9.9999997764825821E-003  0.21728820769757690       0.11018868873274840       0.50710846161568834     
  0.58686870336532593        9.9999997764825821E-003  0.21343605733639545       0.10800981210059148       0.50605232053344096     
  0.59040403366088867        9.9999997764825821E-003  0.20945287905289417       0.10588608865343878       0.50553656331789476     
  0.59393942356109619        9.9999997764825821E-003  0.20535201202153516       0.10381620959295515       0.50555243443179898     
  0.59747475385665894        9.9999997764825821E-003  0.20114571929933911       0.10179912781961069       0.50609641693699803     
  0.60101008415222168        9.9999997764825821E-003  0.19734936512373466        9.9833741297083903E-002  0.50587313130949196     
  0.60454547405242920        9.9999997764825821E-003  0.19463805653741950        9.7919001215684393E-002  0.50308250584519831     
  0.60808080434799194        9.9999997764825821E-003  0.19171671326678322        9.6053947799233319E-002  0.50102020925827961     
  0.61161613464355469        9.9999997764825821E-003  0.18860308652150928        9.4237500940545241E-002  0.49966043864185594     
  0.61515152454376221        9.9999997764825821E-003  0.18530513872405946        9.2459265254824882E-002  0.49895683353124548     
  0.61868685483932495        9.9999997764825821E-003  0.18187452166319706        9.0737329056908025E-002  0.49890071587343748     
  0.62222218513488770        9.9999997764825821E-003  0.17831031623087895        8.9061262469133928E-002  0.49947341439188536     
  0.62575757503509521        9.9999997764825821E-003  0.17503469928091245        8.7430099702178757E-002  0.49950152776200424     
  0.62929296493530273        9.9999997764825821E-003  0.17299119302827856        8.5843065632431464E-002  0.49622795316752832     
  0.63282823562622070        9.9999997764825821E-003  0.17070329599238673        8.4352343373132910E-002  0.49414595589820937     
  0.63636362552642822        9.9999997764825821E-003  0.16819255641187922        8.2955177047804043E-002  0.49321550737750147     
  0.63989901542663574        9.9999997764825821E-003  0.16548201037855290        8.1605390399297081E-002  0.49313753327397003     
  0.64343434572219849        9.9999997764825821E-003  0.16258283792994607        8.0301639650218692E-002  0.49391215378353265     
  0.64696967601776123        9.9999997764825821E-003  0.15952018438799309        7.9040516502204491E-002  0.49548912449823990     
  0.65050506591796875        9.9999997764825821E-003  0.15658854431174105        7.7820167524591477E-002  0.49697229044843033     
  0.65404039621353149        9.9999997764825821E-003  0.15507418750154503        7.6638957356877341E-002  0.49420834370719352     
  0.65757572650909424        9.9999997764825821E-003  0.15327496957892556        7.5495204935707119E-002  0.49254751211568520     
  0.66111111640930176        9.9999997764825821E-003  0.15121556793508156        7.4387327443702439E-002  0.49192902860132565     
  0.66464650630950928        9.9999997764825821E-003  0.14892099914012363        7.3313765018753765E-002  0.49229971221030383     
  0.66818177700042725        9.9999997764825821E-003  0.14641856585583887        7.2273065813642498E-002  0.49360588523180371     
  0.67171716690063477        9.9999997764825821E-003  0.14372138311306665        7.1263728750793634E-002  0.49584638838835793     
  0.67525255680084229        9.9999997764825821E-003  0.14099909378381284        7.0284387556422107E-002  0.49847403745860802     
  0.67878788709640503        9.9999997764825821E-003  0.13991336653863598        6.9333722932767392E-002  0.49554752807424890     
  0.68232321739196777        9.9999997764825821E-003  0.13850027005576274        6.8410411807940844E-002  0.49393702828447600     
  0.68585860729217529        9.9999997764825821E-003  0.13679159453047721        6.7513197254500543E-002  0.49354784909286648     
  0.68939393758773804        9.9999997764825821E-003  0.13481834191990036        6.6640903041554053E-002  0.49430145848513268     
  0.69292926788330078        9.9999997764825821E-003  0.13260453091531063        6.5751018378453083E-002  0.49584292425456944     
  0.69646465778350830        9.9999997764825821E-003  0.13017297430795738        6.4787869205086501E-002  0.49770599119763731     
  0.69999998807907104        9.9999997764825821E-003  0.12754756285799437        6.3840794511673030E-002  0.50052539681021146     
