 Z Q2 pt2 MULT-RATIO STAT SYS fuu fuua DIS chi2
  0.34999999999999998        1.6388599999999998        5.9999999999999998E-002  0.63774008332079535        1.4999999999999999E-002   2.1000000000000001E-002   4.7098143903754813E-005   3.1149713939748096E-005   1.0733909047398593       0.69935423578754674     
  0.34999999999999998        1.6468099999999999        9.2499999999999999E-002  0.63145726801915802        1.0000000000000000E-002   2.2000000000000002E-002   4.0812763954945699E-005   2.8522805334606960E-005   1.0739180692478547       0.63842503217279845     
  0.34999999999999998        1.6274500000000001       0.14250000000000002       0.61034178898430447        6.9999999999999993E-003   2.2000000000000002E-002   3.2918376362552945E-005   2.4988057861860887E-005   1.0761804752034621        16.937884839540839     
  0.34999999999999998        1.6306300000000000       0.22000000000000003       0.62204999777386993        6.0000000000000001E-003   2.3000000000000000E-002   2.1524020780390740E-005   1.8891399652571188E-005   1.0766040174076581        66.056350149799158     
  0.45000000000000001        1.6429400000000001        5.9999999999999998E-002  0.53319296323907672        2.5000000000000001E-002   1.9000000000000000E-002   2.3840094614204087E-005   1.5071072161443532E-005   1.0727957275251647        3.1900261010992863     
  0.45000000000000001        1.6319299999999999        9.2499999999999999E-002  0.62324646363350444        1.8000000000000002E-002   2.0000000000000000E-002   2.1126376850101408E-005   1.4011253622746433E-005   1.0739491242265113        4.4906487031536289E-002
  0.45000000000000001        1.6456900000000001       0.14250000000000002       0.58649517574414400        1.2000000000000000E-002   2.0000000000000000E-002   1.6836013277397078E-005   1.2118178805234882E-005   1.0735925249678147        12.952935050354380     
  0.45000000000000001        1.6341800000000000       0.22000000000000003       0.57024875685440402        9.0000000000000011E-003   2.1000000000000001E-002   1.2079501871555303E-005   9.9055355989597561E-006   1.0752816418032507        70.892131218692526     
  0.55000000000000004        1.6793400000000001        5.9999999999999998E-002  0.56851928594134393        5.2000000000000005E-002   2.2000000000000002E-002   1.2392490068069026E-005   7.1359908680781619E-006   1.0703413026119128       0.29237654145421466     
  0.55000000000000004        1.6393200000000001        9.2499999999999999E-002  0.51139621180883554        2.7999999999999997E-002   1.9000000000000000E-002   1.1502918412605667E-005   6.8710544852010832E-006   1.0732254112987338        1.7827119762876447     
  0.55000000000000004        1.6351700000000000       0.14250000000000002       0.50680863195537540        1.8000000000000002E-002   1.8000000000000002E-002   9.6171652253217713E-006   6.1725837048457516E-006   1.0738824113463303        12.741079360921018     
  0.55000000000000004        1.6525099999999999       0.22000000000000003       0.54223735672619844        1.3999999999999999E-002   1.9000000000000000E-002   6.9550042835795424E-006   5.0373173767514880E-006   1.0730457979083134        31.629475692527148     
  0.64999999999999991        1.6768299999999998        5.9999999999999998E-002  0.51551558079224302        7.4000000000000010E-002   1.9000000000000000E-002   6.3219030388424494E-006   3.2514395167604904E-006   1.0685794431416955       0.20049918640993578     
  0.64999999999999991        1.6648400000000001        9.2499999999999999E-002  0.44752777492025131        3.3000000000000002E-002   1.6000000000000000E-002   5.8563783166192692E-006   3.1293044698066806E-006   1.0699317090181495        2.0017918854529082     
  0.64999999999999991        1.6329700000000000       0.14250000000000002       0.45593286595431654        2.3000000000000000E-002   1.7000000000000001E-002   5.1554861582688677E-006   2.9171225643868193E-006   1.0721964366011352        6.3015134701563840     
  0.64999999999999991        1.6450599999999997       0.22000000000000003       0.48696268370108242        1.9000000000000000E-002   1.8000000000000002E-002   3.9160249765620625E-006   2.4646004501155749E-006   1.0714797407411545        14.719826275200477     
