 kt up dp u1 d1 u2 d2
   0.0000000000000000        0.0000000000000000        0.0000000000000000        0.0000000000000000        0.0000000000000000        0.0000000000000000        0.0000000000000000     
   9.9999997764825821E-003   1.0226270743340662        1.4426752063671670E-002  0.83235912927616829        9.2438840382253248E-003  0.76023748191633744        8.2141291218268461E-003
   1.9999999552965164E-002   1.0218439917636466        1.4415704695210209E-002  0.83177868744175587        9.2374378579414482E-003  0.75973768518913998        8.2087289739131708E-003
   2.9999999329447746E-002   1.0206099269001421        1.4398295076138802E-002  0.83087556032859111        9.2274080498787516E-003  0.75896757803595916        8.2004082060684672E-003
   3.9999999105930328E-002   1.0188217703079336        1.4373068585999555E-002  0.82955561763626384        9.2127492364461640E-003  0.75783463418550345        8.1881671007602106E-003
   4.9999997019767761E-002   1.0166217936173108        1.4342032327466959E-002  0.82794752383353731        9.1948903194088525E-003  0.75646473937492320        8.1733658141555747E-003
   5.9999998658895493E-002   1.0139108377203698        1.4303787409488235E-002  0.82595156334330999        9.1727238930820482E-003  0.75475416150638142        8.1548835532576757E-003
   7.0000000298023224E-002   1.0107173443884705        1.4258735075482403E-002  0.82361025553262146        9.1467221624124805E-003  0.75275557883228472        8.1332894901705866E-003
   7.9999998211860657E-002   1.0070452637944440        1.4206931052669560E-002  0.82091767871183396        9.1168193632240845E-003  0.75045665881057411        8.1084503756198439E-003
   8.9999996125698090E-002   1.0028997856863546        1.4148448555626615E-002  0.81787598118235394        9.0830393537871517E-003  0.74785811573140326        8.0803739272880173E-003
   9.9999994039535522E-002  0.99828582695352275        1.4083356949564918E-002  0.81448981927341224        9.0454338456357128E-003  0.74496532345102706        8.0491182080175971E-003
  0.10999999940395355       0.99321067379591665        1.4011759024839891E-002  0.81076254880982002        9.0040401073649377E-003  0.74178081444012067        8.0147105803651513E-003
  0.11999999731779099       0.98768016391792657        1.3933737137098060E-002  0.80669991262191598        8.9589219168032027E-003  0.73830795983539155        7.9771874684124652E-003
  0.12999999523162842       0.98170423123873773        1.3849431429498840E-002  0.80230645815857715        8.9101297762981275E-003  0.73455077971416405        7.9365923078424608E-003
  0.14000000059604645       0.97528852650886100        1.3758921620229481E-002  0.79758703455181967        8.8577175385828148E-003  0.73051356976452275        7.8929715122264873E-003
  0.14999999105930328       0.96844394257754629        1.3662361380593374E-002  0.79254884669346537        8.8017652186197694E-003  0.72620238771113976        7.8463905333921863E-003
  0.15999999642372131       0.96117885087383381        1.3559868810858170E-002  0.78719743821071997        8.7423343819583305E-003  0.72162028998491223        7.7968823951230894E-003
  0.17000000178813934       0.95350369936822477        1.3451591306182623E-002  0.78153942341918303        8.6794984848317866E-003  0.71677437216788997        7.7445237629724592E-003
  0.17999999225139618       0.94542812469260529        1.3337664815733809E-002  0.77558176016049640        8.6133347985513451E-003  0.71166881243260915        7.6893597807927193E-003
  0.18999999761581421       0.93696451715692330        1.3218264136301361E-002  0.76933094822175929        8.5439155074375495E-003  0.70630968983073616        7.6314561308430777E-003
  0.19999998807907104       0.92812250722737255        1.3093525130069570E-002  0.76279616690335250        8.4713425535311807E-003  0.70070412220082534        7.5708897191513590E-003
  0.20999999344348907       0.91891479110666507        1.2963626909222417E-002  0.75598448959235809        8.3956944913498970E-003  0.69485725897222639        7.5077161836972642E-003
  0.21999999880790710       0.90935480887104059        1.2828759080169221E-002  0.74890411186861650        8.3170623380844928E-003  0.68877590019344215        7.4420089968861508E-003
  0.22999998927116394       0.89945270228607743        1.2689064718270636E-002  0.74156349684372769        8.2355400820381917E-003  0.68246773076733103        7.3738511916989795E-003
  0.23999999463558197       0.88922266036995590        1.2544743995664152E-002  0.73397095307232552        8.1512199950596002E-003  0.67593908807439418        7.3033112415575099E-003
  0.25000000000000000       0.87867863253338363        1.2395993704215300E-002  0.72613619640420635        8.0642099779161779E-003  0.66919629210388076        7.2304574319764338E-003
  0.25999999046325684       0.86783286330842890        1.2242986584146510E-002  0.71806800706086904        7.9746075406207321E-003  0.66224860291430276        7.1553898150027761E-003
  0.26999998092651367       0.85669986297106560        1.2085927339752358E-002  0.70977573250021753        7.8825164927115894E-003  0.65510264170953592        7.0781799306814204E-003
  0.28000000119209290       0.84529462859083870        1.1925027542787025E-002  0.70126888532471765        7.7880424777637238E-003  0.64776530632548834        6.9989023079801583E-003
  0.28999999165534973       0.83362957145719774        1.1760462286009347E-002  0.69255672687257708        7.6912883489007834E-003  0.64024616483308416        6.9176603269241804E-003
  0.29999998211860657       0.82172066434721736        1.1592456906006209E-002  0.68365009839279622        7.5923745051729562E-003  0.63255189291825831        6.8345261162200332E-003
  0.31000000238418579       0.80958136219634891        1.1421201218813857E-002  0.67455843334599319        7.4914057112340764E-003  0.62469153898196139        6.7495974410207360E-003
  0.31999999284744263       0.79722704196246774        1.1246912155476211E-002  0.66529232883938294        7.3884996547826107E-003  0.61667261741835233        6.6629554920138896E-003
  0.32999998331069946       0.78467249160244357        1.1069798337682082E-002  0.65586029852759542        7.2837508854346903E-003  0.60850354048925948        6.5746911610675149E-003
  0.34000000357627869       0.77193255802589344        1.0890069218798520E-002  0.64627448275313548        7.1772942295102726E-003  0.60019325250444600        6.4849010886617736E-003
  0.34999999403953552       0.75902347907161882        1.0707953874781290E-002  0.63654451239604171        7.0692366441329558E-003  0.59174980261086318        6.3936722433215829E-003
  0.35999998450279236       0.74595761597079802        1.0523626692190152E-002  0.62668069790838321        6.9596926335112799E-003  0.58318103424438839        6.3010893709277722E-003
  0.37000000476837158       0.73275110697447554        1.0337315342042633E-002  0.61669336888219062        6.8487769144153568E-003  0.57449671349616427        6.2072579910522922E-003
  0.37999999523162842       0.71941887655353964        1.0149230371904478E-002  0.60659294477306425        6.7366052016081040E-003  0.56570477786612949        6.1122638659088470E-003
  0.38999998569488525       0.70597565265254225        9.9595795568383841E-003  0.59638973873474821        6.6232920293018962E-003  0.55681317034431921        6.0161928170299498E-003
  0.39999997615814209       0.69243609751296864        9.7685697449983906E-003  0.58609405925165248        6.5089518798531389E-003  0.54783159710144802        5.9191497165659726E-003
  0.40999999642372131       0.67881577180611063        9.5764204591727124E-003  0.57571555015514431        6.3936918542182716E-003  0.53876793528939526        5.8212196746886503E-003
  0.41999998688697815       0.66512696921469128        9.3833051329786019E-003  0.56526564138436852        6.2776388892305671E-003  0.52963072836949077        5.7224950008357414E-003
  0.42999997735023499       0.65138494214179410        9.1894389402982935E-003  0.55475381235370769        6.1608982598899799E-003  0.52042783657660696        5.6230606223960037E-003
  0.43999999761581421       0.63760364421701254        8.9950187325154134E-003  0.54419003892981632        6.0435807546186035E-003  0.51116834457987115        5.5230146963887875E-003
  0.44999998807907104       0.62379692784153939        8.8002399329299465E-003  0.53358427743017511        5.9257969447323406E-003  0.50186070453967058        5.4224485457736267E-003
  0.45999997854232788       0.60997864280783642        8.6052979280390740E-003  0.52294626105801911        5.8076549237197662E-003  0.49251228057081947        5.3214417375166021E-003
  0.46999999880790710       0.59616126608119535        8.4103687371261324E-003  0.51228557992823076        5.6892611959811707E-003  0.48313213953135459        5.2200922361938145E-003
  0.47999998927116394       0.58235879491559650        8.2156498270075685E-003  0.50161176338688918        5.5707215910401385E-003  0.47372784209510865        5.1184817325303188E-003
  0.48999997973442078       0.56858271250501802        8.0213031972984506E-003  0.49093407271693407        5.4521389614065417E-003  0.46430724776250054        5.0166951459793179E-003
  0.50000000000000000       0.55484536099632442        7.8275029653258263E-003  0.48026159874224150        5.3336142665325525E-003  0.45487761810664007        4.9148109355757440E-003
  0.50999999046325684       0.54116097598887691        7.6344499603730387E-003  0.46960285375975797        5.2152420409563461E-003  0.44544756030492366        4.8129220991896008E-003
  0.51999998092651367       0.52753817672359793        7.4422657787236940E-003  0.45896747371522023        5.0971292980593486E-003  0.43602404626299052        4.7111039660890450E-003
  0.52999997138977051       0.51399043025539892        7.2511404073898039E-003  0.44836348006514243        4.9793651212807028E-003  0.42661439084538716        4.6094355711063847E-003
  0.53999996185302734       0.50052715096114764        7.0612066600668931E-003  0.43779951325891808        4.8620454683740095E-003  0.41722574460278328        4.5079941737136853E-003
  0.55000001192092896       0.48716027474808676        6.8726329230404306E-003  0.42728254514709413        4.7452477662283561E-003  0.40786392240060571        4.4068426017201115E-003
  0.56000000238418579       0.47389980195975023        6.6855602765539517E-003  0.41682117433152716        4.6290675078534994E-003  0.39853839408309616        4.3060831738421452E-003
  0.56999999284744263       0.46075377049241534        6.5001021155484196E-003  0.40642289834955381        4.5135879582287909E-003  0.38925365708700760        4.2057644834826158E-003
  0.57999998331069946       0.44773337853819767        6.3164164189638185E-003  0.39609562056825220        4.3988968893341552E-003  0.38001674732078516        4.1059625514400615E-003
  0.58999997377395630       0.43484611273133816        6.1346088047900338E-003  0.38584515498150668        4.2850588693149677E-003  0.37083482208337260        4.0067547100995507E-003
  0.59999996423721313       0.42210224546064834        5.9548241911601763E-003  0.37567985425420125        4.1721666598925553E-003  0.36171165882798045        3.9081817736660611E-003
  0.61000001430511475       0.40950753092801095        5.7771437557058315E-003  0.36560422084166061        4.0602702637321780E-003  0.35265467423514213        3.8103238770619057E-003
  0.62000000476837158       0.39707149397990443        5.6017018705769549E-003  0.35562557475173157        3.9494509742338951E-003  0.34366921428432962        3.7132387819296181E-003
  0.62999999523162842       0.38479990158981109        5.4285798935809863E-003  0.34575036863128672        3.8397804521957111E-003  0.33476060417182640        3.6169840253558478E-003
  0.63999998569488525       0.37270079249082882        5.2578912314643518E-003  0.33598311497044764        3.7313088117257595E-003  0.32593454086602086        3.5216211613090026E-003
  0.64999997615814209       0.36077917409809374        5.0897065265349487E-003  0.32632976819067216        3.6241021805080275E-003  0.31719487913226502        3.4271918393276621E-003
  0.65999996662139893       0.34904217711543400        4.9241263754802129E-003  0.31679596450881198        3.5182231523594927E-003  0.30854687672625108        3.3337528678239079E-003
  0.66999995708465576       0.33749435529693855        4.7612150205668113E-003  0.30738540545647919        3.4137128351719075E-003  0.29999501963603808        3.2413527165009929E-003
  0.68000000715255737       0.32614111154456077        4.6010486834486136E-003  0.29810363799282352        3.3106328314979902E-003  0.29154402506072752        3.1500423532254624E-003
  0.68999999761581421       0.31498631532946192        4.4436819528437047E-003  0.28895392994942271        3.2090194327113815E-003  0.28319699890033984        3.0598553362793050E-003
  0.69999998807907104       0.30403525444557078        4.2891894265149342E-003  0.27994070839846086        3.1089218042990143E-003  0.27495820753091593        2.9708377625263615E-003
  0.70999997854232788       0.29329047174263750        4.1376069778161313E-003  0.27106762983955091        3.0103805540433065E-003  0.26683122342400722        2.8830282314086476E-003
  0.71999996900558472       0.28275740063605648        3.9890112588707675E-003  0.26233857682001799        2.9134388001320435E-003  0.25881987590319055        2.7964681175743017E-003
  0.72999995946884155       0.27243592728335164        3.8434006636415808E-003  0.25375593679732072        2.8181230568174532E-003  0.25092630669304833        2.7111805616901238E-003
  0.74000000953674316       0.26233004588071385        3.7008315404099593E-003  0.24532286640859804        2.7244683805873315E-003  0.24315385279059867        2.6272016189691793E-003
  0.75000000000000000       0.25244202362748452        3.5613358737806534E-003  0.23704132854396828        2.6324965706002387E-003  0.23550527506867544        2.5445611197822144E-003
  0.75999999046325684       0.24277411027081289        3.4249454021509141E-003  0.22891453795279648        2.5422433287176629E-003  0.22798371993498628        2.4632930600841795E-003
  0.76999998092651367       0.23332748446641646        3.2916767534530897E-003  0.22094353284779625        2.4537201849602324E-003  0.22058963370409893        2.3834022621649128E-003
  0.77999997138977051       0.22410250447848173        3.1615349819134196E-003  0.21313055906675546        2.3669520808025429E-003  0.21332634658301730        2.3049247078734867E-003
  0.78999996185302734       0.21509968420219677        3.0345273373286775E-003  0.20547711746315242        2.2819556841887907E-003  0.20619537440608360        2.2278767753276764E-003
  0.79999995231628418       0.20631993158774301        2.9106666286420964E-003  0.19798492304397597        2.1987500413757750E-003  0.19919902160675393        2.1522833632129676E-003
  0.81000000238418579       0.19776374100314043        2.7899598301701638E-003  0.19065401474944768        2.1173355848197284E-003  0.19233648899375172        2.0781358365166295E-003
  0.81999999284744263       0.18942991152521307        2.6723899998414812E-003  0.18348571800550673        2.0377270342290680E-003  0.18561232027439439        2.0054832885805264E-003
  0.82999998331069946       0.18131915463215548        2.5579671748629253E-003  0.17648053539822375        1.9599299711456982E-003  0.17902376846832554        1.9342960391377912E-003
  0.83999997377395630       0.17342946739718443        2.4466630988653664E-003  0.16963923306712519        1.8839529040423322E-003  0.17257486602245031        1.8646176575208295E-003
  0.84999996423721313       0.16575952460548138        2.3384590763281137E-003  0.16296102553386096        1.8097871096761666E-003  0.16626344769993387        1.7964247490202733E-003
  0.85999995470046997       0.15830844398221938        2.2333426605240150E-003  0.15644625988760805        1.7374364426959823E-003  0.16009200864098808        1.7297442728486921E-003
  0.87000000476837158       0.15107503171222722        2.1312970096581301E-003  0.15009573170048895        1.6669097384424245E-003  0.15406048642241260        1.6645755545428519E-003
  0.87999999523162842       0.14405729100247180        2.0322939538934414E-003  0.14390674027594938        1.5981770039414332E-003  0.14816820026218094        1.6009112384650730E-003
  0.88999998569488525       0.13725197587075710        1.9362877004072061E-003  0.13787971300286711        1.5312429856216695E-003  0.14241544381959945        1.5387544975126633E-003
  0.89999997615814209       0.13065805499966296        1.8432636998479664E-003  0.13201379173371405        1.4660981532023209E-003  0.13680196977057338        1.4781026594258401E-003
  0.90999996662139893       0.12427204308350993        1.7531727831274348E-003  0.12630836835046486        1.4027357531411844E-003  0.13132777617436547        1.4189557032355399E-003
  0.91999995708465576       0.11809172875896665        1.6659837533495878E-003  0.12076141055446331        1.3411332154532082E-003  0.12599151134697434        1.3612990244172792E-003
  0.93000000715255737       0.11211467660554275        1.5816622527231423E-003  0.11537196731400942        1.2812799783190416E-003  0.12079349226123449        1.3051360477637738E-003
  0.93999999761581421       0.10633773709291604        1.5001638491239950E-003  0.11013902068822286        1.2231647368498241E-003  0.11573104577295781        1.2504378907849511E-003
  0.94999998807907104       0.10075665113093299        1.4214284572686595E-003  0.10506009648261300        1.1667600135227413E-003  0.11080547795408535        1.1972186651812019E-003
  0.95999997854232788        9.5369329911531950E-002   1.3454266092144524E-003  0.10013384915058457        1.1120508651765359E-003  0.10601429549161176        1.1454514314823477E-003
  0.96999996900558472        9.0171410361777379E-002   1.2720967527366589E-003   9.5358401974532492E-002   1.0590164496538962E-003  0.10135730365537349        1.0951340856896507E-003
  0.97999995946884155        8.5159809839724196E-002   1.2013953993416200E-003   9.0732161082328719E-002   1.0076390659786352E-003   9.6831353074135221E-002   1.0462325998281698E-003
  0.98999994993209839        8.0331331565353034E-002   1.1332774503282515E-003   8.6252234564676525E-002   9.5788659763608203E-004   9.2437243619673981E-002   9.9875561626324230E-004
   1.0000000000000000        7.5682032250882991E-002   1.0676872756075831E-003   8.1917431936524662E-002   9.0974582352325816E-004   8.8172072355496886E-002   9.5267176967053703E-004
