 x kt FF(p) FF(Pb) ratio
  0.34999999403953552        9.9999997764825821E-003  0.97675736233104093       0.55948970349740823       0.57280315979618579     
  0.35353535413742065        9.9999997764825821E-003  0.95385522458063920       0.54435722545985787       0.57069166413507211     
  0.35707071423530579        9.9999997764825821E-003  0.93129454284267232       0.52965591720904404       0.56873082880130343     
  0.36060604453086853        9.9999997764825821E-003  0.90908115266161937       0.51536220957169965       0.56690451458906133     
  0.36414140462875366        9.9999997764825821E-003  0.88720101359724368       0.50146856309617294       0.56522541725118114     
  0.36767676472663879        9.9999997764825821E-003  0.86567102012370833       0.48797328789431710       0.56369368565044897     
  0.37121212482452393        9.9999997764825821E-003  0.84448621846095406       0.47485998960898740       0.56230638135741606     
  0.37474745512008667        9.9999997764825821E-003  0.82361474431791182       0.46211730718433913       0.56108430594822356     
  0.37828281521797180        9.9999997764825821E-003  0.80428968768121745       0.44973315958770260       0.55916812869289911     
  0.38181817531585693        9.9999997764825821E-003  0.78534391681866478       0.43769652708565987       0.55733102111329347     
  0.38535353541374207        9.9999997764825821E-003  0.76666945870271375       0.42599689904919963       0.55564610565031725     
  0.38888889551162720        9.9999997764825821E-003  0.74828449228490923       0.41462479416163478       0.55410047707331933     
  0.39242422580718994        9.9999997764825821E-003  0.73017803306805229       0.40356976000904971       0.55270049458121284     
  0.39595958590507507        9.9999997764825821E-003  0.71235591169268297       0.39282228992689300       0.55144104720557185     
  0.39949494600296021        9.9999997764825821E-003  0.69480325273783294       0.38237884384552800       0.55034118268558152     
  0.40303030610084534        9.9999997764825821E-003  0.67862572864056570       0.37222859582548512       0.54850351249007256     
  0.40656566619873047        9.9999997764825821E-003  0.66281143380857022       0.36234882320591727       0.54668462962962250     
  0.41010099649429321        9.9999997764825821E-003  0.64718357561471407       0.35272665746472687       0.54501793734443382     
  0.41363635659217834        9.9999997764825821E-003  0.63176471649584798       0.34335565155803899       0.54348659016999024     
  0.41717171669006348        9.9999997764825821E-003  0.61656494952808905       0.33422664162992916       0.54207856266520171     
  0.42070704698562622        9.9999997764825821E-003  0.60157787529998197       0.32533163019339167       0.54079719941688720     
  0.42424243688583374        9.9999997764825821E-003  0.58679626686841280       0.31666138750032991       0.53964451612869624     
  0.42777776718139648        9.9999997764825821E-003  0.57322477789466753       0.30820833580644252       0.53767448249258532     
  0.43131312727928162        9.9999997764825821E-003  0.56007054034452386       0.29996438344476617       0.53558322003554226     
  0.43484848737716675        9.9999997764825821E-003  0.54705328093748284       0.29192262070486330       0.53362740134671482     
  0.43838381767272949        9.9999997764825821E-003  0.53417697319982904       0.28419598957439296       0.53202590870213107     
  0.44191917777061462        9.9999997764825821E-003  0.52144229568116041       0.27679283506834362       0.53082160262195255     
  0.44545453786849976        9.9999997764825821E-003  0.50884695000824298       0.26960821591299167       0.52984146983414993     
  0.44898989796638489        9.9999997764825821E-003  0.49641328209850016       0.26263538477919984       0.52906599047663427     
  0.45252525806427002        9.9999997764825821E-003  0.48508961309199389       0.25586792110902473       0.52746526456855125     
  0.45606058835983276        9.9999997764825821E-003  0.47422574833822667       0.24929900394019527       0.52569689607488490     
  0.45959594845771790        9.9999997764825821E-003  0.46343673476584679       0.24292250991927847       0.52417620722711156     
  0.46313130855560303        9.9999997764825821E-003  0.45272675713933919       0.23673265385165973       0.52290404779145561     
  0.46666666865348816        9.9999997764825821E-003  0.44209856552442750       0.23072725012198447       0.52189097209191460     
  0.47020202875137329        9.9999997764825821E-003  0.43156310671063897       0.22490064787998507       0.52113038483333540     
  0.47373735904693604        9.9999997764825821E-003  0.42112474735934496       0.21924369560938844       0.52061460881639476     
  0.47727271914482117        9.9999997764825821E-003  0.41168427807900004       0.21375103615324742       0.51921107395854871     
  0.48080807924270630        9.9999997764825821E-003  0.40276860319497254       0.20838907325542444       0.51739155336928611     
  0.48434340953826904        9.9999997764825821E-003  0.39387573034360485       0.20315571624385143       0.51578632698852689     
  0.48787879943847656        9.9999997764825821E-003  0.38500949515377170       0.19806159498885947       0.51443301394360219     
  0.49141412973403931        9.9999997764825821E-003  0.37618108461541477       0.19310231699162456       0.51332277163547690     
  0.49494948983192444        9.9999997764825821E-003  0.36740251383357447       0.18827334615045352       0.51244436023575313     
  0.49848484992980957        9.9999997764825821E-003  0.35867157338132560       0.18357067250402598       0.51180714092683566     
  0.50202018022537231        9.9999997764825821E-003  0.34867987296577979       0.17776015691841709       0.50980905610190719     
  0.50555557012557983        9.9999997764825821E-003  0.34147072276676049       0.17330157952635791       0.50751519228994191     
  0.50909090042114258        9.9999997764825821E-003  0.33422821859795482       0.16895881743017210       0.50551930695419145     
  0.51262629032135010        9.9999997764825821E-003  0.32695824191119571       0.16472807998081720       0.50381993436812822     
  0.51616162061691284        9.9999997764825821E-003  0.31968490181312481       0.16060631772102738       0.50238943663004609     
  0.51969695091247559        9.9999997764825821E-003  0.31240880195732040       0.15659022811022208       0.50123500723777492     
  0.52323234081268311        9.9999997764825821E-003  0.30513796823516470       0.15267694373626511       0.50035380591706491     
  0.52676767110824585        9.9999997764825821E-003  0.29865013246152794       0.14897305143499609       0.49882131377988514     
  0.53030300140380859        9.9999997764825821E-003  0.29286546226529153       0.14547142591722786       0.49671758763227908     
  0.53383839130401611        9.9999997764825821E-003  0.28701247619374121       0.14208509595072547       0.49504850045199489     
  0.53737372159957886        9.9999997764825821E-003  0.28110930604377787       0.13881015576190675       0.49379423867344147     
  0.54090905189514160        9.9999997764825821E-003  0.27515494428135928       0.13564282727445537       0.49296888932424199     
  0.54444444179534912        9.9999997764825821E-003  0.26916468058606863       0.13257925188362585       0.49255813056509856     
  0.54797983169555664        9.9999997764825821E-003  0.26314241805570049       0.12961587123507595       0.49256927937646144     
  0.55151516199111938        9.9999997764825821E-003  0.25778167290017784       0.12674943391804025       0.49169296052757833     
  0.55505049228668213        9.9999997764825821E-003  0.25324170871993784       0.12397633743093531       0.48955734052498356     
  0.55858588218688965        9.9999997764825821E-003  0.24857796985937805       0.12129337713059503       0.48794902138436230     
  0.56212121248245239        9.9999997764825821E-003  0.24380857643013565       0.11869756198112820       0.48684736082342644     
  0.56565654277801514        9.9999997764825821E-003  0.23894335617955539       0.11618567349207237       0.48624776746152326     
  0.56919193267822266        9.9999997764825821E-003  0.23399616685247310       0.11375486704248508       0.48613987388179647     
  0.57272726297378540        9.9999997764825821E-003  0.22897921935991622       0.11140230035170251       0.48651707636664238     
  0.57626259326934814        9.9999997764825821E-003  0.22450883768388774       0.10910227125724810       0.48595980622761031     
  0.57979798316955566        9.9999997764825821E-003  0.22098879021065407       0.10679399175862808       0.48325524410911702     
  0.58333331346511841        9.9999997764825821E-003  0.21728820769757690       0.10454807463990184       0.48114932580884701     
  0.58686870336532593        9.9999997764825821E-003  0.21343605733639545       0.10236281504606894       0.47959476165142723     
  0.59040403366088867        9.9999997764825821E-003  0.20945287905289417       0.10023676941226786       0.47856477249450735     
  0.59393942356109619        9.9999997764825821E-003  0.20535201202153516        9.8168340913675226E-002  0.47804908238922128     
  0.59747475385665894        9.9999997764825821E-003  0.20114571929933911        9.6156171378056002E-002  0.47804234518637323     
  0.60101008415222168        9.9999997764825821E-003  0.19734936512373466        9.4198821948440939E-002  0.47732011648165118     
  0.60454547405242920        9.9999997764825821E-003  0.19463805653741950        9.2294908373173418E-002  0.47418737124221932     
  0.60808080434799194        9.9999997764825821E-003  0.19171671326678322        9.0443215828800050E-002  0.47175446672165655     
  0.61161613464355469        9.9999997764825821E-003  0.18860308652150928        8.8642405426984261E-002  0.46999445800095652     
  0.61515152454376221        9.9999997764825821E-003  0.18530513872405946        8.6882960456646161E-002  0.46886428004581582     
  0.61868685483932495        9.9999997764825821E-003  0.18187452166319706        8.5180371318707149E-002  0.46834691599325695     
  0.62222218513488770        9.9999997764825821E-003  0.17831031623087895        8.3525117696778922E-002  0.46842560465558991     
  0.62575757503509521        9.9999997764825821E-003  0.17503469928091245        8.1916045223153572E-002  0.46799889141802026     
  0.62929296493530273        9.9999997764825821E-003  0.17299119302827856        8.0352124895714749E-002  0.46448679547854055     
  0.63282823562622070        9.9999997764825821E-003  0.17070329599238673        7.8855672273621197E-002  0.46194580962946441     
  0.63636362552642822        9.9999997764825821E-003  0.16819255641187922        7.7424251754973750E-002  0.46033102419451288     
  0.63989901542663574        9.9999997764825821E-003  0.16548201037855290        7.6036973697203816E-002  0.45948785323107544     
  0.64343434572219849        9.9999997764825821E-003  0.16258283792994607        7.4692649661143529E-002  0.45941287907231149     
  0.64696967601776123        9.9999997764825821E-003  0.15952018438799309        7.3388674741423229E-002  0.46005886354120284     
  0.65050506591796875        9.9999997764825821E-003  0.15658854431174105        7.2123532407180335E-002  0.46059264886960505     
  0.65404039621353149        9.9999997764825821E-003  0.15507418750154503        7.0895851352746384E-002  0.45717377272758586     
  0.65757572650909424        9.9999997764825821E-003  0.15327496957892556        6.9704225327766697E-002  0.45476587285749909     
  0.66111111640930176        9.9999997764825821E-003  0.15121556793508156        6.8547342056080054E-002  0.45330876306008488     
  0.66464650630950928        9.9999997764825821E-003  0.14892099914012363        6.7423885735952621E-002  0.45274935116780768     
  0.66818177700042725        9.9999997764825821E-003  0.14641856585583887        6.6332666664250334E-002  0.45303453340446115     
  0.67171716690063477        9.9999997764825821E-003  0.14372138311306665        6.5272403954743693E-002  0.45415930838484503     
  0.67525255680084229        9.9999997764825821E-003  0.14099909378381284        6.4241961863304164E-002  0.45561967910094009     
  0.67878788709640503        9.9999997764825821E-003  0.13991336653863598        6.3240237524322146E-002  0.45199568196265832     
  0.68232321739196777        9.9999997764825821E-003  0.13850027005576274        6.2266115406077641E-002  0.44957396387030990     
  0.68585860729217529        9.9999997764825821E-003  0.13679159453047721        6.1318526842736316E-002  0.44826238814750075     
  0.68939393758773804        9.9999997764825821E-003  0.13481834191990036        6.0396492066414571E-002  0.44798423720637320     
  0.69292926788330078        9.9999997764825821E-003  0.13260453091531063        5.9467002972141060E-002  0.44845377877864767     
  0.69646465778350830        9.9999997764825821E-003  0.13017297430795738        5.8486212243560320E-002  0.44929611967839245     
  0.69999998807907104        9.9999997764825821E-003  0.12754756285799437        5.7522808025709811E-002  0.45099104002287427     
