 pt up dp u1 d1 u2 d2
   0.0000000000000000        0.0000000000000000        0.0000000000000000        0.0000000000000000        0.0000000000000000        0.0000000000000000        0.0000000000000000     
   9.9999997764825821E-003  0.47789146291316220       0.17749038909453124       0.24225192893330055        9.3875314377397878E-002  0.24225192893330055        9.3875314377397878E-002
   1.9999999552965164E-002  0.47703704970044036       0.17717305734591821       0.24190515648295161        9.3740936199534566E-002  0.24190515648295161        9.3740936199534566E-002
   2.9999999329447746E-002  0.47557047775513833       0.17662836792288483       0.24129935141854933        9.3506180005342041E-002  0.24129935141854933        9.3506180005342041E-002
   3.9999999105930328E-002  0.47352698612341970       0.17586940871776680       0.24046784005640312        9.3183960112713848E-002  0.24046784005640312        9.3183960112713848E-002
   4.9999997019767761E-002  0.47091936680074159       0.17490093071782270       0.23937319821836586        9.2759774236758699E-002  0.23937319821836586        9.2759774236758699E-002
   5.9999998658895493E-002  0.46775146462134459       0.17372436190655527       0.23808165309955445        9.2259286151504291E-002  0.23808165309955445        9.2259286151504291E-002
   7.0000000298023224E-002  0.46403382591737585       0.17234361922482166       0.23654285023889854        9.1662982943744517E-002  0.23654285023889854        9.1662982943744517E-002
   7.9999998211860657E-002  0.45978051281291143       0.17076392538963509       0.23476152997291996        9.0972701546556525E-002  0.23476152997291996        9.0972701546556525E-002
   8.9999996125698090E-002  0.45500561266102196       0.16899051248813615       0.23277836474559063        9.0204202983933682E-002  0.23277836474559063        9.0204202983933682E-002
   9.9999994039535522E-002  0.44972667595320770       0.16702989882794692       0.23058133480061654        8.9352829466747802E-002  0.23058133480061654        8.9352829466747802E-002
  0.10999999940395355       0.44396091369985702       0.16488847663233897       0.22819428483446075        8.8427821079841928E-002  0.22819428483446075        8.8427821079841928E-002
  0.11999999731779099       0.43772865413761924       0.16257379587220006       0.22558809255869419        8.7417892612841372E-002  0.22558809255869419        8.7417892612841372E-002
  0.12999999523162842       0.43105168760107848       0.16009394954617961       0.22278804643281458        8.6332843624808184E-002  0.22278804643281458        8.6332843624808184E-002
  0.14000000059604645       0.42395120317668600       0.15745680734748319       0.21980187187158889        8.5175667799809784E-002  0.21980187187158889        8.5175667799809784E-002
  0.14999999105930328       0.41645150902058181       0.15467139740158756       0.21661979550418303        8.3942577848045721E-002  0.21661979550418303        8.3942577848045721E-002
  0.15999999642372131       0.40857724605350210       0.15174687142378501       0.21330440757002106        8.2657828182798793E-002  0.21330440757002106        8.2657828182798793E-002
  0.17000000178813934       0.40035445654862267       0.14869290159606144       0.20979243536141201        8.1296899926749169E-002  0.20979243536141201        8.1296899926749169E-002
  0.17999999225139618       0.39180850190108629       0.14551890722016458       0.20614730746275692        7.9884372361173836E-002  0.20614730746275692        7.9884372361173836E-002
  0.18999999761581421       0.38296680024956997       0.14223507147884579       0.20236055543625434        7.8416963872323150E-002  0.20236055543625434        7.8416963872323150E-002
  0.19999998807907104       0.37385679482731082       0.13885158687505419       0.19844207998447291        7.6898511092459473E-002  0.19844207998447291        7.6898511092459473E-002
  0.20999999344348907       0.36450622284901596       0.13537875509738029       0.19440168497460475        7.5332813129060927E-002  0.19440168497460475        7.5332813129060927E-002
  0.21999999880790710       0.35494306249456575       0.13182696732963523       0.19024950004900149        7.3723795331099781E-002  0.19024950004900149        7.3723795331099781E-002
  0.22999998927116394       0.34519592805854826       0.12820685101062951       0.18599629317865446        7.2075630406989458E-002  0.18599629317865446        7.2075630406989458E-002
  0.23999999463558197       0.33529159196641306       0.12452834950319509       0.18165172338616525        7.0392061335319583E-002  0.18165172338616525        7.0392061335319583E-002
  0.25000000000000000       0.32525842770222335       0.12080200080835780       0.17722684981501977        6.8677373657080751E-002  0.17722684981501977        6.8677373657080751E-002
  0.25999999046325684       0.31512389341259200       0.11703800296794148       0.17273154984886563        6.6935394968194395E-002  0.17273154984886563        6.6935394968194395E-002
  0.26999998092651367       0.30491497136352480       0.11324637728021930       0.16817642916775241        6.5170235087530559E-002  0.16817642916775241        6.5170235087530559E-002
  0.28000000119209290       0.29465836711445115       0.10943704227377339       0.16357159770998597        6.3385811728524921E-002  0.16357159770998597        6.3385811728524921E-002
  0.28999999165534973       0.28437932797480436       0.10561937487856131       0.15892719332127220        6.1586053419040734E-002  0.15892719332127220        6.1586053419040734E-002
  0.29999998211860657       0.27410314291753685       0.10180276749850177       0.15425355990080372        5.9774968534957153E-002  0.15425355990080372        5.9774968534957153E-002
  0.31000000238418579       0.26385394377415844        9.7996182771550630E-002  0.14955995152914464        5.7956143135324614E-002  0.14955995152914464        5.7956143135324614E-002
  0.31999999284744263       0.25365490785423989        9.4208228823219831E-002  0.14485633615672910        5.6133439911700549E-002  0.14485633615672910        5.6133439911700549E-002
  0.32999998331069946       0.24352875229121215        9.0447342868159211E-002  0.14015207385474443        5.4310485995679725E-002  0.14015207385474443        5.4310485995679725E-002
  0.34000000357627869       0.23349555127155031        8.6720980522224156E-002  0.13545581005493804        5.2490631588132795E-002  0.13545581005493804        5.2490631588132795E-002
  0.34999999403953552       0.22357652677574355        8.3037023695569409E-002  0.13077664653191967        5.0677403727860303E-002  0.13077664653191967        5.0677403727860303E-002
  0.35999998450279236       0.21378965117427950        7.9402147382997043E-002  0.12612301515022489        4.8874069856065176E-002  0.12612301515022489        4.8874069856065176E-002
  0.37000000476837158       0.20415256523492020        7.5822903421015816E-002  0.12150270442193728        4.7083648107726167E-002  0.12150270442193728        4.7083648107726167E-002
  0.37999999523162842       0.19468189812264575        7.2305467933686737E-002  0.11692357647214753        4.5309185143680202E-002  0.11692357647214753        4.5309185143680202E-002
  0.38999998569488525       0.18539272196774209        6.8855438757498930E-002  0.11239292767386852        4.3553508389547406E-002  0.11239292767386852        4.3553508389547406E-002
  0.39999997615814209       0.17629807031184647        6.5477656590719663E-002  0.10791766901052786        4.1819295928201224E-002  0.10791766901052786        4.1819295928201224E-002
  0.40999999642372131       0.16741136419523422        6.2177106049826514E-002  0.10350439655958348        4.0109103812952546E-002  0.10350439655958348        4.0109103812952546E-002
  0.41999998688697815       0.15874309690772490        5.8957684375589590E-002   9.9158995943740780E-002   3.8425212788001060E-002   9.9158995943740780E-002   3.8425212788001060E-002
  0.42999997735023499       0.15030316737700658        5.5823068060818062E-002   9.4887217994673367E-002   3.6769851364523772E-002   9.4887217994673367E-002   3.6769851364523772E-002
  0.43999999761581421       0.14210034287455808        5.2776513297653579E-002   9.0694270902805366E-002   3.5145037774183804E-002   9.0694270902805366E-002   3.5145037774183804E-002
  0.44999998807907104       0.13414159625697319        4.9820609826917925E-002   8.6584965800163297E-002   3.3552636384102934E-002   8.6584965800163297E-002   3.3552636384102934E-002
  0.45999997854232788       0.12643372813604251        4.6957883417172719E-002   8.2563641412439895E-002   3.1994328498699161E-002   8.2563641412439895E-002   3.1994328498699161E-002
  0.46999999880790710       0.11898116172461393        4.4189976863550792E-002   7.8634204469114233E-002   3.0471628019057499E-002   7.8634204469114233E-002   3.0471628019057499E-002
  0.47999998927116394       0.11178726806380740        4.1518142181303598E-002   7.4800167368683571E-002   2.8985896038625520E-002   7.4800167368683571E-002   2.8985896038625520E-002
  0.48999997973442078       0.10485511916147192        3.8943520323787104E-002   7.1064826473900791E-002   2.7538409934599366E-002   7.1064826473900791E-002   2.7538409934599366E-002
  0.50000000000000000        9.8186701804631141E-002   3.6466849189937076E-002   6.7430329527122634E-002   2.6130001981008066E-002   6.7430329527122634E-002   2.6130001981008066E-002
  0.50999999046325684        9.1782064049043266E-002   3.4088146627812899E-002   6.3899186875550643E-002   2.4761644965287353E-002   6.3899186875550643E-002   2.4761644965287353E-002
  0.51999998092651367        8.5641136543825006E-002   3.1807386880278843E-002   6.0473231677351254E-002   2.3434049256596846E-002   6.0473231677351254E-002   2.3434049256596846E-002
  0.52999997138977051        7.9762115356102198E-002   2.9623899961004195E-002   5.7153922848546791E-002   2.2147780201106741E-002   5.7153922848546791E-002   2.2147780201106741E-002
  0.53999996185302734        7.4143705827904818E-002   2.7537205029955849E-002   5.3942347151575469E-002   2.0903258931338042E-002   5.3942347151575469E-002   2.0903258931338042E-002
  0.55000001192092896        6.8782233751913294E-002   2.5545937475004523E-002   5.0839077999962075E-002   1.9700707651403353E-002   5.0839077999962075E-002   1.9700707651403353E-002
  0.56000000238418579        6.3674953523665687E-002   2.3649077570036543E-002   4.7844814769297188E-002   1.8540397377115523E-002   4.7844814769297188E-002   1.8540397377115523E-002
  0.56999999284744263        5.8817076634521757E-002   2.1844846847915107E-002   4.4959806415642109E-002   1.7422424581714776E-002   4.4959806415642109E-002   1.7422424581714776E-002
  0.57999998331069946        5.4204067735945570E-002   2.0131560865960657E-002   4.2182969696492129E-002   1.6346369496693419E-002   4.2182969696492129E-002   1.6346369496693419E-002
  0.58999997377395630        4.9830067687704212E-002   1.8507043521102939E-002   3.9514379202872825E-002   1.5312261026902781E-002   3.9514379202872825E-002   1.5312261026902781E-002
  0.59999996423721313        4.5689985527103120E-002   1.6969404013820223E-002   3.6953082562834527E-002   1.4319730117629517E-002   3.6953082562834527E-002   1.4319730117629517E-002
  0.61000001430511475        4.1776841332476645E-002   1.5516049979300756E-002   3.4497989750254053E-002   1.3368354371638498E-002   3.4497989750254053E-002   1.3368354371638498E-002
  0.62000000476837158        3.8084804730553375E-002   1.4144815998614040E-002   3.2147815423826241E-002   1.2457635704891189E-002   3.2147815423826241E-002   1.2457635704891189E-002
  0.62999999523162842        3.4606250024807224E-002   1.2852869864138548E-002   2.9901010325540087E-002   1.1586973762692888E-002   2.9901010325540087E-002   1.1586973762692888E-002
  0.63999998569488525        3.1334950317879688E-002   1.1637898886653444E-002   2.7755837565161201E-002   1.0755695480777342E-002   2.7755837565161201E-002   1.0755695480777342E-002
  0.64999997615814209        2.8262442663480995E-002   1.0496759901347390E-002   2.5710572668887311E-002   9.9631326063837743E-003   2.5710572668887311E-002   9.9631326063837743E-003
  0.65999996662139893        2.5381802494209408E-002   9.4268811021559883E-003   2.3762735539140260E-002   9.2083240741416168E-003   2.3762735539140260E-002   9.2083240741416168E-003
  0.66999995708465576        2.2685770654995514E-002   8.4255664161050469E-003   2.1910290219939621E-002   8.4904809284848670E-003   2.1910290219939621E-002   8.4904809284848670E-003
  0.68000000715255737        2.0166333836561960E-002   7.4898396749807526E-003   2.0150861772976040E-002   7.8086828544281653E-003   2.0150861772976040E-002   7.8086828544281653E-003
  0.68999999761581421        1.7815515939414724E-002   6.6167385303995850E-003   1.8481992709774752E-002   7.1619775478798343E-003   1.8481992709774752E-002   7.1619775478798343E-003
  0.69999998807907104        1.5625972046242338E-002   5.8035350570214868E-003   1.6900981232853614E-002   6.5493180322930330E-003   1.6900981232853614E-002   6.5493180322930330E-003
  0.70999997854232788        1.3590607228627363E-002   5.0475941761661909E-003   1.5405401365669471E-002   5.9697642147996926E-003   1.5405401365669471E-002   5.9697642147996926E-003
  0.71999996900558472        1.1701159796892272E-002   4.3458474703597814E-003   1.3992412954252107E-002   5.4222155041764395E-003   1.3992412954252107E-002   5.4222155041764395E-003
  0.72999995946884155        9.9500794446130882E-003   3.6954907321011957E-003   1.2659419143867647E-002   4.9056655903575008E-003   1.2659419143867647E-002   4.9056655903575008E-003
  0.74000000953674316        8.3303846646372894E-003   3.0939310077239390E-003   1.1403239028695944E-002   4.4188818369912007E-003   1.1403239028695944E-002   4.4188818369912007E-003
  0.75000000000000000        6.8352672549566564E-003   2.5386397096359304E-003   1.0221229126188860E-002   3.9608398652156065E-003   1.0221229126188860E-002   3.9608398652156065E-003
  0.75999999046325684        5.4571164622232568E-003   2.0267901801589157E-003   9.1105296261458617E-003   3.5304314667996650E-003   9.1105296261458617E-003   3.5304314667996650E-003
  0.76999998092651367        4.1899743245743977E-003   1.5561696135591799E-003   8.0682870042988568E-003   3.1265508693809722E-003   8.0682870042988568E-003   3.1265508693809722E-003
  0.77999997138977051        3.0265692890725036E-003   1.1240773322553558E-003   7.0916569910436178E-003   2.7480958868822372E-003   7.0916569910436178E-003   2.7480958868822372E-003
  0.78999996185302734        1.9604377018146730E-003   7.2811271490301715E-004   6.1778144637568864E-003   2.3939717528940292E-003   6.1778144637568864E-003   2.3939717528940292E-003
  0.79999995231628418        9.8576193784030426E-004   3.6611507733429942E-004   5.3241350847732932E-003   2.0631615074092461E-003   5.3241350847732932E-003   2.0631615074092461E-003
  0.81000000238418579        9.6949522298082547E-005   3.6007356838552972E-005   4.5275077865272158E-003   1.7544595771758792E-003   4.5275077865272158E-003   1.7544595771758792E-003
  0.81999999284744263       -7.1224999965248219E-004  -2.6453188512779195E-004   3.7853995099925430E-003   1.4668843736738125E-003   3.7853995099925430E-003   1.4668843736738125E-003
  0.82999998331069946       -1.4469430344941478E-003  -5.3739918395790992E-004   3.0951382880841411E-003   1.1994004799665342E-003   3.0951382880841411E-003   1.1994004799665342E-003
  0.83999997377395630       -2.1122902923232092E-003  -7.8451124357743470E-004   2.4542858031042342E-003   9.5106302085144225E-004   2.4542858031042342E-003   9.5106302085144225E-004
  0.84999996423721313       -2.7124216260264815E-003  -1.0074019043092711E-003   1.8599593061257654E-003   7.2075489908605332E-004   1.8599593061257654E-003   7.2075489908605332E-004
  0.85999995470046997       -3.2535823656368464E-003  -1.2083907013273523E-003   1.3095780381813626E-003   5.0747604189298309E-004   1.3095780381813626E-003   5.0747604189298309E-004
  0.87000000476837158       -3.7394040053135920E-003  -1.3888263829591797E-003   8.0127054137208787E-004   3.1050123854065449E-004   8.0127054137208787E-004   3.1050123854065449E-004
  0.87999999523162842       -4.1737738700079055E-003  -1.5501527138912369E-003   3.3243757987901914E-004   1.2882325626640027E-004   3.3243757987901914E-004   1.2882325626640027E-004
  0.88999998569488525       -4.5612400796600696E-003  -1.6940588801427157E-003  -9.9181731553303596E-005  -3.8434023089347801E-005  -9.9181731553303596E-005  -3.8434023089347801E-005
  0.89999997615814209       -4.9052253655530887E-003  -1.8218160948537021E-003  -4.9560287434929353E-004  -1.9205162097467237E-004  -4.9560287434929353E-004  -1.9205162097467237E-004
  0.90999996662139893       -5.2089318252074466E-003  -1.9346136270924563E-003  -8.5925127768395678E-004  -3.3296941814639491E-004  -8.5925127768395678E-004  -3.3296941814639491E-004
  0.91999995708465576       -5.4757535709731905E-003  -2.0337120608375512E-003  -1.1919795633505228E-003  -4.6190532613580183E-004  -1.1919795633505228E-003  -4.6190532613580183E-004
  0.93000000715255737       -5.7094204308746821E-003  -2.1204966659225527E-003  -1.4957251613319552E-003  -5.7961012059012896E-004  -1.4957251613319552E-003  -5.7961012059012896E-004
  0.93999999761581421       -5.9120299174245080E-003  -2.1957464650772768E-003  -1.7723336328003478E-003  -6.8679897697151797E-004  -1.7723336328003478E-003  -6.8679897697151797E-004
  0.94999998807907104       -6.0868399995274124E-003  -2.2606714781774361E-003  -2.0234162983368271E-003  -7.8409629991024689E-004  -2.0234162983368271E-003  -7.8409629991024689E-004
  0.95999997854232788       -6.2360483757941138E-003  -2.3160879373841036E-003  -2.2509838344930535E-003  -8.7228124891280728E-004  -2.2509838344930535E-003  -8.7228124891280728E-004
  0.96999996900558472       -6.3616750087272592E-003  -2.3627460631100100E-003  -2.4564818583430814E-003  -9.5191401665917599E-004  -2.4564818583430814E-003  -9.5191401665917599E-004
  0.97999995946884155       -6.4659729552282979E-003  -2.4014826477591344E-003  -2.6414378618108965E-003  -1.0235865232434635E-003  -2.6414378618108965E-003  -1.0235865232434635E-003
  0.98999994993209839       -6.5515885277893631E-003  -2.4332805400959839E-003  -2.8071388533433880E-003  -1.0877974987401390E-003  -2.8071388533433880E-003  -1.0877974987401390E-003
   1.0000000000000000       -6.6195764317265810E-003  -2.4585314609849689E-003  -2.9552813448003872E-003  -1.1452043603466197E-003  -2.9552813448003872E-003  -1.1452043603466197E-003
