 pt up dp u1 d1 u2 d2
   0.0000000000000000        0.0000000000000000        0.0000000000000000        0.0000000000000000        0.0000000000000000        0.0000000000000000        0.0000000000000000     
   9.9999997764825821E-003   3.4987229917750375        3.4987229917750375        3.1893869176354332        2.2090622935114030        2.9197192824555316        2.0320716820161393     
   1.9999999552965164E-002   3.4932659152830396        3.4932659152830396        3.1851550504490622        2.2061311790138589        2.9160795998817064        2.0295385289372661     
   2.9999999329447746E-002   3.4844212161466586        3.4844212161466586        3.1783578126753378        2.2014232141122214        2.9102591136565237        2.0254875760580537     
   3.9999999105930328E-002   3.4721092734519163        3.4721092734519163        3.1688999963405409        2.1948724549902647        2.9021626058568981        2.0198525534304648     
   4.9999997019767761E-002   3.4560571249196674        3.4560571249196674        3.1564778543031720        2.1862685175289100        2.8914915504084790        2.0124256923194470     
   5.9999998658895493E-002   3.4368463283417028        3.4368463283417028        3.1416849130117095        2.1760224954372025        2.8788158417582843        2.0036036289271451     
   7.0000000298023224E-002   3.4141022431484362        3.4141022431484362        3.1241006383561567        2.1638431145394073        2.8637210734787288        1.9930979438937266     
   7.9999998211860657E-002   3.3882274704648321        3.3882274704648321        3.1041221079810852        2.1500054023799611        2.8465848009626451        1.9811714089269956     
   8.9999996125698090E-002   3.3591762483812242        3.3591762483812242        3.0816677840197921        2.1344528834569942        2.8273189718075242        1.9677627411513190     
   9.9999994039535522E-002   3.3267908661440919        3.3267908661440919        3.0565355240765610        2.1170455480583530        2.8057181511356504        1.9527289616166270     
  0.10999999940395355        3.2914233121658265        3.2914233121658265        3.0290568447656092        2.0980130142489024        2.7820928354174024        1.9362861702365728     
  0.11999999731779099        3.2532739520888510        3.2532739520888510        2.9994009062713447        2.0774724473003978        2.7565956313617468        1.9185405785136194     
  0.12999999523162842        3.2121848473818861        3.2121848473818861        2.9673549180645975        2.0552764622932491        2.7290077302095139        1.8993398995186985     
  0.14000000059604645        3.1685570708439852        3.1685570708439852        2.9332943130424236        2.0316850949891982        2.6996800583996632        1.8789283716905372     
  0.14999999105930328        3.1222300686550954        3.1222300686550954        2.8969988945860727        2.0065458307952575        2.6683853052530040        1.8571477909178793     
  0.15999999642372131        3.0735014086091592        3.0735014086091592        2.8587302729410671        1.9800398685887917        2.6353626555489287        1.8341646254704254     
  0.17000000178813934        3.0225316346158846        3.0225316346158846        2.8186861933031997        1.9523041724531960        2.6007889541825899        1.8101019561887646     
  0.17999999225139618        2.9694276886017024        2.9694276886017024        2.7767366337044019        1.9232486853855377        2.5644991924562364        1.7848449400110937     
  0.18999999761581421        2.9143364477939571        2.9143364477939571        2.7331087365342879        1.8930307328220588        2.5267443892447430        1.7585682815230048     
  0.19999998807907104        2.8574096539780904        2.8574096539780904        2.6878832542167475        1.8617062462440501        2.4875628115486115        1.7312986138630169     
  0.20999999344348907        2.7988012544050265        2.7988012544050265        2.6411613811212646        1.8293453158198476        2.4470402851924145        1.7030956702488880     
  0.21999999880790710        2.7386672852331224        2.7386672852331224        2.5930552064384949        1.7960255777883265        2.4052646123861137        1.6740205594267750     
  0.22999998927116394        2.6771664200148324        2.6771664200148324        2.5436702862850273        1.7618201433909293        2.3623250846553523        1.6441354266795456     
  0.23999999463558197        2.6144529756175325        2.6144529756175325        2.4931221835224595        1.7268090548322181        2.3183132700811551        1.6135040017313376     
  0.25000000000000000        2.5506837140542071        2.5506837140542071        2.4415134679077442        1.6910633549139573        2.2733177941423057        1.5821879663084821     
  0.25999999046325684        2.4860209608114192        2.4860209608114192        2.3889595346749912        1.6546629697370274        2.2274318833011075        1.5502522043384137     
  0.26999998092651367        2.4206146542532130        2.4206146542532130        2.3355712244808089        1.6176846707692449        2.1807473681773724        1.5177606282675067     
  0.28000000119209290        2.3546187230485018        2.3546187230485018        2.2814623127906177        1.5802072622125054        2.1333541721091143        1.4847758231085832     
  0.28999999165534973        2.2881849464187707        2.2881849464187707        2.2267357913831800        1.5423020791731765        2.0853478296537973        1.4513642791814649     
  0.29999998211860657        2.2214575592545645        2.2214575592545645        2.1715034954667942        1.5040465819745459        2.0368170940998738        1.4175877671656922     
  0.31000000238418579        2.1545807564765034        2.1545807564765034        2.1158753848675631        1.4655169319955619        1.9878516694914254        1.3835087194494886     
  0.31999999284744263        2.0876938955442008        2.0876938955442008        2.0599504424622186        1.4267816876602537        1.9385431455707192        1.3491908808328201     
  0.32999998331069946        2.0209293663471617        2.0209293663471617        2.0038327569429732        1.3879129438291975        1.8889714926153314        1.3146899091789097     
  0.34000000357627869        1.9544206810016418        1.9544206810016418        1.9476290585400393        1.3489846249691393        1.8392279932565603        1.2800693355440584     
  0.34999999403953552        1.8882882444827875        1.8882882444827875        1.8914296292258197        1.3100592630042946        1.7893946795693751        1.2453862527650894     
  0.35999998450279236        1.8226510270179908        1.8226510270179908        1.8353344685884998        1.2712061205626612        1.7395527121962517        1.2106971471776113     
  0.37000000476837158        1.7576194379716712        1.7576194379716712        1.7794293251915079        1.2324845895973309        1.6897794242048825        1.1760558411945816     
  0.37999999523162842        1.6933052558438697        1.6933052558438697        1.7238051353495170        1.1939576552490321        1.6401543575175563        1.1415176945517067     
  0.38999998569488525        1.6298013596829473        1.6298013596829473        1.6685459350614824        1.1556835232988087        1.5907516024917669        1.1071342727944420     
  0.39999997615814209        1.5672017441473318        1.5672017441473318        1.6137345458420815        1.1177195583405151        1.5416375782794232        1.0729518024482441     
  0.40999999642372131        1.5055953672257820        1.5055953672257820        1.5594422850496208        1.0801151568541527        1.4928820673220218        1.0390188508271416     
  0.41999998688697815        1.4450615538995795        1.4450615538995795        1.5057466128450041        1.0429239700037627        1.4445467370761589        1.0053783373628098     
  0.42999997735023499        1.3856712198697254        1.3856712198697254        1.4527108689929040        1.0061898687555959        1.3967012521083313       0.97207874733041266     
  0.43999999761581421        1.3274911150599160        1.3274911150599160        1.4004033455217046       0.96996015415801484        1.3493962964876722       0.93915535592309729     
  0.44999998807907104        1.2705796774251195        1.2705796774251195        1.3488760055310951       0.93427081736767370        1.3026906657767570       0.90664908378636799     
  0.45999997854232788        1.2149940517094606        1.2149940517094606        1.2981931889392933       0.89916642208630349        1.2566316894192691       0.87459287135488151     
  0.46999999880790710        1.1607748986497100        1.1607748986497100        1.2484040974162449       0.86468104682387081        1.2112688969475345       0.84302119028509703     
  0.47999998927116394        1.1079632394555883        1.1079632394555883        1.1995514051132714       0.83084424894077780        1.1666457516096214       0.81196429020961991     
  0.48999997973442078        1.0565949446789611        1.0565949446789611        1.1516812051792014       0.79768795389470426        1.1228050827508751       0.78145197957625667     
  0.50000000000000000        1.0066969291819179        1.0066969291819179        1.1048272290135450       0.76523552503562731        1.0797829578075815       0.75150936066670737     
  0.50999999046325684       0.95828978710533830       0.95828978710533830        1.0590254339420604       0.73351186745488917        1.0376151333228605       0.72216131938666950     
  0.51999998092651367       0.91139023396795371       0.91139023396795371        1.0143070809205659       0.70253863340119349       0.99632591595174824       0.69342477272733327     
  0.52999997138977051       0.86600794561016303       0.86600794561016303       0.97069374195957392       0.67233076427746585       0.95594934920224695       0.66532341435301345     
  0.53999996185302734       0.82215259533158147       0.82215259533158147       0.92821066579439815       0.64290574809334022       0.91650802698274170       0.63787296921428571     
  0.55000001192092896       0.77982005964218137       0.77982005964218137       0.88687152057841834       0.61427305181003145       0.87801907486511210       0.61108535639866834     
  0.56000000238418579       0.73900787026787285       0.73900787026787285       0.84669431738873613       0.58644515042424628       0.84050186222304768       0.58497405663905577     
  0.56999999284744263       0.69970990306687819       0.69970990306687819       0.80768281330903957       0.55942464620159893       0.80396949580892274       0.55954819199745720     
  0.57999998331069946       0.66191476437508934       0.66191476437508934       0.76985125569069024       0.53322140727270129       0.76843511803478237       0.53481690935436443     
  0.58999997377395630       0.62560239880255819       0.62560239880255819       0.73320205238228930       0.50783710138364213       0.73390618041247480       0.51078539482691920     
  0.59999996423721313       0.59075912232826788       0.59075912232826788       0.69773233150949188       0.48326973939058510       0.70038977060061736       0.48745858129700864     
  0.61000001430511475       0.55735555620148758       0.55735555620148758       0.66344265895822563       0.45951971324260882       0.66788587140085420       0.46483645679489033     
  0.62000000476837158       0.52537564091819344       0.52537564091819344       0.63032490548750753       0.43658139239058441       0.63639460229570854       0.44291910447823285     
  0.62999999523162842       0.49478730927501913       0.49478730927501913       0.59837412459313821       0.41445135074160105       0.60591968210050728       0.42170911257507698     
  0.63999998569488525       0.46555669095023217       0.46555669095023217       0.56757675830605048       0.39312019765130607       0.57645201732672458       0.40120015218228583     
  0.64999997615814209       0.43766013930835251       0.43766013930835251       0.53791928488764496       0.37257856756962615       0.54798802411396985       0.38138972899800866     
  0.65999996662139893       0.41105851281673766       0.41105851281673766       0.50939572970337754       0.35282232229062066       0.52051677211659597       0.36227023569985700     
  0.66999995708465576       0.38571741296595402       0.38571741296595402       0.48197668769555030       0.33383109501468966       0.49402741834413388       0.34383412576306310     
  0.68000000715255737       0.36160379191618092       0.36160379191618092       0.45565600358635444       0.31560062241710424       0.46851539482810139       0.32607821996438674     
  0.68999999761581421       0.33867676095346844       0.33867676095346844       0.43040157002161300       0.29810866600899927       0.44395682692713512       0.30898590198631937     
  0.69999998807907104       0.31689873714072531       0.31689873714072531       0.40620020135571006       0.28134609302809210       0.42034403683115479       0.29255182821225489     
  0.70999997854232788       0.29623290860513174       0.29623290860513174       0.38302809934385273       0.26529642011674037       0.39765680018997096       0.27676192286115731     
  0.71999996900558472       0.27663848497915111       0.27663848497915111       0.36085857194257359       0.24994115958803567       0.37588277525138841       0.26160759629727037     
  0.72999995946884155       0.25807942231962910       0.25807942231962910       0.33966945499840456       0.23526495990359281       0.35499904380258090       0.24707289786000808     
  0.74000000953674316       0.24051267619982153       0.24051267619982153       0.31943218196496320       0.22124803504117638       0.33498837957561439       0.23314583837922340     
  0.75000000000000000       0.22389990290084158       0.22389990290084158       0.30012329912012470       0.20787414026958001       0.31582838068352542       0.21981082654776743     
  0.75999999046325684       0.20820526505893294       0.20820526505893294       0.28171301812259059       0.19512264331581636       0.29749717956583860       0.20705264294003861     
  0.76999998092651367       0.19338660214028230       0.19338660214028230       0.26417655866354500       0.18297638061609026       0.27997973511471541       0.19486081921769768     
  0.77999997138977051       0.17940655871361597       0.17940655871361597       0.24748363122236430       0.17141437276601346       0.26324436437440374       0.18321330461799687     
  0.78999996185302734       0.16622948966655932       0.16622948966655932       0.23160561134600968       0.16041679363551259       0.24727327821006731       0.17209771822563194     
  0.79999995231628418       0.15381709084480055       0.15381709084480055       0.21652175931889178       0.14996927829337420       0.23204810655699848       0.16150127480864146     
  0.81000000238418579       0.14213642360218359       0.14213642360218359       0.20219349731194700       0.14004510661132555       0.21753648671851236       0.15140145051691345     
  0.81999999284744263       0.13114921550528905       0.13114921550528905       0.18860031304635436       0.13063007118748421       0.20372167390046955       0.14178659127733306     
  0.82999998331069946       0.12082187961625915       0.12082187961625915       0.17571358330715869       0.12170434674931097       0.19057953523226950       0.13263990104952506     
  0.83999997377395630       0.11112424357918357       0.11112424357918357       0.16350347017049235       0.11324726668148556       0.17808472547277382       0.12394374000520147     
  0.84999996423721313       0.10202088332849711       0.10202088332849711       0.15194518046206990       0.10524165850921445       0.16621340763624806       0.11568151803448908     
  0.85999995470046997        9.3481299802186127E-002   9.3481299802186127E-002  0.14100966036851720        9.7667398714948589E-002  0.15494850536989491       0.10784135030545862     
  0.87000000476837158        8.5477113219319334E-002   8.5477113219319334E-002  0.13067284847325528        9.0507821660599647E-002  0.14425856357630823       0.10040134464064029     
  0.87999999523162842        7.7978046052950417E-002   7.7978046052950417E-002  0.12090681447466141        8.3743582005588429E-002  0.13412545872891735        9.3348887394145708E-002
  0.88999998569488525        7.0959119209816249E-002   7.0959119209816249E-002  0.11168849523245784        7.7358705547074386E-002  0.12453091895220805        8.6671261671911540E-002
  0.89999997615814209        6.4390449424889168E-002   6.4390449424889168E-002  0.10299102454224429        7.1334583969214604E-002  0.11544491111396839        8.0347564958460516E-002
  0.90999996662139893        5.8247045278928093E-002   5.8247045278928093E-002   9.4789755829166863E-002   6.5654146336252259E-002  0.10685158291634106        7.4366764341908365E-002
  0.91999995708465576        5.2506018515070377E-002   5.2506018515070377E-002   8.7067583689401887E-002   6.0305544947178241E-002   9.8729282683762312E-002   6.8713790648637654E-002
  0.93000000715255737        4.7144479928577773E-002   4.7144479928577773E-002   7.9792677763868877E-002   5.5266733168000279E-002   9.1055501510389950E-002   6.3372978088299822E-002
  0.93999999761581421        4.2137106711332521E-002   4.2137106711332521E-002   7.2952146636182019E-002   5.0528782028172049E-002   8.3809746755810641E-002   5.8330064154727669E-002
  0.94999998807907104        3.7463479829801263E-002   3.7463479829801263E-002   6.6515670471680166E-002   4.6070691126919146E-002   7.6977719164312022E-002   5.3575096825210604E-002
  0.95999997854232788        3.3107714513731228E-002   3.3107714513731228E-002   6.0468878399781933E-002   4.1882506780619146E-002   7.0532764735120893E-002   4.9089525398484608E-002
  0.96999996900558472        2.9047559394135378E-002   2.9047559394135378E-002   5.4697657496161643E-002   3.7885191053506240E-002   6.4460283590287354E-002   4.4863188624212479E-002
  0.97999995946884155        2.5261832724830964E-002   2.5261832724830964E-002   4.9368301448543317E-002   3.4193923798224862E-002   5.8746054920934501E-002   4.0886189077258953E-002
  0.98999994993209839        2.1739412849399422E-002   2.1739412849399422E-002   4.4370056957766635E-002   3.0731994053271990E-002   5.3366756331252034E-002   3.7142294793007860E-002
   1.0000000000000000        1.8457972413587490E-002   1.8457972413587490E-002   3.9684142531174006E-002   2.7486393209683772E-002   4.8306565485074865E-002   3.3620493712369033E-002
