 pt up dp u1 d1 u2 d2
   0.0000000000000000        0.0000000000000000        0.0000000000000000        0.0000000000000000        0.0000000000000000        0.0000000000000000        0.0000000000000000     
   9.9999997764825821E-003   2.3037450017137004        1.3756993946081504        1.5944758446505252       0.91085851046486555        1.4627908102392486       0.83553587012466457     
   1.9999999552965164E-002   2.2992490754759580        1.3730146169965376        1.5918519890569649       0.90935960961563433        1.4604576066581370       0.83420316057339006     
   2.9999999329447746E-002   2.2921071955886267        1.3687497874125103        1.5877676952485369       0.90702642044432968        1.4568427872974856       0.83213840106115977     
   3.9999999105930328E-002   2.2818108605054439        1.3626012501698548        1.5816392268645940       0.90352547836210384        1.4513597732028898       0.82900654179572941     
   4.9999997019767761E-002   2.2687485923758359        1.3548010143170390        1.5740728387561727       0.89920311184576063        1.4446458813234671       0.82517161375671688     
   5.9999998658895493E-002   2.2528812261267919        1.3453256921235686        1.5648730190022548       0.89394763297117397        1.4364837114753870       0.82050943948108912     
   7.0000000298023224E-002   2.2342715930187715        1.3342128037693712        1.5540669682306116       0.88777458033893208        1.4268923948520207       0.81503094657256836     
   7.9999998211860657E-002   2.2129729546252377        1.3214941548207384        1.5416911710687664       0.88070479611706798        1.4158932517482539       0.80874831303433314     
   8.9999996125698090E-002   2.1890729345107225        1.3072220703764097        1.5277729182501385       0.87275387037982211        1.4035322169104210       0.80168777647191092     
   9.9999994039535522E-002   2.1626456968149919        1.2914408381340654        1.5123582856871969       0.86394812440207613        1.3898404057497340       0.79386710979035258     
  0.10999999940395355        2.1337828079089016        1.2742051376701626        1.4954956828535131       0.85431521252625109        1.3748450122664533       0.78530184601222919     
  0.11999999731779099        2.1026016150106406        1.2555850437963236        1.4772275500482526       0.84387937915078826        1.3586022888251508       0.77602411609437205     
  0.12999999523162842        2.0692037133254835        1.2356412248861246        1.4576129339920829       0.83267435524013800        1.3411524701311250       0.76605690181877406     
  0.14000000059604645        2.0336836912339398        1.2144301651327858        1.4367026178785214       0.82072915114535749        1.3225402266365460       0.75542571863498553     
  0.14999999105930328        1.9961843880375136        1.1920371621454000        1.4145551391014630       0.80807720687344875        1.3028248456488269       0.74416443103794427     
  0.15999999642372131        1.9568192266022117        1.1685299472779072        1.3912464426330136       0.79476190666532076        1.2820526823450582       0.73229951678028182     
  0.17000000178813934        1.9157235349182813        1.1439893327009765        1.3668256313177667       0.78081130095776063        1.2602919396509058       0.71986993289566370     
  0.17999999225139618        1.8730214840476034        1.1184894681380058        1.3413630514991917       0.76626557572526299        1.2375837386792248       0.70689916747587211     
  0.18999999761581421        1.8288663176264006        1.0921218642281625        1.3149392098139603       0.75117072110020333        1.2139996407389511       0.69342809583958798     
  0.19999998807907104        1.7833770185669657        1.0649575725506268        1.2876119606189973       0.73555978689863721        1.1895953378847515       0.67948852889854627     
  0.20999999344348907        1.7367041883974066        1.0370865259889854        1.2594559858619154       0.71947543584749707        1.1644391325093066       0.66511948050127856     
  0.21999999880790710        1.6890031191201647        1.0086014583803533        1.2305546571579991       0.70296529472367619        1.1385895462650000       0.65035437780592620     
  0.22999998927116394        1.6403877880476661       0.97957043217069906        1.2009642028200600       0.68606148445106441        1.1121200774714746       0.63523520253812571     
  0.23999999463558197        1.5910137201737429       0.95008632032977403        1.1707807730125894       0.66881893166646667        1.0850793290527565       0.61978971634782021     
  0.25000000000000000        1.5410288300036366       0.92023745116438527        1.1400683772980855       0.65127420240187706        1.0575522933699240       0.60406646627664529     
  0.25999999046325684        1.4905566774890779       0.89009760946871319        1.1088923141641958       0.63346459899925134        1.0295887563285155       0.58809388968530429     
  0.26999998092651367        1.4397412696873779       0.85975279018638640        1.0773459802532626       0.61544347512136766        1.0012616087140145       0.57191362128017242     
  0.28000000119209290        1.3887226435930708       0.82928661750691479        1.0454930297783436       0.59724719380369440       0.97263107853361064       0.55556006287731219     
  0.28999999165534973        1.3376215924796238       0.79877122408085699        1.0134009685498417       0.57891431834094431       0.94376807931678985       0.53907371978831675     
  0.29999998211860657        1.2865691545208731       0.76828486038136790       0.98114849390563474       0.56048980528746106       0.91472221684999655       0.52248292649112338     
  0.31000000238418579        1.2356759873438352       0.73789360647824009       0.94880622928757397       0.54201399891265567       0.88557071249341313       0.50583179128605760     
  0.31999999284744263        1.1850663482085959       0.70767166356880651       0.91643439316654907       0.52352129955371840       0.85635861660175772       0.48914604662034750     
  0.32999998331069946        1.1348651342905927       0.67769361498086911       0.88410865077022172       0.50505493164505733       0.82715920855091130       0.47246754916048311     
  0.34000000357627869        1.0851613855018756       0.64801263159619316       0.85188063191890318       0.48664438918081587       0.79802173023361644       0.45582442553086616     
  0.34999999403953552        1.0360659508394521       0.61869490776266223       0.81982210944196321       0.46833067302825171       0.76899847526561638       0.43924654547871289     
  0.35999998450279236       0.98765536938945586       0.58978614939580842       0.78799965161167207       0.45015181090507994       0.74014345549375105       0.42276476019281350     
  0.37000000476837158       0.94004272413715584       0.56135388488712490       0.75644919917368003       0.43212833428197639       0.71150897709968908       0.40640894659795279     
  0.37999999523162842       0.89329710382136851       0.53343937111881545       0.72523489642372696       0.41429688615850002       0.68314350861070894       0.39020678957759419     
  0.38999998569488525       0.84748897171658077       0.50608468578783916       0.69440737274750486       0.39668638902161901       0.65509283607625057       0.37418444180263982     
  0.39999997615814209       0.80268868705736929       0.47933184446290855       0.66402346619792185       0.37932931211467930       0.62740031601945279       0.35836666821557639     
  0.40999999642372131       0.75896325032707523       0.45322085700809189       0.63410932598924907       0.36224059340895232       0.60010983826058950       0.34277853837448147     
  0.41999998688697815       0.71636937416733337       0.42778558982210418       0.60471600035385720       0.34544939466129765       0.57325320122014101       0.32743821531451994     
  0.42999997735023499       0.67494070295775543       0.40304613391008248       0.57588176748419651       0.32897758262966870       0.54687395724562105       0.31237057583169003     
  0.43999999761581421       0.63474041235459444       0.37904021511060559       0.54765005607905715       0.31284996634458462       0.52099475598456735       0.29758855724610089     
  0.44999998807907104       0.59578354162564062       0.35577681424037721       0.52003615938481329       0.29707528220908280       0.49565075051728708       0.28311223875112435     
  0.45999997854232788       0.55812588071549329       0.33328924670234233       0.49307729753243373       0.28167479255408362       0.47087191367718867       0.26895874061936959     
  0.46999999880790710       0.52175844068678245       0.31157214468205374       0.46679900665222573       0.26666308512119069       0.44667690827570106       0.25513872291807133     
  0.47999998927116394       0.48672478680544368       0.29065152351972112       0.44122392604344646       0.25205309281149973       0.42309054306497801       0.24166635623277888     
  0.48999997973442078       0.45302686937950964       0.27052854785708141       0.41637888263542788       0.23786014074704093       0.40013620676074069       0.22855500003417206     
  0.50000000000000000       0.42066199622046779       0.25120161003265090       0.39226504329306938       0.22408489550976740       0.37781715344361860       0.21580651303032625     
  0.50999999046325684       0.38965590775147663       0.23268608114198458       0.36890364979540624       0.21073949165491684       0.35616052350745203       0.20343639762419838     
  0.51999998092651367       0.35997584296098806       0.21496239769011274       0.34630522157472121       0.19782993850176034       0.33517994762584785       0.19145243956112734     
  0.52999997138977051       0.33163746842639658       0.19803991509658947       0.32448462233792669       0.18536472707509621       0.31487081076424828       0.17985200276568275     
  0.53999996185302734       0.30461115795559618       0.18190094184845890       0.30343282969483970       0.17333870325427123       0.29524651695428100       0.16864274352689171     
  0.55000001192092896       0.27889808617532863       0.16654617938329150       0.28315957311330575       0.16175742508434365       0.27631125905531501       0.15782705677667225     
  0.56000000238418579       0.25446713816154920       0.15195704718017952       0.26366528806612838       0.15062114133302634       0.25806739591228173       0.14740628987073540     
  0.56999999284744263       0.23130170251941548       0.13812362561441990       0.24495431954314240       0.13993233411441502       0.24052107919369528       0.13738395659907016     
  0.57999998331069946       0.20936477815472915       0.12502381919243560       0.22700921044176930       0.12968103090336588       0.22365790209593422       0.12775182789630662     
  0.58999997377395630       0.18864405882898014       0.11265027914738987       0.20983037096991969       0.11986746603479714       0.20748040998856737       0.11851135765972309     
  0.59999996423721313       0.16909281997288758       0.10097510353630519       0.19340960381057845       0.11048695671844157       0.19198310052510673       0.10965940298752637     
  0.61000001430511475       0.15069380286186165        8.9987986176443435E-002  0.17773687640643790       0.10153377176668953       0.17715875520176017       0.10119184072088558     
  0.62000000476837158       0.13339715361570628        7.9659156432272463E-002  0.16280692401947716        9.3004903651111970E-002  0.16299890496001498        9.3103833392868235E-002
  0.62999999523162842       0.11718653628899843        6.9978859165870488E-002  0.14859424743280561        8.4885785717223203E-002  0.14949341549830303        8.5389592361366604E-002
  0.63999998569488525       0.10200029493558496        6.0910276045462938E-002  0.13509072233895922        7.7171776882111895E-002  0.13663653636492432        7.8045833008627594E-002
  0.64999997615814209        8.7819728950595907E-002   5.2442239858194545E-002  0.12228069586025604        6.9853935300156419E-002  0.12440455034278670        7.1059008226287121E-002
  0.65999996662139893        7.4591188087834479E-002   4.4542712938803498E-002  0.11015326574630148        6.2926032963834450E-002  0.11278956858422880        6.4424611959789102E-002
  0.66999995708465576        6.1878522383784898E-002   3.6951244916124136E-002   9.8679121804739992E-002   5.6371326165023744E-002  0.10177710945269727        5.8134372399717235E-002
  0.68000000715255737        5.0456466059306988E-002   3.0130474405900252E-002   8.7845601282201369E-002   5.0182581193215857E-002   9.1351802048857192E-002   5.2179509795979774E-002
  0.68999999761581421        3.9869658353758629E-002   2.3808479158804050E-002   7.7633661676036428E-002   4.4348919849373274E-002   8.1502949437904260E-002   4.6553914134303237E-002
  0.69999998807907104        3.0088849608306083E-002   1.7967792511675906E-002   6.8023482190763152E-002   3.8859019327754082E-002   7.2203351621392700E-002   4.1242048965996911E-002
  0.70999997854232788        2.1064363454170686E-002   1.2578749831319187E-002   5.9000303393316321E-002   3.3704448170922358E-002   6.3441104146530480E-002   3.6237114550966565E-002
  0.71999996900558472        1.2762532139175923E-002   7.6212461554862757E-003   5.0532552602857793E-002   2.8867170204083512E-002   5.5198655879964191E-002   3.1529085804712295E-002
  0.72999995946884155        5.1582735604163241E-003   3.0803035097240836E-003   4.2604917409539034E-002   2.4338438076894779E-002   4.7458076997708896E-002   2.7107721337296765E-002
  0.74000000953674316       -1.8125075673844876E-003  -1.0823531082297742E-003   3.5196354504180433E-002   2.0106230611789375E-002   4.0206113183025333E-002   2.2965450375789113E-002
  0.75000000000000000       -8.1731096347081554E-003  -4.8806365149658918E-003   2.8291082718534595E-002   1.6161532676019122E-002   3.3414604040893935E-002   1.9086187899699139E-002
  0.75999999046325684       -1.3954419092972823E-002  -8.3329907971718686E-003   2.1857510218420476E-002   1.2486297153272138E-002   2.7067107924329335E-002   1.5460542555373168E-002
  0.76999998092651367       -1.9201083052144401E-002  -1.1466077326703456E-002   1.5880012232687774E-002   9.0715982540332148E-003   2.1151278268588720E-002   1.2081462071465781E-002
  0.77999997138977051       -2.3941783106425335E-002  -1.4297023542470285E-002   1.0337768454277215E-002   5.9055421926805119E-003   1.5645747174368542E-002   8.9367412534868598E-003
  0.78999996185302734       -2.8196413698021252E-002  -1.6837709566655156E-002   5.2152269691433245E-003   2.9792447999682616E-003   1.0532313227844195E-002   6.0159835812839072E-003
  0.79999995231628418       -3.2021594171797313E-002  -1.9121946085074653E-002   4.8209415398912757E-004   2.7540057410065035E-004   5.7929606298004286E-003   3.3088985564699571E-003
  0.81000000238418579       -3.5434693063499674E-002  -2.1160104855059970E-002  -3.8765029612847133E-003  -2.2144868013991913E-003   1.4098873825821349E-003   8.0531780261250071E-004
  0.81999999284744263       -3.8459772143340516E-002  -2.2966554551394885E-002  -7.8800051385498181E-003  -4.5015230346924073E-003  -2.6297490108640386E-003  -1.5020942246980141E-003
  0.82999998331069946       -4.1126176839474136E-002  -2.4558819026639606E-002  -1.1547485071546449E-002  -6.5966035717458247E-003  -6.3523636244528546E-003  -3.6284256307553865E-003
  0.83999997377395630       -4.3466032064014282E-002  -2.5956081923998529E-002  -1.4892718002069335E-002  -8.5075976419770414E-003  -9.7701082101474684E-003  -5.5806174112090394E-003
  0.84999996423721313       -4.5505986668143802E-002  -2.7174256813945721E-002  -1.7943394217552706E-002  -1.0250323568411377E-002  -1.2899366763969815E-002  -7.3680279898859138E-003
  0.85999995470046997       -4.7264988662989137E-002  -2.8224658649922890E-002  -2.0712106376132685E-002  -1.1831975019031419E-002  -1.5751717029722046E-002  -8.9972704929925807E-003
  0.87000000476837158       -4.8760831171507930E-002  -2.9117912734844507E-002  -2.3215825944038013E-002  -1.3262247094895849E-002  -1.8351453108187227E-002  -1.0482221540818482E-002
  0.87999999523162842       -5.0023884354514291E-002  -2.9872154848414864E-002  -2.5466211088739980E-002  -1.4547799627881882E-002  -2.0709134990427348E-002  -1.1828912926330043E-002
  0.88999998569488525       -5.1062071304366900E-002  -3.0492116327371890E-002  -2.7488334104571004E-002  -1.5702955389166065E-002  -2.2839312200586864E-002  -1.3045655235860437E-002
  0.89999997615814209       -5.1904341954091313E-002  -3.0995084851258056E-002  -2.9292665824786932E-002  -1.6733695935392805E-002  -2.4755938994789756E-002  -1.4140419042817043E-002
  0.90999996662139893       -5.2569992409812513E-002  -3.1392583241173257E-002  -3.0893651878339996E-002  -1.7648273460607097E-002  -2.6472509644641051E-002  -1.5120912180669955E-002
  0.91999995708465576       -5.3070912018786900E-002  -3.1691711314072231E-002  -3.2300684891770411E-002  -1.8452053586275219E-002  -2.7997744573761078E-002  -1.5992115694341481E-002
  0.93000000715255737       -5.3417875175219169E-002  -3.1898903083951401E-002  -3.3536034134930018E-002  -1.9157757830904242E-002  -2.9352537764975036E-002  -1.6765964080547032E-002
  0.93999999761581421       -5.3634272812279914E-002  -3.2028126629993880E-002  -3.4607763807039331E-002  -1.9769992940036601E-002  -3.0544526608829451E-002  -1.7446819763299006E-002
  0.94999998807907104       -5.3721637423472648E-002  -3.2080297092713775E-002  -3.5527910068828154E-002  -2.0295634677560993E-002  -3.1584989812334777E-002  -1.8041125061082020E-002
  0.95999997854232788       -5.3702368683748919E-002  -3.2068790613675048E-002  -3.6303492657915500E-002  -2.0738693131038786E-002  -3.2480639176741558E-002  -1.8552713707782536E-002
  0.96999996900558472       -5.3589578662085115E-002  -3.2001437167696732E-002  -3.6954109390501075E-002  -2.1110363727313178E-002  -3.3250062387189645E-002  -1.8992202859023991E-002
  0.97999995946884155       -5.3389353239235951E-002  -3.1881870986199226E-002  -3.7485600024870565E-002  -2.1413982480254490E-002  -3.3898810112040136E-002  -1.9362763017715227E-002
  0.98999994993209839       -5.3107011287728795E-002  -3.1713268275624984E-002  -3.7907556259007422E-002  -2.1655028732661973E-002  -3.4436184125452025E-002  -1.9669707292136185E-002
   1.0000000000000000       -5.2753159560084514E-002  -3.1501962941423885E-002  -3.8229133565639770E-002  -2.1838732629777202E-002  -3.4866930438334512E-002  -1.9915746570492329E-002
