 gamma g3f fuua tmp 
   3.9191919191919191        0.0000000000000000        1650.7055956056386        0.0000000000000000     
   3.9191919191919191        5.0505050505050509E-003   1650.7055956145944        0.0000000000000000     
   3.9191919191919191        1.0101010101010102E-002   1650.7055956235499        0.0000000000000000     
   3.9191919191919191        1.5151515151515152E-002   1650.7055956325055        0.0000000000000000     
   3.9191919191919191        2.0202020202020204E-002   1650.7055956414615        0.0000000000000000     
   3.9191919191919191        2.5252525252525252E-002   1650.7055956504171        0.0000000000000000     
   3.9191919191919191        3.0303030303030304E-002   1650.7055956593731        0.0000000000000000     
   3.9191919191919191        3.5353535353535352E-002   1650.7055956683289        0.0000000000000000     
   3.9191919191919191        4.0404040404040407E-002   1650.7055956772849        0.0000000000000000     
   3.9191919191919191        4.5454545454545456E-002   1650.7055956862405        0.0000000000000000     
   3.9191919191919191        5.0505050505050504E-002   1650.7055956951963        0.0000000000000000     
   3.9191919191919191        5.5555555555555552E-002   1650.7055957041521        0.0000000000000000     
   3.9191919191919191        6.0606060606060608E-002   1650.7055957131079        0.0000000000000000     
   3.9191919191919191        6.5656565656565663E-002   1650.7055957220632        0.0000000000000000     
   3.9191919191919191        7.0707070707070704E-002   1650.7055957310190        0.0000000000000000     
   3.9191919191919191        7.5757575757575760E-002   1650.7055957399748        0.0000000000000000     
   3.9191919191919191        8.0808080808080815E-002   1650.7055957489308        0.0000000000000000     
   3.9191919191919191        8.5858585858585856E-002   1650.7055957578864        0.0000000000000000     
   3.9191919191919191        9.0909090909090912E-002   1650.7055957668424        0.0000000000000000     
   3.9191919191919191        9.5959595959595953E-002   1650.7055957757980        0.0000000000000000     
   3.9191919191919191       0.10101010101010101        1650.7055957847538        0.0000000000000000     
   3.9191919191919191       0.10606060606060606        1650.7055957937096        0.0000000000000000     
   3.9191919191919191       0.11111111111111110        1650.7055958026651        0.0000000000000000     
   3.9191919191919191       0.11616161616161616        1650.7055958116212        0.0000000000000000     
   3.9191919191919191       0.12121212121212122        1650.7055958205772        0.0000000000000000     
   3.9191919191919191       0.12626262626262627        1650.7055958295325        0.0000000000000000     
   3.9191919191919191       0.13131313131313133        1650.7055958384885        0.0000000000000000     
   3.9191919191919191       0.13636363636363635        1650.7055958474443        0.0000000000000000     
   3.9191919191919191       0.14141414141414141        1650.7055958564001        0.0000000000000000     
   3.9191919191919191       0.14646464646464646        1650.7055958653557        0.0000000000000000     
   3.9191919191919191       0.15151515151515152        1650.7055958743117        0.0000000000000000     
   3.9191919191919191       0.15656565656565657        1650.7055958832671        0.0000000000000000     
   3.9191919191919191       0.16161616161616163        1650.7055958922231        0.0000000000000000     
   3.9191919191919191       0.16666666666666666        1650.7055959011786        0.0000000000000000     
   3.9191919191919191       0.17171717171717171        1650.7055959101347        0.0000000000000000     
   3.9191919191919191       0.17676767676767677        1650.7055959190905        0.0000000000000000     
   3.9191919191919191       0.18181818181818182        1650.7055959280463        0.0000000000000000     
   3.9191919191919191       0.18686868686868688        1650.7055959370018        0.0000000000000000     
   3.9191919191919191       0.19191919191919191        1650.7055959459578        0.0000000000000000     
   3.9191919191919191       0.19696969696969696        1650.7055959549132        0.0000000000000000     
   3.9191919191919191       0.20202020202020202        1650.7055959638692        0.0000000000000000     
   3.9191919191919191       0.20707070707070707        1650.7055959728250        0.0000000000000000     
   3.9191919191919191       0.21212121212121213        1650.7055959817810        0.0000000000000000     
   3.9191919191919191       0.21717171717171718        1650.7055959907366        0.0000000000000000     
   3.9191919191919191       0.22222222222222221        1650.7055959996924        0.0000000000000000     
   3.9191919191919191       0.22727272727272727        1650.7055960086482        0.0000000000000000     
   3.9191919191919191       0.23232323232323232        1650.7055960176040        0.0000000000000000     
   3.9191919191919191       0.23737373737373738        1650.7055960265600        0.0000000000000000     
   3.9191919191919191       0.24242424242424243        1650.7055960355153        0.0000000000000000     
   3.9191919191919191       0.24747474747474749        1650.7055960444711        0.0000000000000000     
   3.9191919191919191       0.25252525252525254        1650.7055960534269        0.0000000000000000     
   3.9191919191919191       0.25757575757575757        1650.7055960623827        0.0000000000000000     
   3.9191919191919191       0.26262626262626265        1650.7055960713385        0.0000000000000000     
   3.9191919191919191       0.26767676767676768        1650.7055960802943        0.0000000000000000     
   3.9191919191919191       0.27272727272727271        1650.7055960892499        0.0000000000000000     
   3.9191919191919191       0.27777777777777779        1650.7055960982059        0.0000000000000000     
   3.9191919191919191       0.28282828282828282        1650.7055961071619        0.0000000000000000     
   3.9191919191919191       0.28787878787878790        1650.7055961161172        0.0000000000000000     
   3.9191919191919191       0.29292929292929293        1650.7055961250735        0.0000000000000000     
   3.9191919191919191       0.29797979797979796        1650.7055961340288        0.0000000000000000     
   3.9191919191919191       0.30303030303030304        1650.7055961429846        0.0000000000000000     
   3.9191919191919191       0.30808080808080807        1650.7055961519407        0.0000000000000000     
   3.9191919191919191       0.31313131313131315        1650.7055961608960        0.0000000000000000     
   3.9191919191919191       0.31818181818181818        1650.7055961698522        0.0000000000000000     
   3.9191919191919191       0.32323232323232326        1650.7055961788076        0.0000000000000000     
   3.9191919191919191       0.32828282828282829        1650.7055961877636        0.0000000000000000     
   3.9191919191919191       0.33333333333333331        1650.7055961967196        0.0000000000000000     
   3.9191919191919191       0.33838383838383840        1650.7055962056750        0.0000000000000000     
   3.9191919191919191       0.34343434343434343        1650.7055962146303        0.0000000000000000     
   3.9191919191919191       0.34848484848484851        1650.7055962235868        0.0000000000000000     
   3.9191919191919191       0.35353535353535354        1650.7055962325423        0.0000000000000000     
   3.9191919191919191       0.35858585858585856        1650.7055962414984        0.0000000000000000     
   3.9191919191919191       0.36363636363636365        1650.7055962504535        0.0000000000000000     
   3.9191919191919191       0.36868686868686867        1650.7055962594097        0.0000000000000000     
   3.9191919191919191       0.37373737373737376        1650.7055962683655        0.0000000000000000     
   3.9191919191919191       0.37878787878787878        1650.7055962773211        0.0000000000000000     
   3.9191919191919191       0.38383838383838381        1650.7055962862771        0.0000000000000000     
   3.9191919191919191       0.38888888888888890        1650.7055962952327        0.0000000000000000     
   3.9191919191919191       0.39393939393939392        1650.7055963041885        0.0000000000000000     
   3.9191919191919191       0.39898989898989901        1650.7055963131443        0.0000000000000000     
   3.9191919191919191       0.40404040404040403        1650.7055963221003        0.0000000000000000     
   3.9191919191919191       0.40909090909090912        1650.7055963310561        0.0000000000000000     
   3.9191919191919191       0.41414141414141414        1650.7055963400114        0.0000000000000000     
   3.9191919191919191       0.41919191919191917        1650.7055963489677        0.0000000000000000     
   3.9191919191919191       0.42424242424242425        1650.7055963579232        0.0000000000000000     
   3.9191919191919191       0.42929292929292928        1650.7055963668788        0.0000000000000000     
   3.9191919191919191       0.43434343434343436        1650.7055963758344        0.0000000000000000     
   3.9191919191919191       0.43939393939393939        1650.7055963847904        0.0000000000000000     
   3.9191919191919191       0.44444444444444442        1650.7055963937464        0.0000000000000000     
   3.9191919191919191       0.44949494949494950        1650.7055964027018        0.0000000000000000     
   3.9191919191919191       0.45454545454545453        1650.7055964116580        0.0000000000000000     
   3.9191919191919191       0.45959595959595961        1650.7055964206138        0.0000000000000000     
   3.9191919191919191       0.46464646464646464        1650.7055964295691        0.0000000000000000     
   3.9191919191919191       0.46969696969696972        1650.7055964385249        0.0000000000000000     
   3.9191919191919191       0.47474747474747475        1650.7055964474807        0.0000000000000000     
   3.9191919191919191       0.47979797979797978        1650.7055964564365        0.0000000000000000     
   3.9191919191919191       0.48484848484848486        1650.7055964653928        0.0000000000000000     
   3.9191919191919191       0.48989898989898989        1650.7055964743483        0.0000000000000000     
   3.9191919191919191       0.49494949494949497        1650.7055964833041        0.0000000000000000     
   3.9191919191919191       0.50000000000000000        1650.7055964922597        0.0000000000000000     
