 gamma g3f fuua tmp 
   2.7474747474747474        0.0000000000000000        3482.8821885990064        0.0000000000000000     
   2.7474747474747474        5.0505050505050509E-003   3482.8821607307900        0.0000000000000000     
   2.7474747474747474        1.0101010101010102E-002   3482.8821328625727        0.0000000000000000     
   2.7474747474747474        1.5151515151515152E-002   3482.8821049943554        0.0000000000000000     
   2.7474747474747474        2.0202020202020204E-002   3482.8820771261380        0.0000000000000000     
   2.7474747474747474        2.5252525252525252E-002   3482.8820492579207        0.0000000000000000     
   2.7474747474747474        3.0303030303030304E-002   3482.8820213897020        0.0000000000000000     
   2.7474747474747474        3.5353535353535352E-002   3482.8819935214847        0.0000000000000000     
   2.7474747474747474        4.0404040404040407E-002   3482.8819656532664        0.0000000000000000     
   2.7474747474747474        4.5454545454545456E-002   3482.8819377850482        0.0000000000000000     
   2.7474747474747474        5.0505050505050504E-002   3482.8819099168286        0.0000000000000000     
   2.7474747474747474        5.5555555555555552E-002   3482.8818820486099        0.0000000000000000     
   2.7474747474747474        6.0606060606060608E-002   3482.8818541803912        0.0000000000000000     
   2.7474747474747474        6.5656565656565663E-002   3482.8818263121716        0.0000000000000000     
   2.7474747474747474        7.0707070707070704E-002   3482.8817984439520        0.0000000000000000     
   2.7474747474747474        7.5757575757575760E-002   3482.8817705757324        0.0000000000000000     
   2.7474747474747474        8.0808080808080815E-002   3482.8817427075123        0.0000000000000000     
   2.7474747474747474        8.5858585858585856E-002   3482.8817148392936        0.0000000000000000     
   2.7474747474747474        9.0909090909090912E-002   3482.8816869710718        0.0000000000000000     
   2.7474747474747474        9.5959595959595953E-002   3482.8816591028522        0.0000000000000000     
   2.7474747474747474       0.10101010101010101        3482.8816312346316        0.0000000000000000     
   2.7474747474747474       0.10606060606060606        3482.8816033664107        0.0000000000000000     
   2.7474747474747474       0.11111111111111110        3482.8815754981892        0.0000000000000000     
   2.7474747474747474       0.11616161616161616        3482.8815476299678        0.0000000000000000     
   2.7474747474747474       0.12121212121212122        3482.8815197617464        0.0000000000000000     
   2.7474747474747474       0.12626262626262627        3482.8814918935236        0.0000000000000000     
   2.7474747474747474       0.13131313131313133        3482.8814640253036        0.0000000000000000     
   2.7474747474747474       0.13636363636363635        3482.8814361570817        0.0000000000000000     
   2.7474747474747474       0.14141414141414141        3482.8814082888584        0.0000000000000000     
   2.7474747474747474       0.14646464646464646        3482.8813804206361        0.0000000000000000     
   2.7474747474747474       0.15151515151515152        3482.8813525524133        0.0000000000000000     
   2.7474747474747474       0.15656565656565657        3482.8813246841901        0.0000000000000000     
   2.7474747474747474       0.16161616161616163        3482.8812968159677        0.0000000000000000     
   2.7474747474747474       0.16666666666666666        3482.8812689477436        0.0000000000000000     
   2.7474747474747474       0.17171717171717171        3482.8812410795204        0.0000000000000000     
   2.7474747474747474       0.17676767676767677        3482.8812132112971        0.0000000000000000     
   2.7474747474747474       0.18181818181818182        3482.8811853430725        0.0000000000000000     
   2.7474747474747474       0.18686868686868688        3482.8811574748488        0.0000000000000000     
   2.7474747474747474       0.19191919191919191        3482.8811296066247        0.0000000000000000     
   2.7474747474747474       0.19696969696969696        3482.8811017384000        0.0000000000000000     
   2.7474747474747474       0.20202020202020202        3482.8810738701759        0.0000000000000000     
   2.7474747474747474       0.20707070707070707        3482.8810460019504        0.0000000000000000     
   2.7474747474747474       0.21212121212121213        3482.8810181337258        0.0000000000000000     
   2.7474747474747474       0.21717171717171718        3482.8809902655012        0.0000000000000000     
   2.7474747474747474       0.22222222222222221        3482.8809623972747        0.0000000000000000     
   2.7474747474747474       0.22727272727272727        3482.8809345290488        0.0000000000000000     
   2.7474747474747474       0.23232323232323232        3482.8809066608233        0.0000000000000000     
   2.7474747474747474       0.23737373737373738        3482.8808787925977        0.0000000000000000     
   2.7474747474747474       0.24242424242424243        3482.8808509243709        0.0000000000000000     
   2.7474747474747474       0.24747474747474749        3482.8808230561440        0.0000000000000000     
   2.7474747474747474       0.25252525252525254        3482.8807951879176        0.0000000000000000     
   2.7474747474747474       0.25757575757575757        3482.8807673196898        0.0000000000000000     
   2.7474747474747474       0.26262626262626265        3482.8807394514629        0.0000000000000000     
   2.7474747474747474       0.26767676767676768        3482.8807115832351        0.0000000000000000     
   2.7474747474747474       0.27272727272727271        3482.8806837150082        0.0000000000000000     
   2.7474747474747474       0.27777777777777779        3482.8806558467809        0.0000000000000000     
   2.7474747474747474       0.28282828282828282        3482.8806279785531        0.0000000000000000     
   2.7474747474747474       0.28787878787878790        3482.8806001103248        0.0000000000000000     
   2.7474747474747474       0.29292929292929293        3482.8805722420962        0.0000000000000000     
   2.7474747474747474       0.29797979797979796        3482.8805443738679        0.0000000000000000     
   2.7474747474747474       0.30303030303030304        3482.8805165056392        0.0000000000000000     
   2.7474747474747474       0.30808080808080807        3482.8804886374096        0.0000000000000000     
   2.7474747474747474       0.31313131313131315        3482.8804607691809        0.0000000000000000     
   2.7474747474747474       0.31818181818181818        3482.8804329009517        0.0000000000000000     
   2.7474747474747474       0.32323232323232326        3482.8804050327221        0.0000000000000000     
   2.7474747474747474       0.32828282828282829        3482.8803771644921        0.0000000000000000     
   2.7474747474747474       0.33333333333333331        3482.8803492962629        0.0000000000000000     
   2.7474747474747474       0.33838383838383840        3482.8803214280324        0.0000000000000000     
   2.7474747474747474       0.34343434343434343        3482.8802935598019        0.0000000000000000     
   2.7474747474747474       0.34848484848484851        3482.8802656915709        0.0000000000000000     
   2.7474747474747474       0.35353535353535354        3482.8802378233413        0.0000000000000000     
   2.7474747474747474       0.35858585858585856        3482.8802099551099        0.0000000000000000     
   2.7474747474747474       0.36363636363636365        3482.8801820868784        0.0000000000000000     
   2.7474747474747474       0.36868686868686867        3482.8801542186470        0.0000000000000000     
   2.7474747474747474       0.37373737373737376        3482.8801263504156        0.0000000000000000     
   2.7474747474747474       0.37878787878787878        3482.8800984821837        0.0000000000000000     
   2.7474747474747474       0.38383838383838381        3482.8800706139523        0.0000000000000000     
   2.7474747474747474       0.38888888888888890        3482.8800427457199        0.0000000000000000     
   2.7474747474747474       0.39393939393939392        3482.8800148774872        0.0000000000000000     
   2.7474747474747474       0.39898989898989901        3482.8799870092544        0.0000000000000000     
   2.7474747474747474       0.40404040404040403        3482.8799591410225        0.0000000000000000     
   2.7474747474747474       0.40909090909090912        3482.8799312727888        0.0000000000000000     
   2.7474747474747474       0.41414141414141414        3482.8799034045551        0.0000000000000000     
   2.7474747474747474       0.41919191919191917        3482.8798755363232        0.0000000000000000     
   2.7474747474747474       0.42424242424242425        3482.8798476680886        0.0000000000000000     
   2.7474747474747474       0.42929292929292928        3482.8798197998544        0.0000000000000000     
   2.7474747474747474       0.43434343434343436        3482.8797919316207        0.0000000000000000     
   2.7474747474747474       0.43939393939393939        3482.8797640633870        0.0000000000000000     
   2.7474747474747474       0.44444444444444442        3482.8797361951520        0.0000000000000000     
   2.7474747474747474       0.44949494949494950        3482.8797083269178        0.0000000000000000     
   2.7474747474747474       0.45454545454545453        3482.8796804586837        0.0000000000000000     
   2.7474747474747474       0.45959595959595961        3482.8796525904477        0.0000000000000000     
   2.7474747474747474       0.46464646464646464        3482.8796247222135        0.0000000000000000     
   2.7474747474747474       0.46969696969696972        3482.8795968539775        0.0000000000000000     
   2.7474747474747474       0.47474747474747475        3482.8795689857416        0.0000000000000000     
   2.7474747474747474       0.47979797979797978        3482.8795411175061        0.0000000000000000     
   2.7474747474747474       0.48484848484848486        3482.8795132492701        0.0000000000000000     
   2.7474747474747474       0.48989898989898989        3482.8794853810350        0.0000000000000000     
   2.7474747474747474       0.49494949494949497        3482.8794575127977        0.0000000000000000     
   2.7474747474747474       0.50000000000000000        3482.8794296445612        0.0000000000000000     
