 gamma g3f pt DY-RATIO error R_dy tmp element 
   2.7474747474747474        0.0000000000000000        1.2500000000000000       0.96199999999999997        7.2999999999999995E-002  0.99168356109820899       0.16534317873355378      W
   2.7474747474747474        5.0505050505050509E-003   1.2500000000000000       0.96199999999999997        7.2999999999999995E-002  0.99168473090149445       0.16535621105163098      W
   2.7474747474747474        1.0101010101010102E-002   1.2500000000000000       0.96199999999999997        7.2999999999999995E-002  0.99168588695214666       0.16536909066159378      W
   2.7474747474747474        1.5151515151515152E-002   1.2500000000000000       0.96199999999999997        7.2999999999999995E-002  0.99168702925639529       0.16538181761495066      W
   2.7474747474747474        2.0202020202020204E-002   1.2500000000000000       0.96199999999999997        7.2999999999999995E-002  0.99168815782046771       0.16539439196340777      W
   2.7474747474747474        2.5252525252525252E-002   1.2500000000000000       0.96199999999999997        7.2999999999999995E-002  0.99168927265059026       0.16540681375888325      W
   2.7474747474747474        3.0303030303030304E-002   1.2500000000000000       0.96199999999999997        7.2999999999999995E-002  0.99169037375298685       0.16541908305349085      W
   2.7474747474747474        3.5353535353535352E-002   1.2500000000000000       0.96199999999999997        7.2999999999999995E-002  0.99169146113388040       0.16543119989955576      W
   2.7474747474747474        4.0404040404040407E-002   1.2500000000000000       0.96199999999999997        7.2999999999999995E-002  0.99169253479949304       0.16544316434961670      W
   2.7474747474747474        4.5454545454545456E-002   1.2500000000000000       0.96199999999999997        7.2999999999999995E-002  0.99169359475604257       0.16545497645638602      W
   2.7474747474747474        5.0505050505050504E-002   1.2500000000000000       0.96199999999999997        7.2999999999999995E-002  0.99169464100974847       0.16546663627281621      W
   2.7474747474747474        5.5555555555555552E-002   1.2500000000000000       0.96199999999999997        7.2999999999999995E-002  0.99169567356682609       0.16547814385203519      W
   2.7474747474747474        6.0606060606060608E-002   1.2500000000000000       0.96199999999999997        7.2999999999999995E-002  0.99169669243349023       0.16548949924738568      W
   2.7474747474747474        6.5656565656565663E-002   1.2500000000000000       0.96199999999999997        7.2999999999999995E-002  0.99169769761595439       0.16550070251241603      W
   2.7474747474747474        7.0707070707070704E-002   1.2500000000000000       0.96199999999999997        7.2999999999999995E-002  0.99169868912043002       0.16551175370087270      W
   2.7474747474747474        7.5757575757575760E-002   1.2500000000000000       0.96199999999999997        7.2999999999999995E-002  0.99169966695312695       0.16552265286670348      W
   2.7474747474747474        8.0808080808080815E-002   1.2500000000000000       0.96199999999999997        7.2999999999999995E-002  0.99170063112025253       0.16553340006404862      W
   2.7474747474747474        8.5858585858585856E-002   1.2500000000000000       0.96199999999999997        7.2999999999999995E-002  0.99170158162801403       0.16554399534726638      W
   2.7474747474747474        9.0909090909090912E-002   1.2500000000000000       0.96199999999999997        7.2999999999999995E-002  0.99170251848261592       0.16555443877090312      W
   2.7474747474747474        9.5959595959595953E-002   1.2500000000000000       0.96199999999999997        7.2999999999999995E-002  0.99170344169026237       0.16556473038972011      W
   2.7474747474747474       0.10101010101010101        1.2500000000000000       0.96199999999999997        7.2999999999999995E-002  0.99170435125715406       0.16557487025865866      W
   2.7474747474747474       0.10606060606060606        1.2500000000000000       0.96199999999999997        7.2999999999999995E-002  0.99170524718949127       0.16558485843287313      W
   2.7474747474747474       0.11111111111111110        1.2500000000000000       0.96199999999999997        7.2999999999999995E-002  0.99170612949347248       0.16559469496771581      W
   2.7474747474747474       0.11616161616161616        1.2500000000000000       0.96199999999999997        7.2999999999999995E-002  0.99170699817529495       0.16560437991874266      W
   2.7474747474747474       0.12121212121212122        1.2500000000000000       0.96199999999999997        7.2999999999999995E-002  0.99170785324115285       0.16561391334169223      W
   2.7474747474747474       0.12626262626262627        1.2500000000000000       0.96199999999999997        7.2999999999999995E-002  0.99170869469723966       0.16562329529251227      W
   2.7474747474747474       0.13131313131313133        1.2500000000000000       0.96199999999999997        7.2999999999999995E-002  0.99170952254974831       0.16563252582736077      W
   2.7474747474747474       0.13636363636363635        1.2500000000000000       0.96199999999999997        7.2999999999999995E-002  0.99171033680486753       0.16564160500256489      W
   2.7474747474747474       0.14141414141414141        1.2500000000000000       0.96199999999999997        7.2999999999999995E-002  0.99171113746878703       0.16565053287467865      W
   2.7474747474747474       0.14646464646464646        1.2500000000000000       0.96199999999999997        7.2999999999999995E-002  0.99171192454769264       0.16565930950042829      W
   2.7474747474747474       0.15151515151515152        1.2500000000000000       0.96199999999999997        7.2999999999999995E-002  0.99171269804777096       0.16566793493676379      W
   2.7474747474747474       0.15656565656565657        1.2500000000000000       0.96199999999999997        7.2999999999999995E-002  0.99171345797520449       0.16567640924080421      W
   2.7474747474747474       0.16161616161616163        1.2500000000000000       0.96199999999999997        7.2999999999999995E-002  0.99171420433617519       0.16568473246987697      W
   2.7474747474747474       0.16666666666666666        1.2500000000000000       0.96199999999999997        7.2999999999999995E-002  0.99171493713686398       0.16569290468151254      W
   2.7474747474747474       0.17171717171717171        1.2500000000000000       0.96199999999999997        7.2999999999999995E-002  0.99171565638344916       0.16570092593342561      W
   2.7474747474747474       0.17676767676767677        1.2500000000000000       0.96199999999999997        7.2999999999999995E-002  0.99171636208210778       0.16570879628353075      W
   2.7474747474747474       0.18181818181818182        1.2500000000000000       0.96199999999999997        7.2999999999999995E-002  0.99171705423901491       0.16571651578993354      W
   2.7474747474747474       0.18686868686868688        1.2500000000000000       0.96199999999999997        7.2999999999999995E-002  0.99171773286034470       0.16572408451094264      W
   2.7474747474747474       0.19191919191919191        1.2500000000000000       0.96199999999999997        7.2999999999999995E-002  0.99171839795226924       0.16573150250505581      W
   2.7474747474747474       0.19696969696969696        1.2500000000000000       0.96199999999999997        7.2999999999999995E-002  0.99171904952095824       0.16573876983095709      W
   2.7474747474747474       0.20202020202020202        1.2500000000000000       0.96199999999999997        7.2999999999999995E-002  0.99171968757258055       0.16574588654753258      W
   2.7474747474747474       0.20707070707070707        1.2500000000000000       0.96199999999999997        7.2999999999999995E-002  0.99172031211330358       0.16575285271386409      W
   2.7474747474747474       0.21212121212121213        1.2500000000000000       0.96199999999999997        7.2999999999999995E-002  0.99172092314929239       0.16575966838921866      W
   2.7474747474747474       0.21717171717171718        1.2500000000000000       0.96199999999999997        7.2999999999999995E-002  0.99172152068671138       0.16576633363306706      W
   2.7474747474747474       0.22222222222222221        1.2500000000000000       0.96199999999999997        7.2999999999999995E-002  0.99172210473172218       0.16577284850505983      W
   2.7474747474747474       0.22727272727272727        1.2500000000000000       0.96199999999999997        7.2999999999999995E-002  0.99172267529048497       0.16577921306504179      W
   2.7474747474747474       0.23232323232323232        1.2500000000000000       0.96199999999999997        7.2999999999999995E-002  0.99172323236915916       0.16578542737305926      W
   2.7474747474747474       0.23737373737373738        1.2500000000000000       0.96199999999999997        7.2999999999999995E-002  0.99172377597390104       0.16579149148933364      W
   2.7474747474747474       0.24242424242424243        1.2500000000000000       0.96199999999999997        7.2999999999999995E-002  0.99172430611086659       0.16579740547429223      W
   2.7474747474747474       0.24747474747474749        1.2500000000000000       0.96199999999999997        7.2999999999999995E-002  0.99172482278620888       0.16580316938853909      W
   2.7474747474747474       0.25252525252525254        1.2500000000000000       0.96199999999999997        7.2999999999999995E-002  0.99172532600608110       0.16580878329288859      W
   2.7474747474747474       0.25757575757575757        1.2500000000000000       0.96199999999999997        7.2999999999999995E-002  0.99152254350691604       0.16355424565917670      W
   2.7474747474747474       0.26262626262626265        1.2500000000000000       0.96199999999999997        7.2999999999999995E-002  0.99152303049823287       0.16355964154617947      W
   2.7474747474747474       0.26767676767676768        1.2500000000000000       0.96199999999999997        7.2999999999999995E-002  0.99152350405184975       0.16356488862818361      W
   2.7474747474747474       0.27272727272727271        1.2500000000000000       0.96199999999999997        7.2999999999999995E-002  0.99152396417391275       0.16356998696612607      W
   2.7474747474747474       0.27777777777777779        1.2500000000000000       0.96199999999999997        7.2999999999999995E-002  0.99152441087056487       0.16357493662111669      W
   2.7474747474747474       0.28282828282828282        1.2500000000000000       0.96199999999999997        7.2999999999999995E-002  0.99152484414794928       0.16357973765447495      W
   2.7474747474747474       0.28787878787878790        1.2500000000000000       0.96199999999999997        7.2999999999999995E-002  0.99152526401220509       0.16358439012768156      W
   2.7474747474747474       0.29292929292929293        1.2500000000000000       0.96199999999999997        7.2999999999999995E-002  0.99152567046947260       0.16358889410243727      W
   2.7474747474747474       0.29797979797979796        1.2500000000000000       0.96199999999999997        7.2999999999999995E-002  0.99152606352588790       0.16359324964060235      W
   2.7474747474747474       0.30303030303030304        1.2500000000000000       0.96199999999999997        7.2999999999999995E-002  0.99152644318758698       0.16359745680424165      W
   2.7474747474747474       0.30808080808080807        1.2500000000000000       0.96199999999999997        7.2999999999999995E-002  0.99152680946070237       0.16360151565558739      W
   2.7474747474747474       0.31313131313131315        1.2500000000000000       0.96199999999999997        7.2999999999999995E-002  0.99152716235136706       0.16360542625708210      W
   2.7474747474747474       0.31818181818181818        1.2500000000000000       0.96199999999999997        7.2999999999999995E-002  0.99152750186571159       0.16360918867134613      W
   2.7474747474747474       0.32323232323232326        1.2500000000000000       0.96199999999999997        7.2999999999999995E-002  0.99152782800986394       0.16361280296117614      W
   2.7474747474747474       0.32828282828282829        1.2500000000000000       0.96199999999999997        7.2999999999999995E-002  0.99152814078995133       0.16361626918956457      W
   2.7474747474747474       0.33333333333333331        1.2500000000000000       0.96199999999999997        7.2999999999999995E-002  0.99152844021209963       0.16361958741969307      W
   2.7474747474747474       0.33838383838383840        1.2500000000000000       0.96199999999999997        7.2999999999999995E-002  0.99152872628243194       0.16362275771491627      W
   2.7474747474747474       0.34343434343434343        1.2500000000000000       0.96199999999999997        7.2999999999999995E-002  0.99152899900706959       0.16362578013877252      W
   2.7474747474747474       0.34848484848484851        1.2500000000000000       0.96199999999999997        7.2999999999999995E-002  0.99152925839213357       0.16362865475499966      W
   2.7474747474747474       0.35353535353535354        1.2500000000000000       0.96199999999999997        7.2999999999999995E-002  0.99152950444374233       0.16363138162750981      W
   2.7474747474747474       0.35858585858585856        1.2500000000000000       0.96199999999999997        7.2999999999999995E-002  0.99152973716801251       0.16363396082039819      W
   2.7474747474747474       0.36363636363636365        1.2500000000000000       0.96199999999999997        7.2999999999999995E-002  0.99152995657105969       0.16363639239794958      W
   2.7474747474747474       0.36868686868686867        1.2500000000000000       0.96199999999999997        7.2999999999999995E-002  0.99153016265899685       0.16363867642462263      W
   2.7474747474747474       0.37373737373737376        1.2500000000000000       0.96199999999999997        7.2999999999999995E-002  0.99153035543793533       0.16364081296505889      W
   2.7474747474747474       0.37878787878787878        1.2500000000000000       0.96199999999999997        7.2999999999999995E-002  0.99153053491398646       0.16364280208410123      W
   2.7474747474747474       0.38383838383838381        1.2500000000000000       0.96199999999999997        7.2999999999999995E-002  0.99153070109325792       0.16364464384675292      W
   2.7474747474747474       0.38888888888888890        1.2500000000000000       0.96199999999999997        7.2999999999999995E-002  0.99153085398185548       0.16364633831819694      W
   2.7474747474747474       0.39393939393939392        1.2500000000000000       0.96199999999999997        7.2999999999999995E-002  0.99153099358588581       0.16364788556382642      W
   2.7474747474747474       0.39898989898989901        1.2500000000000000       0.96199999999999997        7.2999999999999995E-002  0.99153111991145149       0.16364928564918907      W
   2.7474747474747474       0.40404040404040403        1.2500000000000000       0.96199999999999997        7.2999999999999995E-002  0.99153123296465373       0.16365053864001750      W
   2.7474747474747474       0.40909090909090912        1.2500000000000000       0.96199999999999997        7.2999999999999995E-002  0.99153133275159255       0.16365164460223025      W
   2.7474747474747474       0.41414141414141414        1.2500000000000000       0.96199999999999997        7.2999999999999995E-002  0.99153141927836597       0.16365260360192291      W
   2.7474747474747474       0.41919191919191917        1.2500000000000000       0.96199999999999997        7.2999999999999995E-002  0.99153149255107120       0.16365341570538111      W
   2.7474747474747474       0.42424242424242425        1.2500000000000000       0.96199999999999997        7.2999999999999995E-002  0.99153155257580206       0.16365408097905104      W
   2.7474747474747474       0.42929292929292928        1.2500000000000000       0.96199999999999997        7.2999999999999995E-002  0.99153159935865243       0.16365459948957825      W
   2.7474747474747474       0.43434343434343436        1.2500000000000000       0.96199999999999997        7.2999999999999995E-002  0.99153163290571300       0.16365497130377049      W
   2.7474747474747474       0.43939393939393939        1.2500000000000000       0.96199999999999997        7.2999999999999995E-002  0.99153165322307379       0.16365519648862581      W
   2.7474747474747474       0.44444444444444442        1.2500000000000000       0.96199999999999997        7.2999999999999995E-002  0.99153166031682294       0.16365527511131861      W
   2.7474747474747474       0.44949494949494950        1.2500000000000000       0.96199999999999997        7.2999999999999995E-002  0.99153165419304545       0.16365520723918581      W
   2.7474747474747474       0.45454545454545453        1.2500000000000000       0.96199999999999997        7.2999999999999995E-002  0.99153163485782736       0.16365499293977220      W
   2.7474747474747474       0.45959595959595961        1.2500000000000000       0.96199999999999997        7.2999999999999995E-002  0.99153160231725068       0.16365463228077462      W
   2.7474747474747474       0.46464646464646464        1.2500000000000000       0.96199999999999997        7.2999999999999995E-002  0.99153155657739689       0.16365412533007986      W
   2.7474747474747474       0.46969696969696972        1.2500000000000000       0.96199999999999997        7.2999999999999995E-002  0.99153149764434456       0.16365347215573850      W
   2.7474747474747474       0.47474747474747475        1.2500000000000000       0.96199999999999997        7.2999999999999995E-002  0.99153142552417206       0.16365267282599422      W
   2.7474747474747474       0.47979797979797978        1.2500000000000000       0.96199999999999997        7.2999999999999995E-002  0.99153134022295553       0.16365172740926121      W
   2.7474747474747474       0.48484848484848486        1.2500000000000000       0.96199999999999997        7.2999999999999995E-002  0.99153124174676854       0.16365063597412033      W
   2.7474747474747474       0.48989898989898989        1.2500000000000000       0.96199999999999997        7.2999999999999995E-002  0.99153113010168359       0.16364939858933469      W
   2.7474747474747474       0.49494949494949497        1.2500000000000000       0.96199999999999997        7.2999999999999995E-002  0.99153100529377181       0.16364801532384696      W
   2.7474747474747474       0.50000000000000000        1.2500000000000000       0.96199999999999997        7.2999999999999995E-002  0.99153086732910278       0.16364648624677655      W
