 pt up dp u1 d1 u2 d2
   0.0000000000000000        0.0000000000000000        0.0000000000000000        0.0000000000000000        0.0000000000000000        0.0000000000000000        0.0000000000000000     
   9.9999997764825821E-003   1.3378197830411287       0.64744686274028063       0.88082930926827496       0.42979350902892838       0.79458172633993684       0.39186698774359119     
   1.9999999552965164E-002   1.3353595589004592       0.64625622075568245       0.87945928345656288       0.42912501605886016       0.79338448174582099       0.39127653792938560     
   2.9999999329447746E-002   1.3311234560215746       0.64420613033696794       0.87706682943541103       0.42795763754622262       0.79128706792694303       0.39024214812653757     
   3.9999999105930328E-002   1.3254335387215499       0.64145245667191086       0.87385737592534007       0.42639161076709053       0.78847331792190334       0.38885447999601397     
   4.9999997019767761E-002   1.3179841475703808       0.63784727382793693       0.86966889858053253       0.42434787725757717       0.78480675518716336       0.38704622686533346     
   5.9999998658895493E-002   1.3089360907565899       0.63346840600713927       0.86457624548275036       0.42186295853140388       0.78034439443849457       0.38484550690558728     
   7.0000000298023224E-002   1.2983194983325939       0.62833043485060314       0.85859638160221385       0.41894513250803284       0.77510558767855497       0.38226186401985823     
   7.9999998211860657E-002   1.2861709825356042       0.62245107909624953       0.85174386325280815       0.41560150182262490       0.76910371013703416       0.37930189452265461     
   8.9999996125698090E-002   1.2725359211128027       0.61585229960937671       0.84404115823949055       0.41184302945816786       0.76235045759698949       0.37597136646919793     
   9.9999994039535522E-002   1.2574599035870888       0.60855615974556643       0.83551128782066986       0.40768094845076741       0.75487452822761703       0.37228443304819647     
  0.10999999940395355        1.2409973682649114       0.60058900528858394       0.82618063044244650       0.40312812994900266       0.74669185185528519       0.36824895043462530     
  0.11999999731779099        1.2232054223084234       0.59197847363282774       0.81607458687362866       0.39819696805175642       0.73782567654496667       0.36387638396790711     
  0.12999999523162842        1.2041404411114369       0.58275184802849433       0.80522479003076686       0.39290289778379661       0.72830422858807131       0.35918065411893019     
  0.14000000059604645        1.1838722555814736       0.57294292361194632       0.79366093254014902       0.38726040742101392       0.71815161228179869       0.35417364849852501     
  0.14999999105930328        1.1624677906960432       0.56258408917521552       0.78141605785242785       0.38128562024683699       0.70739881738633892       0.34887065044832061     
  0.15999999642372131        1.1399942251870918       0.55170785631649455       0.76852946770632102       0.37499771322553888       0.69607497456496015       0.34328602645182404     
  0.17000000178813934        1.1165278123725051       0.54035112834074639       0.75503233650798185       0.36841189765546334       0.68420980249534635       0.33743443298591863     
  0.17999999225139618        1.0921477342762980       0.52855222591992068       0.74096327858379418       0.36154701508361642       0.67183525808056832       0.33133163036188262     
  0.18999999761581421        1.0669239336933638       0.51634499833902514       0.72636469369508549       0.35442375412924704       0.65898643498990161       0.32499492586229295     
  0.19999998807907104        1.0409389930570936       0.50376941192094948       0.71127192474384970       0.34705936007439525       0.64569547812150740       0.31844017251270573     
  0.20999999344348907        1.0142756053450013       0.49086548648715167       0.69572611457013089       0.33947390823377599       0.63199878493325756       0.31168532059023468     
  0.21999999880790710       0.98700779164725150       0.47766904504100843       0.67977145816224771       0.33168896319307201       0.61793192824404752       0.30474791368155479     
  0.22999998927116394       0.95921926660213930       0.46422060184357028       0.66344346951057298       0.32372185371550766       0.60352717074586004       0.29764386290506273     
  0.23999999463558197       0.93099018757411922       0.45055894958933901       0.64679074831835692       0.31559629363164909       0.58882126596070705       0.29039129413942161     
  0.25000000000000000       0.90240444490589256       0.43672468757269228       0.62985137068016361       0.30733086186265701       0.57385431358265748       0.28300998350809881     
  0.25999999046325684       0.87353226688463559       0.42275180324454448       0.61266382660054231       0.29894433929370839       0.55865729898986072       0.27551521219161507     
  0.26999998092651367       0.84445540432786204       0.40867986046169891       0.59527557664130137       0.29045988392055261       0.54326836205503881       0.26792578978065357     
  0.28000000119209290       0.81524959159885824       0.39454551137755756       0.57772419027260458       0.28189582746108804       0.52772314739201398       0.26025929526927488     
  0.28999999165534973       0.78599115482385629       0.38038569453317067       0.56004827237322752       0.27327100685243744       0.51205397843606448       0.25253166973288466     
  0.29999998211860657       0.75674713193216003       0.36623285338434786       0.54228968568698788       0.26460584868051706       0.49629739698861519       0.24476093463507431     
  0.31000000238418579       0.72758898894506918       0.35212157439173947       0.52448727685139362       0.25591930784665873       0.48048579143655740       0.23696306308369169     
  0.31999999284744263       0.69858502347393459       0.33808491064273555       0.50667612867920142       0.24722850272447244       0.46465409925366657       0.22915528532976565     
  0.32999998331069946       0.66979509545489591       0.32415183175517953       0.48889580035828023       0.23855273589845327       0.44883044381212933       0.22135147108710712     
  0.34000000357627869       0.64128272126843688       0.31035307690769459       0.47117748586472152       0.22990722821593657       0.43305021481783845       0.21356907363583322     
  0.34999999403953552       0.61310580789096081       0.29671667057015250       0.45355843244399613       0.22131015416789834       0.41734015039939087       0.20582127952373819     
  0.35999998450279236       0.58531192854116609       0.28326563612102806       0.43607351897685848       0.21277853262098234       0.40172923473214556       0.19812238299031149     
  0.37000000476837158       0.55795997683367782       0.27002847552038173       0.41874698726398368       0.20432419216498218       0.38624537596693770       0.19048614760780622     
  0.37999999523162842       0.53109070684536963       0.25702491197723709       0.40161167100987233       0.19596315373939549       0.37091474665630192       0.18292548099665107     
  0.38999998569488525       0.50474763494706754       0.24427600553131337       0.38469523721568311       0.18770891723277910       0.35576201541669716       0.17545254907521918     
  0.39999997615814209       0.47881256286075491       0.23172455333268038       0.36802667465938493       0.17957562748395009       0.34081322735771424       0.16808019661240300     
  0.40999999642372131       0.45363927867960380       0.21954177350346735       0.35162424517161434       0.17157219520488043       0.32608464479414168       0.16081644375779644     
  0.41999998688697815       0.42909680740715289       0.20766427981510138       0.33551361777185479       0.16371114538519127       0.31159953694356263       0.15367276628273821     
  0.42999997735023499       0.40521821521518131       0.19610807486333837       0.31971550286217376       0.15600258349740095       0.29737673074948973       0.14665844914483345     
  0.43999999761581421       0.38202415477953006       0.18488315364926097       0.30425152625718499       0.14845706168214642       0.28343354124239489       0.13978203166560010     
  0.44999998807907104       0.35953733313496100       0.17400050539473969       0.28913350252327058       0.14108034476115813       0.26978588711422935       0.13305136452880939     
  0.45999997854232788       0.33777144906913931       0.16346675972000441       0.27437954282337557       0.13388126992933047       0.25644896550633323       0.12647394256828626     
  0.46999999880790710       0.31674501903604896       0.15329087778723302       0.26000323749484194       0.12686646848141475       0.24343514826149174       0.12005586725428141     
  0.47999998927116394       0.29646382283739064       0.14347565677024968       0.24601656411934603       0.12004178478113044       0.23075380721392272       0.11380176053104922     
  0.48999997973442078       0.27693972060794642       0.13402683646088104       0.23243213035779409       0.11341337063424139       0.21841624011326211       0.10771719415410751     
  0.50000000000000000       0.25817226600146803       0.12494420084686450       0.21925342995380076       0.10698293078457448       0.20643306006528078       0.10180740223047277     
  0.50999999046325684       0.24016878091014707       0.11623129340706723       0.20648994547187052       0.10075509217248034       0.19480679016803507        9.6073629086313478E-002
  0.51999998092651367       0.22292059530394015       0.10788391822226062       0.19414695309069574        9.4732429266509002E-002  0.18354396215532448        9.0519096002416616E-002
  0.52999997138977051       0.20642951354930703        9.9902948527703275E-002  0.18223056013850905        8.8917922087879242E-002  0.17265290098300154        8.5147908629925398E-002
  0.53999996185302734       0.19068484773828601        9.2283211838605134E-002  0.17073845827983822        8.3310444303041242E-002  0.16213129498070097        7.9958926913295161E-002
  0.55000001192092896       0.17568218276050174        8.5022571432668420E-002  0.15967388449487946        7.7911575370197411E-002  0.15198483974092786        7.4954959770229951E-002
  0.56000000238418579       0.16140686944306820        7.8113937744357445E-002  0.14903660435577415        7.2721200902177305E-002  0.14221624195866656        7.0137342072115763E-002
  0.56999999284744263       0.14785170623273219        7.1553825533642146E-002  0.13882708729816187        6.7739549956289613E-002  0.13281708936257841        6.5501925106088418E-002
  0.57999998331069946       0.13499589850470414        6.5332171102293390E-002  0.12903820397668059        6.2963143826355997E-002  0.12379167678403215        6.1050826970986079E-002
  0.58999997377395630       0.12282902699009884        5.9443931975205241E-002  0.11966824935282205        5.8391150552681369E-002  0.11513621153847692        5.6782177213687231E-002
  0.59999996423721313       0.11133009268000223        5.3878945541079720E-002  0.11071230888595775        5.4021172125072681E-002  0.10684723448655566        5.2694269876862189E-002
  0.61000001430511475       0.10048468150479102        4.8630236014182940E-002  0.10216447272128794        4.9850324877869154E-002   9.8922250837097103E-002   4.8785874594560019E-002
  0.62000000476837158        9.0269835432020787E-002   4.3686692700631413E-002   9.4020138534741046E-002   4.5876363144411271E-002   9.1352464425662458E-002   4.5052653327850210E-002
  0.62999999523162842        8.0669212842503793E-002   3.9040406964142856E-002   8.6267662300106809E-002   4.2093605316660537E-002   8.4133875660916735E-002   4.1492633582580589E-002
  0.63999998569488525        7.1659363371860157E-002   3.4680029843489175E-002   7.8900863174411973E-002   3.8499035502477290E-002   7.7259965651335652E-002   3.8102600411439286E-002
  0.64999997615814209        6.3220369035692586E-002   3.0595921896442439E-002   7.1910871172176163E-002   3.5088325664471585E-002   7.0723611977883391E-002   3.4879041223083794E-002
  0.65999996662139893        5.5327916225415941E-002   2.6776316388947681E-002   6.5290175690318572E-002   3.1857811064857071E-002   6.4517151875044101E-002   3.1818176941377535E-002
  0.66999995708465576        4.7963606417310137E-002   2.3212309231969472E-002   5.9024981226842577E-002   2.8800760300455398E-002   5.8634203155974111E-002   2.8916860038192486E-002
  0.68000000715255737        4.1101528879126971E-002   1.9891360752737269E-002   5.3106853255858039E-002   2.5913057812847817E-002   5.3062636162607701E-002   2.6169108482466390E-002
  0.68999999761581421        3.4723089055252114E-002   1.6804471991264600E-002   4.7525160854249585E-002   2.3189516329424297E-002   4.7795362935813566E-002   2.3571426677582726E-002
  0.69999998807907104        2.8803533084917024E-002   1.3939663150497794E-002   4.2270692364113523E-002   2.0625641096510487E-002   4.2823158319267578E-002   2.1119265016999719E-002
  0.70999997854232788        2.3322126037031560E-002   1.1286899421373902E-002   3.7328578398543866E-002   1.8214176717506594E-002   3.8136538126595038E-002   1.8807946147309098E-002
  0.71999996900558472        1.8254641087420528E-002   8.8344560697357476E-003   3.2689270665013911E-002   1.5950464180607360E-002   3.3725836612418160E-002   1.6632703174936522E-002
  0.72999995946884155        1.3583039522477228E-002   6.5736031390670321E-003   2.8341271622590779E-002   1.3828893354075866E-002   2.9582890065184088E-002   1.4589509970222975E-002
  0.74000000953674316        9.2827155430397126E-003   4.4924324877222161E-003   2.4273000779060180E-002   1.1843813630770965E-002   2.5694450688352469E-002   1.2671833065367174E-002
  0.75000000000000000        5.3347933246324954E-003   2.5818090337620062E-003   2.0474692166412688E-002   9.9904597859032367E-003   2.2052262969759016E-002   1.0875601057042139E-002
  0.75999999046325684        1.7234965290153111E-003   8.3409771241245369E-004   1.6931266995906406E-002   8.2614742469473926E-003   1.8646321822409048E-002   9.1958796972370742E-003
  0.76999998092651367       -1.5796046619747102E-003  -7.6446027763219545E-004   1.3633031977039290E-002   6.6521272515135043E-003   1.5466666140499243E-002   7.6277564283177236E-003
  0.77999997138977051       -4.5890577689952387E-003  -2.2209053066294449E-003   1.0568667324618777E-002   5.1568954023347904E-003   1.2504963361592743E-002   6.1671218477718772E-003
  0.78999996185302734       -7.3215560707210322E-003  -3.5433161988303809E-003   7.7286582598115796E-003   3.7711360403405170E-003   9.7482839921808357E-003   4.8075994665534279E-003
  0.79999995231628418       -9.7981095079157487E-003  -4.7418608560752104E-003   5.0986315593444563E-003   2.4878358679466489E-003   7.1900683471485026E-003   3.5459542190153792E-003
  0.81000000238418579       -1.2034060863687477E-002  -5.8239645212216822E-003   2.6694798854951878E-003   1.3025510336642000E-003   4.8176668561945675E-003   2.3759476669382162E-003
  0.81999999284744263       -1.4041428646493371E-002  -6.7954436320995524E-003   4.3068313489317439E-004   2.1014833847783152E-004   2.6208547539354897E-003   1.2925372226579273E-003
  0.82999998331069946       -1.5844343497455678E-002  -7.6679763744319446E-003  -1.6280618413871645E-003  -7.9439955546799852E-004   5.9785555110675680E-004   2.9484676799344599E-004
  0.83999997377395630       -1.7453392843471718E-002  -8.4466866045230411E-003  -3.5151615508269723E-003  -1.7151945352369810E-003  -1.2676572637918535E-003  -6.2517550679346793E-004
  0.84999996423721313       -1.8881118163030907E-002  -9.1376438550595535E-003  -5.2435431669133163E-003  -2.5585443101620777E-003  -2.9843310594037881E-003  -1.4717942584270907E-003
  0.85999995470046997       -2.0144180802689364E-002  -9.7489114965294780E-003  -6.8209905879827977E-003  -3.3282469702305573E-003  -4.5543043329858805E-003  -2.2460641379905529E-003
  0.87000000476837158       -2.1253697390189830E-002  -1.0285869495537775E-002  -8.2565898694690991E-003  -4.0287359824115829E-003  -5.9911787267962627E-003  -2.9546931207661848E-003
  0.87999999523162842       -2.2220102006337811E-002  -1.0753567495518314E-002  -9.5574950970668954E-003  -4.6635021247278573E-003  -7.3013634874285411E-003  -3.6008420800450408E-003
  0.88999998569488525       -2.3055361885568559E-002  -1.1157797119893736E-002  -1.0735288232474417E-002  -5.2381967213432704E-003  -8.4924972635106923E-003  -4.1882781981433118E-003
  0.89999997615814209       -2.3773709603387171E-002  -1.1505446319101314E-002  -1.1796451111743551E-002  -5.7559825315261718E-003  -9.5719468735317691E-003  -4.7206345978410558E-003
  0.90999996662139893       -2.4381005611735476E-002  -1.1799351298190505E-002  -1.2748709243357697E-002  -6.2206291544090889E-003  -1.0545348775377472E-002  -5.2006910331899936E-003
  0.91999995708465576       -2.4889820094279910E-002  -1.2045595481911094E-002  -1.3597901484363673E-002  -6.6349856128757991E-003  -1.1422351630032031E-002  -5.6332059721869590E-003
  0.93000000715255737       -2.5307362679493781E-002  -1.2247668018349965E-002  -1.4469845210654281E-002  -7.0604434738426609E-003  -1.2208029920733551E-002  -6.0206820176415942E-003
  0.93999999761581421       -2.5640260836460062E-002  -1.2408776315649819E-002  -1.5138355520440310E-002  -7.3866376511272846E-003  -1.2908519997002802E-002  -6.3661454571248390E-003
  0.94999998807907104       -2.5896775348748288E-002  -1.2532918235461220E-002  -1.5725468381266389E-002  -7.6731146041479374E-003  -1.3528351650889187E-002  -6.6718302659555338E-003
  0.95999997854232788       -2.6087514589073251E-002  -1.2625227770957164E-002  -1.6236083331485851E-002  -7.9222650228593285E-003  -1.4075954633661200E-002  -6.9418937776432616E-003
  0.96999996900558472       -2.6214960641355270E-002  -1.2686906143309440E-002  -1.6678122758128345E-002  -8.1379545716819372E-003  -1.4555243931578721E-002  -7.1782667613233949E-003
  0.97999995946884155       -2.6288355633899776E-002  -1.2722426142539657E-002  -1.7055882185941493E-002  -8.3222792170362745E-003  -1.4971280916066528E-002  -7.3834453534011909E-003
  0.98999994993209839       -2.6311771145138739E-002  -1.2733758236356236E-002  -1.7374448235500044E-002  -8.4777209341278630E-003  -1.5328850009028150E-002  -7.5597891059998234E-003
   1.0000000000000000       -2.6288852151012048E-002  -1.2722666435328491E-002  -1.7638610339192892E-002  -8.6066166876001497E-003  -1.5737308893137507E-002  -7.7612303765791559E-003
