 x kt FF(p) FF(Pb) ratio
  0.34999999403953552        9.9999997764825821E-003  0.97675736233104093       0.58625497803362037       0.60020533311826507     
  0.35353535413742065        9.9999997764825821E-003  0.95385522458063920       0.57040873305161166       0.59800346882032429     
  0.35707071423530579        9.9999997764825821E-003  0.93129454284267232       0.55501167646047311       0.59595718747192705     
  0.36060604453086853        9.9999997764825821E-003  0.90908115266161937       0.54003972251075816       0.59405007015008837     
  0.36414140462875366        9.9999997764825821E-003  0.88720101359724368       0.52548549220380769       0.59229586548055790     
  0.36767676472663879        9.9999997764825821E-003  0.86567102012370833       0.51134701599435950       0.59069439094921494     
  0.37121212482452393        9.9999997764825821E-003  0.84448621846095406       0.49760619639126780       0.58924134641076475     
  0.37474745512008667        9.9999997764825821E-003  0.82361474431791182       0.48425109569006491       0.58795826450521393     
  0.37828281521797180        9.9999997764825821E-003  0.80428968768121745       0.47126907302375576       0.58594444295616110     
  0.38181817531585693        9.9999997764825821E-003  0.78534391681866478       0.45864859114357537       0.58400986029344504     
  0.38535353541374207        9.9999997764825821E-003  0.76666945870271375       0.44637862089331309       0.58223086341359309     
  0.38888889551162720        9.9999997764825821E-003  0.74828449228490923       0.43444923439827948       0.58059366307549110     
  0.39242422580718994        9.9999997764825821E-003  0.73017803306805229       0.42284951004355842       0.57910467159198831     
  0.39595958590507507        9.9999997764825821E-003  0.71235591169268297       0.41156948240441005       0.57775821839738584     
  0.39949494600296021        9.9999997764825821E-003  0.69480325273783294       0.40060876547470847       0.57657871332083188     
  0.40303030610084534        9.9999997764825821E-003  0.67862572864056570       0.38995959739751329       0.57463131876636453     
  0.40656566619873047        9.9999997764825821E-003  0.66281143380857022       0.37959400707072077       0.57270286496046352     
  0.41010099649429321        9.9999997764825821E-003  0.64718357561471407       0.36949879792486234       0.57093352156519339     
  0.41363635659217834        9.9999997764825821E-003  0.63176471649584798       0.35966721836293780       0.56930564333803146     
  0.41717171669006348        9.9999997764825821E-003  0.61656494952808905       0.35008980363758085       0.56780685296096567     
  0.42070704698562622        9.9999997764825821E-003  0.60157787529998197       0.34075827882949750       0.56644084302398168     
  0.42424243688583374        9.9999997764825821E-003  0.58679626686841280       0.33166308401982625       0.56520994209767295     
  0.42777776718139648        9.9999997764825821E-003  0.57322477789466753       0.32279637773978997       0.56312356022946586     
  0.43131312727928162        9.9999997764825821E-003  0.56007054034452386       0.31414978262137139       0.56091109956992946     
  0.43484848737716675        9.9999997764825821E-003  0.54705328093748284       0.30571610325450188       0.55884154963954791     
  0.43838381767272949        9.9999997764825821E-003  0.53417697319982904       0.29760666324806323       0.55713120965386920     
  0.44191917777061462        9.9999997764825821E-003  0.52144229568116041       0.28982899289888464       0.55582179523868669     
  0.44545453786849976        9.9999997764825821E-003  0.50884695000824298       0.28227886894468790       0.55474218513074547     
  0.44898989796638489        9.9999997764825821E-003  0.49641328209850016       0.27494925784102325       0.55387167861166697     
  0.45252525806427002        9.9999997764825821E-003  0.48508961309199389       0.26783341865073673       0.55213183589635839     
  0.45606058835983276        9.9999997764825821E-003  0.47422574833822667       0.26092427884682728       0.55021111730257888     
  0.45959594845771790        9.9999997764825821E-003  0.46343673476584679       0.25421542186832330       0.54854396036767916     
  0.46313130855560303        9.9999997764825821E-003  0.45272675713933919       0.24770081703137742       0.54713094184344979     
  0.46666666865348816        9.9999997764825821E-003  0.44209856552442750       0.24137811107016760       0.54598257016246887     
  0.47020202875137329        9.9999997764825821E-003  0.43156310671063897       0.23524135740920954       0.54509144491569750     
  0.47373735904693604        9.9999997764825821E-003  0.42112474735934496       0.22928112148249519       0.54444941295945748     
  0.47727271914482117        9.9999997764825821E-003  0.41168427807900004       0.22349184416416226       0.54287194353648682     
  0.48080807924270630        9.9999997764825821E-003  0.40276860319497254       0.21785006701093645       0.54088145223544004     
  0.48434340953826904        9.9999997764825821E-003  0.39387573034360485       0.21235150480080786       0.53913325559703584     
  0.48787879943847656        9.9999997764825821E-003  0.38500949515377170       0.20700053609351154       0.53765047018083567     
  0.49141412973403931        9.9999997764825821E-003  0.37618108461541477       0.20179251634096859       0.53642387826934279     
  0.49494948983192444        9.9999997764825821E-003  0.36740251383357447       0.19672263980938967       0.53544173597707290     
  0.49848484992980957        9.9999997764825821E-003  0.35867157338132560       0.19178664883694516       0.53471382476426443     
  0.50202018022537231        9.9999997764825821E-003  0.34867987296577979       0.18573757878207478       0.53268798454651112     
  0.50555557012557983        9.9999997764825821E-003  0.34147072276676049       0.18106020021097038       0.53023638086431923     
  0.50909090042114258        9.9999997764825821E-003  0.33422821859795482       0.17650549342689936       0.52809871700037070     
  0.51262629032135010        9.9999997764825821E-003  0.32695824191119571       0.17206942868274128       0.52627340934099043     
  0.51616162061691284        9.9999997764825821E-003  0.31968490181312481       0.16774874395118686       0.52473151844138755     
  0.51969695091247559        9.9999997764825821E-003  0.31240880195732040       0.16353990746473746       0.52348047314966306     
  0.52323234081268311        9.9999997764825821E-003  0.30513796823516470       0.15943984468390388       0.52251722591606908     
  0.52676767110824585        9.9999997764825821E-003  0.29865013246152794       0.15555133388339507       0.52084803244958600     
  0.53030300140380859        9.9999997764825821E-003  0.29286546226529153       0.15186719379324623       0.51855617462900994     
  0.53383839130401611        9.9999997764825821E-003  0.28701247619374121       0.14830302449040342       0.51671281491712873     
  0.53737372159957886        9.9999997764825821E-003  0.28110930604377787       0.14485480906707898       0.51529709601474516     
  0.54090905189514160        9.9999997764825821E-003  0.27515494428135928       0.14151862990768960       0.51432341249510649     
  0.54444444179534912        9.9999997764825821E-003  0.26916468058606863       0.13829051435890241       0.51377659972992762     
  0.54797983169555664        9.9999997764825821E-003  0.26314241805570049       0.13516679822299157       0.51366404254284936     
  0.55151516199111938        9.9999997764825821E-003  0.25778167290017784       0.13214411590193281       0.51262028993466757     
  0.55505049228668213        9.9999997764825821E-003  0.25324170871993784       0.12921876553054454       0.51025862281417733     
  0.55858588218688965        9.9999997764825821E-003  0.24857796985937805       0.12638743848315681       0.50844183237418383     
  0.56212121248245239        9.9999997764825821E-003  0.24380857643013565       0.12364705412048307       0.50714809105952285     
  0.56565654277801514        9.9999997764825821E-003  0.23894335617955539       0.12099430352064203       0.50637232796596421     
  0.56919193267822266        9.9999997764825821E-003  0.23399616685247310       0.11842624656048678       0.50610336123647115     
  0.57272726297378540        9.9999997764825821E-003  0.22897921935991622       0.11593996563993231       0.50633400692005370     
  0.57626259326934814        9.9999997764825821E-003  0.22450883768388774       0.11351171314520972       0.50560019960121183     
  0.57979798316955566        9.9999997764825821E-003  0.22098879021065407       0.11108576442695478       0.50267601501897008     
  0.58333331346511841        9.9999997764825821E-003  0.21728820769757690       0.10872616981119147       0.50037768254095616     
  0.58686870336532593        9.9999997764825821E-003  0.21343605733639545       0.10643107570490397       0.49865555535988237     
  0.59040403366088867        9.9999997764825821E-003  0.20945287905289417       0.10419889082969000       0.49748130128770462     
  0.59393942356109619        9.9999997764825821E-003  0.20535201202153516       0.10202788168658240       0.49684383747787575     
  0.59747475385665894        9.9999997764825821E-003  0.20114571929933911        9.9916563499316685E-002  0.49673721045300401     
  0.60101008415222168        9.9999997764825821E-003  0.19734936512373466        9.7863361859130388E-002  0.49588891151370940     
  0.60454547405242920        9.9999997764825821E-003  0.19463805653741950        9.5866763873697330E-002  0.49253864110211548     
  0.60808080434799194        9.9999997764825821E-003  0.19171671326678322        9.3925441780798397E-002  0.48991785943094346     
  0.61161613464355469        9.9999997764825821E-003  0.18860308652150928        9.2037940717910938E-002  0.48799806204345680     
  0.61515152454376221        9.9999997764825821E-003  0.18530513872405946        9.0194768111097001E-002  0.48673646468815590     
  0.61868685483932495        9.9999997764825821E-003  0.18187452166319706        8.8411031603498266E-002  0.48611004331448665     
  0.62222218513488770        9.9999997764825821E-003  0.17831031623087895        8.6677240927256052E-002  0.48610334365076791     
  0.62575757503509521        9.9999997764825821E-003  0.17503469928091245        8.4992147547079039E-002  0.48557313433421279     
  0.62929296493530273        9.9999997764825821E-003  0.17299119302827856        8.3354623523250487E-002  0.48184316244136577     
  0.63282823562622070        9.9999997764825821E-003  0.17070329599238673        8.1782948467648664E-002  0.47909413811960688     
  0.63636362552642822        9.9999997764825821E-003  0.16819255641187922        8.0274627095635903E-002  0.47727811984173046     
  0.63989901542663574        9.9999997764825821E-003  0.16548201037855290        7.8812076964016528E-002  0.47625767165704480     
  0.64343434572219849        9.9999997764825821E-003  0.16258283792994607        7.7394071577818191E-002  0.47602854374559422     
  0.64696967601776123        9.9999997764825821E-003  0.15952018438799309        7.6018033211956687E-002  0.47654178374732670     
  0.65050506591796875        9.9999997764825821E-003  0.15658854431174105        7.4682427269055232E-002  0.47693416908184083     
  0.65404039621353149        9.9999997764825821E-003  0.15507418750154503        7.3385861772685010E-002  0.47323067078429060     
  0.65757572650909424        9.9999997764825821E-003  0.15327496957892556        7.2126908564930939E-002  0.47057199726137139     
  0.66111111640930176        9.9999997764825821E-003  0.15121556793508156        7.0904237036175072E-002  0.46889508801511104     
  0.66464650630950928        9.9999997764825821E-003  0.14892099914012363        6.9716510097290615E-002  0.46814425433509577     
  0.66818177700042725        9.9999997764825821E-003  0.14641856585583887        6.8562524019053966E-002  0.46826386816655080     
  0.67171716690063477        9.9999997764825821E-003  0.14372138311306665        6.7440973703544613E-002  0.46924801475427158     
  0.67525255680084229        9.9999997764825821E-003  0.14099909378381284        6.6350707687288402E-002  0.47057541936418945     
  0.67878788709640503        9.9999997764825821E-003  0.13991336653863598        6.5290606552997690E-002  0.46665024342022532     
  0.68232321739196777        9.9999997764825821E-003  0.13850027005576274        6.4259535977892732E-002  0.46396686412250798     
  0.68585860729217529        9.9999997764825821E-003  0.13679159453047721        6.3256407884939428E-002  0.46242905568913362     
  0.68939393758773804        9.9999997764825821E-003  0.13481834191990036        6.2280228539378299E-002  0.46195664219324739     
  0.69292926788330078        9.9999997764825821E-003  0.13260453091531063        6.1298160787180075E-002  0.46226294353643793     
  0.69646465778350830        9.9999997764825821E-003  0.13017297430795738        6.0266441232883827E-002  0.46297199209959039     
  0.69999998807907104        9.9999997764825821E-003  0.12754756285799437        5.9253231649701421E-002  0.46455792899525067     
