 x kt PDF(p) PDF(Pb) ratio
  0.40000000000000002        9.9999997764825821E-003  0.97313499136746928       0.83462495200038866       0.85766616081449965     
  0.40000000000000002        1.9999999552965164E-002  0.97409169884358537       0.83478933300245162       0.85699255418508380     
  0.40000000000000002        2.9999999329447746E-002  0.97234583052855705       0.83398796686225485       0.85770714562421446     
  0.40000000000000002        3.9999999105930328E-002  0.97100177138022215       0.83272879909856434       0.85759761067674378     
  0.40000000000000002        4.9999997019767761E-002  0.96847158855551208       0.83139364173806096       0.85845950625985357     
  0.40000000000000002        5.9999998658895493E-002  0.96612040583441672       0.82932943936384995       0.85841209269105190     
  0.40000000000000002        7.0000000298023224E-002  0.96318360102546074       0.82707453962021149       0.85868835260448817     
  0.40000000000000002        7.9999998211860657E-002  0.95974274045903973       0.82448384226040905       0.85906754748263359     
  0.40000000000000002        8.9999996125698090E-002  0.95580130698574062       0.82155170508249853       0.85954235370673648     
  0.40000000000000002        9.9999994039535522E-002  0.95147454402445197       0.81828903176261736       0.86002199102616050     
  0.40000000000000002       0.10999999940395355       0.94666827095952222       0.81469978312431957       0.86059690402273403     
  0.40000000000000002       0.11999999731779099       0.94154157950385520       0.81078363249622110       0.86112355539673890     
  0.40000000000000002       0.12999999523162842       0.93583076342986227       0.80654953115779371       0.86185404741531790     
  0.40000000000000002       0.14000000059604645       0.92986149676894370       0.80200033792737480       0.86249440450448023     
  0.40000000000000002       0.14999999105930328       0.92339744158552239       0.79713966005126313       0.86326821382841612     
  0.40000000000000002       0.15999999642372131       0.91656998768598752       0.79197282218207876       0.86406148228956070     
  0.40000000000000002       0.17000000178813934       0.90932797770248108       0.78651214324968055       0.86493780301018730     
  0.40000000000000002       0.17999999225139618       0.90177945170747975       0.78075991351575680       0.86579918408810741     
  0.40000000000000002       0.18999999761581421       0.89375608517996785       0.77472151411527934       0.86681537274152431     
  0.40000000000000002       0.19999998807907104       0.88548167728722804       0.76840650582049730       0.86778363181336104     
  0.40000000000000002       0.20999999344348907       0.87685780612264430       0.76181793587850288       0.86880441795593588     
  0.40000000000000002       0.21999999880790710       0.86775367582599217       0.75497085291558530       0.87002898858013844     
  0.40000000000000002       0.22999998927116394       0.85847626107779229       0.74786403865613815       0.87115284669283266     
  0.40000000000000002       0.23999999463558197       0.84888588009084209       0.74051252275569857       0.87233459776295708     
  0.40000000000000002       0.25000000000000000       0.83891794837912614       0.73292339095987691       0.87365324865913119     
  0.40000000000000002       0.25999999046325684       0.82874490492527264       0.72509966593399389       0.87493710262915658     
  0.40000000000000002       0.26999998092651367       0.81829808127701120       0.71705628408831912       0.87627760652854370     
  0.40000000000000002       0.28000000119209290       0.80747930667423029       0.70879762361677767       0.87779044956100061     
  0.40000000000000002       0.28999999165534973       0.79653102170368351       0.70033794534991611       0.87923499056192178     
  0.40000000000000002       0.29999998211860657       0.78528465648615697       0.69168005612260108       0.88080169453150914     
  0.40000000000000002       0.31000000238418579       0.77388700356869955       0.68283650655618577       0.88234652269304970     
  0.40000000000000002       0.31999999284744263       0.76228410139278735       0.67382073556603073       0.88394961187682763     
  0.40000000000000002       0.32999998331069946       0.75049005269940805       0.66463351186951258       0.88559936201541722     
  0.40000000000000002       0.34000000357627869       0.73851898554306739       0.65528895432444567       0.88730143320903421     
  0.40000000000000002       0.34999999403953552       0.72624195275172498       0.64580037453377848       0.88923584225180874     
  0.40000000000000002       0.35999998450279236       0.71396493900252389       0.63616956495491117       0.89103754288508874     
  0.40000000000000002       0.37000000476837158       0.70155296935593137       0.62641033447209682       0.89289100300891022     
  0.40000000000000002       0.37999999523162842       0.68902019393474845       0.61653242209631876       0.89479586741213213     
  0.40000000000000002       0.38999998569488525       0.67638056652109735       0.60654548321127122       0.89675178920497878     
  0.40000000000000002       0.39999997615814209       0.66364796287504491       0.59646370608700050       0.89876521808793042     
  0.40000000000000002       0.40999999642372131       0.65071554368407047       0.58628534915396102       0.90098562243444580     
  0.40000000000000002       0.41999998688697815       0.63784210048067802       0.57603043987721791       0.90309253566536485     
  0.40000000000000002       0.42999997735023499       0.62491618509287850       0.56570192745395154       0.90524448069763752     
  0.40000000000000002       0.43999999761581421       0.61195098690524119       0.55531735789620917       0.90745397879748568     
  0.40000000000000002       0.44999998807907104       0.59895958733455101       0.54487711147457607       0.90970596847668961     
  0.40000000000000002       0.45999997854232788       0.58591451241596471       0.53439447803395967       0.91206902493408659     
  0.40000000000000002       0.46999999880790710       0.57290987771345903       0.52387859160239048       0.91441710464696935     
  0.40000000000000002       0.47999998927116394       0.55985420498646488       0.51334038628308687       0.91691797920049112     
  0.40000000000000002       0.48999997973442078       0.54688585707133086       0.50278480834720640       0.91935968327962758     
  0.40000000000000002       0.50000000000000000       0.53401087430368810       0.49222268757116938       0.92174656220810580     
  0.40000000000000002       0.50999999046325684       0.52100977713757901       0.48166267816873337       0.92447915433560945     
  0.40000000000000002       0.51999998092651367       0.50821900970403955       0.47111316907037110       0.92698848345858420     
  0.40000000000000002       0.52999997138977051       0.49541344991890685       0.46058352437322586       0.92969523626905526     
  0.40000000000000002       0.53999996185302734       0.48276642725718422       0.45007932900670627       0.93229210565409815     
  0.40000000000000002       0.55000001192092896       0.47012917807241655       0.43961014133744331       0.93508372132930617     
  0.40000000000000002       0.56000000238418579       0.45754413572318559       0.42918349583122761       0.93801551002914352     
  0.40000000000000002       0.56999999284744263       0.44518975331841948       0.41880647929555292       0.94073701421426004     
  0.40000000000000002       0.57999998331069946       0.43287665188251667       0.40848482778388578       0.94365179089111306     
  0.40000000000000002       0.58999997377395630       0.42075965035719570       0.39822837144292766       0.94645095152270298     
  0.40000000000000002       0.59999996423721313       0.40866129434512916       0.38804247439448164       0.94954545430173731     
  0.40000000000000002       0.61000001430511475       0.39681521114426033       0.37793264114887665       0.95241470219618418     
  0.40000000000000002       0.62000000476837158       0.38504812798268667       0.36790704299722993       0.95548326627307356     
  0.40000000000000002       0.62999999523162842       0.37350023161752111       0.35797077352594003       0.95842182473534887     
  0.40000000000000002       0.63999998569488525       0.36204782732242824       0.34812958526104165       0.96155689660031729     
  0.40000000000000002       0.64999997615814209       0.35082355984482244       0.33838897550703234       0.96455601686702508     
  0.40000000000000002       0.65999996662139893       0.33970949845773923       0.32875360838322515       0.96774923832199811     
  0.40000000000000002       0.66999995708465576       0.32879528490615356       0.31922956637034305       0.97090676486269933     
  0.40000000000000002       0.68000000715255737       0.31804054077837690       0.30982099468476582       0.97415566558434830     
  0.40000000000000002       0.68999999761581421       0.30752811881407988       0.30053246348489937       0.97725198152234716     
  0.40000000000000002       0.69999998807907104       0.29714938898125698       0.29136794513034409       0.98054364550190087     
  0.40000000000000002       0.70999997854232788       0.28701749067817328       0.28233167334174081       0.98367410527713595     
  0.40000000000000002       0.71999996900558472       0.27694455035269067       0.27342719999426623       0.98729944187764274     
  0.40000000000000002       0.72999995946884155       0.26720860221016440       0.26465794162445411       0.99045442188382782     
  0.40000000000000002       0.74000000953674316       0.25767210102685079       0.25602722510731202       0.99361639885348951     
  0.40000000000000002       0.75000000000000000       0.24833727350389029       0.24753759393749933       0.99677986491875359     
  0.40000000000000002       0.75999999046325684       0.23915944710733344       0.23919190170945803        1.0001357027812079     
  0.40000000000000002       0.76999998092651367       0.23016061079556566       0.23099377121213516        1.0036199087832172     
  0.40000000000000002       0.77999997138977051       0.22142783470557975       0.22294170774052230        1.0068368687114493     
  0.40000000000000002       0.78999996185302734       0.21288988105402681       0.21504368835728271        1.0101170017691414     
  0.40000000000000002       0.79999995231628418       0.20458761475256534       0.20729351273273305        1.0132261084496259     
  0.40000000000000002       0.81000000238418579       0.19646750159554774       0.19970043802936338        1.0164553242015111     
  0.40000000000000002       0.81999999284744263       0.18856430871553942       0.19226040687201842        1.0196012606078853     
  0.40000000000000002       0.82999998331069946       0.18091312196966916       0.18497772218636860        1.0224671387705138     
  0.40000000000000002       0.83999997377395630       0.17345400195014324       0.17784773791304953        1.0253308422608156     
  0.40000000000000002       0.84999996423721313       0.16615727974336988       0.17087947580069510        1.0284200371155490     
  0.40000000000000002       0.85999995470046997       0.15906601047190344       0.16406644474610027        1.0314362210969017     
  0.40000000000000002       0.87000000476837158       0.15221936222322113       0.15741289905568195        1.0341187662108635     
  0.40000000000000002       0.87999999523162842       0.14559723568404115       0.15091243749986052        1.0365062000720524     
  0.40000000000000002       0.88999998569488525       0.13911003105776287       0.14457496798114822        1.0392849953510264     
  0.40000000000000002       0.89999997615814209       0.13285830013554090       0.13839180864994757        1.0416497012889780     
  0.40000000000000002       0.90999996662139893       0.12676381319933322       0.13236727193451744        1.0442039300787909     
  0.40000000000000002       0.91999995708465576       0.12086232254241498       0.12649640914504626        1.0466157399933638     
  0.40000000000000002       0.93000000715255737       0.11518611509260458       0.12078042776784201        1.0485675957622136     
  0.40000000000000002       0.93999999761581421       0.10971653061337566       0.11521836335976460        1.0501458870019920     
  0.40000000000000002       0.94999998807907104       0.10437531293235550       0.10981136971217272        1.0520818249746495     
  0.40000000000000002       0.95999997854232788        9.9247603802710804E-002  0.10455339400214482        1.0534601340096947     
  0.40000000000000002       0.96999996900558472        9.4265085779100685E-002   9.9445370137072692E-002   1.0549544331833676     
  0.40000000000000002       0.97999995946884155        8.9457302928528007E-002   9.4485732292772920E-002   1.0562103841679911     
  0.40000000000000002       0.98999994993209839        8.4850738533306602E-002   8.9675413796561035E-002   1.0568607338798894     
  0.40000000000000002        1.0000000000000000        8.0428222215012862E-002   8.5007362411432488E-002   1.0569344947620249     
  0.12700000000000000        9.9999997764825821E-003   3.8898066307681312        4.1898880646232568        1.0771455916295427     
  0.12700000000000000        1.9999999552965164E-002   3.8926349083159373        4.1874745742134261        1.0757429537683114     
  0.12700000000000000        2.9999999329447746E-002   3.8857618072350153        4.1832886011946515        1.0765684590871376     
  0.12700000000000000        3.9999999105930328E-002   3.8808285398956914        4.1772546713059198        1.0763821767344031     
  0.12700000000000000        4.9999997019767761E-002   3.8709766846092881        4.1697564734710166        1.0771846004781311     
  0.12700000000000000        5.9999998658895493E-002   3.8617804044274706        4.1600576911630132        1.0772382827344538     
  0.12700000000000000        7.0000000298023224E-002   3.8502648026646571        4.1488762121434588        1.0775560707596374     
  0.12700000000000000        7.9999998211860657E-002   3.8367629332788575        4.1360059257634845        1.0779936101574294     
  0.12700000000000000        8.9999996125698090E-002   3.8212883540272951        4.1214735885226848        1.0785560278849466     
  0.12700000000000000        9.9999994039535522E-002   3.8043096095601268        4.1052871024979725        1.0791148786054368     
  0.12700000000000000       0.10999999940395355        3.7854421132486555        4.0874650235873133        1.0797853728317781     
  0.12700000000000000       0.11999999731779099        3.7653329375122166        4.0680355102615708        1.0803919806755129     
  0.12700000000000000       0.12999999523162842        3.7429067846744060        4.0470153102247846        1.0812492918059227     
  0.12700000000000000       0.14000000059604645        3.7194891350707744        4.0244324803555243        1.0819852765288283     
  0.12700000000000000       0.14999999105930328        3.6941158887332270        4.0003157431014085        1.0828885350624944     
  0.12700000000000000       0.15999999642372131        3.6673209463274459        3.9746945806038116        1.0838142171833032     
  0.12700000000000000       0.17000000178813934        3.6388944766836109        3.9475891016024351        1.0848319803986621     
  0.12700000000000000       0.17999999225139618        3.6092751075222176        3.9190373437084602        1.0858239471800464     
  0.12700000000000000       0.18999999761581421        3.5777755648821197        3.8890741360281238        1.0870089712170810     
  0.12700000000000000       0.19999998807907104        3.5453059353140901        3.8577301273437130        1.0881233376554693     
  0.12700000000000000       0.20999999344348907        3.5114634425861131        3.8250478607299017        1.0893030564808730     
  0.12700000000000000       0.21999999880790710        3.4757136128806900        3.7910521972626485        1.0907262851615107     
  0.12700000000000000       0.22999998927116394        3.4393052775132813        3.7557966734852446        1.0920218969921727     
  0.12700000000000000       0.23999999463558197        3.4016673249093232        3.7193091316608755        1.0933782690698655     
  0.12700000000000000       0.25000000000000000        3.3625347717137539        3.6816326099767176        1.0948980040138980     
  0.12700000000000000       0.25999999046325684        3.3226082563868404        3.6428175944452952        1.0963728833945250     
  0.12700000000000000       0.26999998092651367        3.2816059172525498        3.6028967045156297        1.0979065723809009     
  0.12700000000000000       0.28000000119209290        3.2391257746839712        3.5619211216958551        1.0996550827185394     
  0.12700000000000000       0.28999999165534973        3.1961536775331965        3.5199258106821918        1.1013005524186446     
  0.12700000000000000       0.29999998211860657        3.1520004306964120        3.4769677491778546        1.1030987544661102     
  0.12700000000000000       0.31000000238418579        3.1072623742964822        3.4330868505575305        1.1048590163985810     
  0.12700000000000000       0.31999999284744263        3.0617172743586658        3.3883206367115277        1.1066732598362712     
  0.12700000000000000       0.32999998331069946        3.0154204597479199        3.3427339194390693        1.1085465407097861     
  0.12700000000000000       0.34000000357627869        2.9684273523544662        3.2963650220164755        1.1104752216360960     
  0.12700000000000000       0.34999999403953552        2.9202101815199510        3.2492534720087702        1.1126779478309861     
  0.12700000000000000       0.35999998450279236        2.8720141335206040        3.2014634840121614        1.1147102121282768     
  0.12700000000000000       0.37000000476837158        2.8232866911454972        3.1530348514251698        1.1167958469516546     
  0.12700000000000000       0.37999999523162842        2.7740833551498993        3.1040159629126918        1.1189339199740680     
  0.12700000000000000       0.38999998569488525        2.7244588533099225        3.0544547805634461        1.1211234762648790     
  0.12700000000000000       0.39999997615814209        2.6744676045283726        3.0043866847967498        1.1233587872628417     
  0.12700000000000000       0.40999999642372131        2.6236718156729033        2.9538890657014152        1.1258607300104795     
  0.12700000000000000       0.41999998688697815        2.5731247404320126        2.9029836812375098        1.1281939175440503     
  0.12700000000000000       0.42999997735023499        2.5223697084186560        2.8517364718126155        1.1305783059060159     
  0.12700000000000000       0.43999999761581421        2.4714584444700440        2.8001678893166679        1.1330022139688896     
  0.12700000000000000       0.44999998807907104        2.4204422485091950        2.7483536803035848        1.1354758338053130     
  0.12700000000000000       0.45999997854232788        2.3692070751336449        2.6963278468899965        1.1380718364340943     
  0.12700000000000000       0.46999999880790710        2.3181348356317937        2.6441357362976965        1.1406306896626457     
  0.12700000000000000       0.47999998927116394        2.2668503500454835        2.5918154821029113        1.1433553529684515     
  0.12700000000000000       0.48999997973442078        2.2159163526965200        2.5394251065347171        1.1459932156033432     
  0.12700000000000000       0.50000000000000000        2.1653555016151609        2.4870009849310573        1.1485416519716867     
  0.12700000000000000       0.50999999046325684        2.1142705625947005        2.4345860756612470        1.1515016662169506     
  0.12700000000000000       0.51999998092651367        2.0640327115102357        2.3822220169633694        1.1541590419951810     
  0.12700000000000000       0.52999997138977051        2.0137213397504929        2.3299427313923675        1.1570333419027359     
  0.12700000000000000       0.53999996185302734        1.9640423834265566        2.2778020280413562        1.1597519723924696     
  0.12700000000000000       0.55000001192092896        1.9143870114468713        2.2258288544455773        1.1626848913706962     
  0.12700000000000000       0.56000000238418579        1.8649264990773207        2.1740629214523426        1.1657633276850150     
  0.12700000000000000       0.56999999284744263        1.8163887921975581        2.1225425300959455        1.1685507745993011     
  0.12700000000000000       0.57999998331069946        1.7679984043489090        2.0713126493356748        1.1715579857089666     
  0.12700000000000000       0.58999997377395630        1.7203867872969014        2.0203891249251602        1.1743807496334164     
  0.12700000000000000       0.59999996423721313        1.6728271606301168        1.9698149440652264        1.1775364427507506     
  0.12700000000000000       0.61000001430511475        1.6262735781970996        1.9196312947409186        1.1803864494121818     
  0.12700000000000000       0.62000000476837158        1.5800161232570469        1.8698510560433605        1.1834379589676893     
  0.12700000000000000       0.62999999523162842        1.5346271178202413        1.8205132468856029        1.1862902888562463     
  0.12700000000000000       0.63999998569488525        1.4895995171175511        1.7716464084496206        1.1893441076550859     
  0.12700000000000000       0.64999997615814209        1.4454748974314444        1.7232778147722112        1.1921879915274989     
  0.12700000000000000       0.65999996662139893        1.4017699430536499        1.6754422173742760        1.1952333731200226     
  0.12700000000000000       0.66999995708465576        1.3588504509835706        1.6281465986556172        1.1981793857279315     
  0.12700000000000000       0.68000000715255737        1.3165503882828491        1.5814230776623952        1.2011868985318628     
  0.12700000000000000       0.68999999761581421        1.2752082423457529        1.5352943294272920        1.2039557763546989     
  0.12700000000000000       0.69999998807907104        1.2343785643434204        1.4897894600028956        1.2069145584971586     
  0.12700000000000000       0.70999997854232788        1.1945240238038224        1.4449106811999359        1.2096120734338909     
  0.12700000000000000       0.71999996900558472        1.1548741490011900        1.4006849848555487        1.2128464266577894     
  0.12700000000000000       0.72999995946884155        1.1165684777723694        1.3571293215740006        1.2154465656074820     
  0.12700000000000000       0.74000000953674316        1.0790424302102954        1.3142675052338793        1.2179942775537942     
  0.12700000000000000       0.75000000000000000        1.0423047728169392        1.2720975227316305        1.2204659864443026     
  0.12700000000000000       0.75999999046325684        1.0061720919092219        1.2306408354032135        1.2230918003977429     
  0.12700000000000000       0.76999998092651367       0.97073399572989283        1.1899230954620961        1.2257972840102251     
  0.12700000000000000       0.77999997138977051       0.93634973864588167        1.1499138532515272        1.2280815658842335     
  0.12700000000000000       0.78999996185302734       0.90272155444213698        1.1106856988858433        1.2303746303833676     
  0.12700000000000000       0.79999995231628418       0.87002242826808629        1.0721754954918767        1.2323538573898689     
  0.12700000000000000       0.81000000238418579       0.83803152532765401        1.0344532734182663        1.2343846766549924     
  0.12700000000000000       0.81999999284744263       0.80688903768331144       0.99748476187556001        1.2362105757930173     
  0.12700000000000000       0.82999998331069946       0.77674718012512356       0.96129593381699208        1.2375917910151153     
  0.12700000000000000       0.83999997377395630       0.74735112713588470       0.92586278291969215        1.2388591510765865     
  0.12700000000000000       0.84999996423721313       0.71857779508775577       0.89123350071023977        1.2402742010715744     
  0.12700000000000000       0.85999995470046997       0.69060840099927112       0.85737227078436296        1.2414738505118008     
  0.12700000000000000       0.87000000476837158       0.66360796453810078       0.82429897284237530        1.2421474980580172     
  0.12700000000000000       0.87999999523162842       0.63749176427832333       0.79198959412250880        1.2423526679110681     
  0.12700000000000000       0.88999998569488525       0.61188581099306460       0.76048222988473502        1.2428499177820527     
  0.12700000000000000       0.89999997615814209       0.58721109874710353       0.72974242160486924        1.2427258666634131     
  0.12700000000000000       0.90999996662139893       0.56314167140367211       0.69978471527382735        1.2426441707458131     
  0.12700000000000000       0.91999995708465576       0.53982737507543854       0.67059250823718430        1.2422350906963024     
  0.12700000000000000       0.93000000715255737       0.51740355422856132       0.64216781650995847        1.2411353019548121     
  0.12700000000000000       0.93999999761581421       0.49579232642295767       0.61450585906302413        1.2394420532817860     
  0.12700000000000000       0.94999998807907104       0.47466985371352738       0.58760686778432258        1.2379275051643683     
  0.12700000000000000       0.95999997854232788       0.45439004769902769       0.56145177268777069        1.2356163510422151     
  0.12700000000000000       0.96999996900558472       0.43467079919256174       0.53603973772456215        1.2332085309625167     
  0.12700000000000000       0.97999995946884155       0.41563512865901042       0.51136299782715433        1.2303170799758834     
  0.12700000000000000       0.98999994993209839       0.39739319083464930       0.48741920777047620        1.2265414179511840     
  0.12700000000000000        1.0000000000000000       0.37987401890024813       0.46418729207101456        1.2219506177728527     
   4.0000000000000001E-002   9.9999997764825821E-003   9.1871771908990212        9.4229964658548937        1.0256683059503282     
   4.0000000000000001E-002   1.9999999552965164E-002   9.1921721978469257        9.4129728134806889        1.0240205047165545     
   4.0000000000000001E-002   2.9999999329447746E-002   9.1761815410231904        9.4029869106879289        1.0247167483174542     
   4.0000000000000001E-002   3.9999999105930328E-002   9.1650459566002738        9.3899215507394658        1.0245362211170634     
   4.0000000000000001E-002   4.9999997019767761E-002   9.1421976969219685        9.3717951976443477        1.0251140380391994     
   4.0000000000000001E-002   5.9999998658895493E-002   9.1207130837137722        9.3510802650970231        1.0252575844968308     
   4.0000000000000001E-002   7.0000000298023224E-002   9.0938046924559366        9.3261808512889584        1.0255532383520174     
   4.0000000000000001E-002   7.9999998211860657E-002   9.0622539489026384        9.2974873031555756        1.0259574886754770     
   4.0000000000000001E-002   8.9999996125698090E-002   9.0260926585641155        9.2651364344045213        1.0264836385890186     
   4.0000000000000001E-002   9.9999994039535522E-002   8.9864170681452240        9.2290805801499971        1.0270033663210401     
   4.0000000000000001E-002  0.10999999940395355        8.9423270771025773        9.1893602165120374        1.0276251514040462     
   4.0000000000000001E-002  0.11999999731779099        8.8953368339119994        9.1460790435094879        1.0281880511417596     
   4.0000000000000001E-002  0.12999999523162842        8.8429299093210556        9.0992360984492393        1.0289843063053139     
   4.0000000000000001E-002  0.14000000059604645        8.7882080019365212        9.0489129750745452        1.0296653166470999     
   4.0000000000000001E-002  0.14999999105930328        8.7289146916935270        8.9951891631341390        1.0305048772780423     
   4.0000000000000001E-002  0.15999999642372131        8.6662992664089149        8.9381338392169898        1.0313668573461017     
   4.0000000000000001E-002  0.17000000178813934        8.5998705011276222        8.8777357906317178        1.0323104039145312     
   4.0000000000000001E-002  0.17999999225139618        8.5306547213680943        8.8141161376260833        1.0332285651590092     
   4.0000000000000001E-002  0.18999999761581421        8.4570433421490154        8.7473637198013474        1.0343288269796851     
   4.0000000000000001E-002  0.19999998807907104        8.3811660548853002        8.6775237864541506        1.0353599641897211     
   4.0000000000000001E-002  0.20999999344348907        8.3020798495068000        8.6047284356689744        1.0364545501426554     
   4.0000000000000001E-002  0.21999999880790710        8.2185338427431791        8.5289656028169283        1.0377721581505508     
   4.0000000000000001E-002  0.22999998927116394        8.1334506297310369        8.4504351350010261        1.0389729426906809     
   4.0000000000000001E-002  0.23999999463558197        8.0454930751244227        8.3691358746490767        1.0402265959963739     
   4.0000000000000001E-002  0.25000000000000000        7.9540408273453345        8.2851741012756257        1.0416308240198973     
   4.0000000000000001E-002  0.25999999046325684        7.8607335698550029        8.1987107515718272        1.0429956286793547     
   4.0000000000000001E-002  0.26999998092651367        7.7649112014771449        8.1097619799274572        1.0444114259007509     
   4.0000000000000001E-002  0.28000000119209290        7.6656326136883361        8.0184813914626805        1.0460299619817770     
   4.0000000000000001E-002  0.28999999165534973        7.5652052435740123        7.9248994715628758        1.0475458651031830     
   4.0000000000000001E-002  0.29999998211860657        7.4620152195385776        7.8292000225483909        1.0492071903107856     
   4.0000000000000001E-002  0.31000000238418579        7.3574586339855799        7.7314419702393806        1.0508305047786877     
   4.0000000000000001E-002  0.31999999284744263        7.2510146828362378        7.6316718265608552        1.0524970863216792     
   4.0000000000000001E-002  0.32999998331069946        7.1428126000990977        7.5301130178049496        1.0542223966089324     
   4.0000000000000001E-002  0.34000000357627869        7.0329818340822143        7.4268091061197286        1.0559971973948525     
   4.0000000000000001E-002  0.34999999403953552        6.9202863568608519        7.3218144597641741        1.0580218913203270     
   4.0000000000000001E-002  0.35999998450279236        6.8076415367930343        7.2153436849167623        1.0598888977805652     
   4.0000000000000001E-002  0.37000000476837158        6.6937531325086477        7.1074476725770381        1.0618030769702660     
   4.0000000000000001E-002  0.37999999523162842        6.5787507753782162        6.9982343468532013        1.0637634082514502     
   4.0000000000000001E-002  0.38999998569488525        6.4627622892484187        6.8878106582602898        1.0657688384607600     
   4.0000000000000001E-002  0.39999997615814209        6.3459147754967296        6.7762129374840043        1.0678071132705360     
   4.0000000000000001E-002  0.40999999642372131        6.2271825080735699        6.6637198060933791        1.0701018955930450     
   4.0000000000000001E-002  0.41999998688697815        6.1090321648990962        6.5502832178365553        1.0722292895219594     
   4.0000000000000001E-002  0.42999997735023499        5.9903936350376989        6.4361121230979323        1.0744055424760794     
   4.0000000000000001E-002  0.43999999761581421        5.8713877274105046        6.3211741672688788        1.0766064958984998     
   4.0000000000000001E-002  0.44999998807907104        5.7521342586575805        6.2057250191619522        1.0788560802143428     
   4.0000000000000001E-002  0.45999997854232788        5.6323657258741084        6.0898021220568035        1.0812156771143806     
   4.0000000000000001E-002  0.46999999880790710        5.5129764725204771        5.9735065490256707        1.0835356506237082     
   4.0000000000000001E-002  0.47999998927116394        5.3930870370317052        5.8569052104251833        1.0860023526801375     
   4.0000000000000001E-002  0.48999997973442078        5.2740157986231715        5.7401656723393870        1.0883861352553983     
   4.0000000000000001E-002  0.50000000000000000        5.1558153202424863        5.6233486880425119        1.0906807825261742     
   4.0000000000000001E-002  0.50999999046325684        5.0363828718423491        5.5065499922228325        1.0933541258368413     
   4.0000000000000001E-002  0.51999998092651367        4.9189314860719362        5.3898623715802101        1.0957384519060136     
   4.0000000000000001E-002  0.52999997138977051        4.8013029745383751        5.2733491609449565        1.0983162672528424     
   4.0000000000000001E-002  0.53999996185302734        4.6851518370038887        5.1571564832976549        1.1007447917836550     
   4.0000000000000001E-002  0.55000001192092896        4.5690505925051204        5.0413300937519443        1.1033649095550686     
   4.0000000000000001E-002  0.56000000238418579        4.4533998382543141        4.9259608769105681        1.1061124210310056     
   4.0000000000000001E-002  0.56999999284744263        4.3399070949233449        4.8111372029978323        1.1085806902700093     
   4.0000000000000001E-002  0.57999998331069946        4.2267526965557627        4.6969753445716727        1.1112491507721940     
   4.0000000000000001E-002  0.58999997377395630        4.1154178278051603        4.5834789543527457        1.1137335614831636     
   4.0000000000000001E-002  0.59999996423721313        4.0041967976015282        4.4707592676073471        1.1165183665011882     
   4.0000000000000001E-002  0.61000001430511475        3.8953282552857340        4.3589198023319469        1.1190121901580814     
   4.0000000000000001E-002  0.62000000476837158        3.7871455795101130        4.2479662127561815        1.1216802004494577     
   4.0000000000000001E-002  0.62999999523162842        3.6809919574390513        4.1379966251556244        1.1241525852271956     
   4.0000000000000001E-002  0.63999998569488525        3.5756768325789534        4.0290746240875626        1.1268005507034584     
   4.0000000000000001E-002  0.64999997615814209        3.4724712756758302        3.9212609695165717        1.1292421616226027     
   4.0000000000000001E-002  0.65999996662139893        3.3702404353787987        3.8146417325959012        1.1318604134447026     
   4.0000000000000001E-002  0.66999995708465576        3.2698427831747621        3.7092154645717437        1.1343711947430037     
   4.0000000000000001E-002  0.68000000715255737        3.1708881976014673        3.6050620054884006        1.1369249815289459     
   4.0000000000000001E-002  0.68999999761581421        3.0741716160894894        3.5022318705871300        1.1392440982335774     
   4.0000000000000001E-002  0.69999998807907104        2.9786464088450022        3.4007951957751694        1.1417250418433718     
   4.0000000000000001E-002  0.70999997854232788        2.8853993400967943        3.3007465399297775        1.1439479083748074     
   4.0000000000000001E-002  0.71999996900558472        2.7926192058911354        3.2021510553371715        1.1466479384593908     
   4.0000000000000001E-002  0.72999995946884155        2.7029852520137823        3.1050465040113613        1.1487471127332400     
   4.0000000000000001E-002  0.74000000953674316        2.6151695933545707        3.0094880792640479        1.1507812292218000     
   4.0000000000000001E-002  0.75000000000000000        2.5291927342755702        2.9154671713907825        1.1527263746571894     
   4.0000000000000001E-002  0.75999999046325684        2.4446233092429388        2.8230335331530547        1.1547928560115479     
   4.0000000000000001E-002  0.76999998092651367        2.3616714845688880        2.7322410197074034        1.1569098570905434     
   4.0000000000000001E-002  0.77999997138977051        2.2811843729867167        2.6430316766483908        1.1586225593803772     
   4.0000000000000001E-002  0.78999996185302734        2.2024570912733719        2.5555485220446617        1.1603170532449041     
   4.0000000000000001E-002  0.79999995231628418        2.1259009567653981        2.4696799986375004        1.1617098109759398     
   4.0000000000000001E-002  0.81000000238418579        2.0509951821780965        2.3855494415202982        1.1631180132694974     
   4.0000000000000001E-002  0.81999999284744263        1.9780679636523288        2.3031039155153614        1.1643199110625513     
   4.0000000000000001E-002  0.82999998331069946        1.9074835904621545        2.2223854275759192        1.1650875733287271     
   4.0000000000000001E-002  0.83999997377395630        1.8386355171616089        2.1433682947506836        1.1657385461907672     
   4.0000000000000001E-002  0.84999996423721313        1.7712335047396881        2.0661170314430031        1.1664848400361831     
   4.0000000000000001E-002  0.85999995470046997        1.7057070127720504        1.9905864913941220        1.1670154818435650     
   4.0000000000000001E-002  0.87000000476837158        1.6424472127405263        1.9167994245117335        1.1670386784080771     
   4.0000000000000001E-002  0.87999999523162842        1.5812526338419668        1.8447372883730926        1.1666303340099029     
   4.0000000000000001E-002  0.88999998569488525        1.5212399758001343        1.7744302823743094        1.1664367953787196     
   4.0000000000000001E-002  0.89999997615814209        1.4634042077345835        1.7058462022463523        1.1656698766003142     
   4.0000000000000001E-002  0.90999996662139893        1.4069760952675467        1.6389904863521036        1.1649028664132617     
   4.0000000000000001E-002  0.91999995708465576        1.3523095753078129        1.5738504644081559        1.1638240926083185     
   4.0000000000000001E-002  0.93000000715255737        1.2997242362451307        1.5104184292023501        1.1621068431915291     
   4.0000000000000001E-002  0.93999999761581421        1.2490355971428866        1.4486837396233965        1.1598418355226994     
   4.0000000000000001E-002  0.94999998807907104        1.1994822098717615        1.3886327713573381        1.1576935113575373     
   4.0000000000000001E-002  0.95999997854232788        1.1518968215014131        1.3302513819376649        1.1548355348387711     
   4.0000000000000001E-002  0.96999996900558472        1.1056167606652700        1.2735235182690974        1.1518670515656753     
   4.0000000000000001E-002  0.97999995946884155        1.0609312477350432        1.2184318919810002        1.1484550903578354     
   4.0000000000000001E-002  0.98999994993209839        1.0180989737916279        1.1649552149097229        1.1442455447834994     
   4.0000000000000001E-002   1.0000000000000000       0.97695252734563254        1.1130787032700045        1.1393375543991120     
   1.2699999999999999E-002   9.9999997764825821E-003   22.489087525428133        18.506055539848397       0.82289045826887508     
   1.2699999999999999E-002   1.9999999552965164E-002   22.496971188054342        18.476006291857356       0.82126638903586824     
   1.2699999999999999E-002   2.9999999329447746E-002   22.458354914414965        18.455402507381070       0.82176110305993122     
   1.2699999999999999E-002   3.9999999105930328E-002   22.432681737030553        18.430561750078660       0.82159422427210616     
   1.2699999999999999E-002   4.9999997019767761E-002   22.377992081831600        18.391531615320325       0.82185799101484935     
   1.2699999999999999E-002   5.9999998658895493E-002   22.326169326974746        18.353760474552171       0.82207387240304308     
   1.2699999999999999E-002   7.0000000298023224E-002   22.261194720484145        18.305499488655411       0.82230534876958727     
   1.2699999999999999E-002   7.9999998211860657E-002   22.184988937316369        18.249834908503303       0.82262087035824838     
   1.2699999999999999E-002   8.9999996125698090E-002   22.097628950829119        18.187146487676760       0.82303610618796119     
   1.2699999999999999E-002   9.9999994039535522E-002   22.001797435616879        18.117244732671502       0.82344384751688526     
   1.2699999999999999E-002  0.10999999940395355        21.895287922786800        18.040208413781585       0.82393108861595887     
   1.2699999999999999E-002  0.11999999731779099        21.781806777271889        17.956296981229251       0.82437132809228908     
   1.2699999999999999E-002  0.12999999523162842        21.655188692248011        17.865453522150368       0.82499643739173378     
   1.2699999999999999E-002  0.14000000059604645        21.523027864316276        17.767863447714653       0.82552806044416127     
   1.2699999999999999E-002  0.14999999105930328        21.379794692345090        17.663704375972749       0.82618681003036643     
   1.2699999999999999E-002  0.15999999642372131        21.228546229601079        17.553113701120505       0.82686367268260930     
   1.2699999999999999E-002  0.17000000178813934        21.068076275645403        17.435990917295896       0.82760242032405307     
   1.2699999999999999E-002  0.17999999225139618        20.900895527245975        17.312621906534851       0.82831962314564345     
   1.2699999999999999E-002  0.18999999761581421        20.723060625264967        17.183195058325524       0.82918229932581777     
   1.2699999999999999E-002  0.19999998807907104        20.539784735449757        17.047765494632845       0.82998754437820310     
   1.2699999999999999E-002  0.20999999344348907        20.348753670551744        16.906641426145100       0.83084407526206427     
   1.2699999999999999E-002  0.21999999880790710        20.146900304615666        16.759706116293273       0.83187517002075073     
   1.2699999999999999E-002  0.22999998927116394        19.941380278566371        16.607458245983533       0.83281387817641472     
   1.2699999999999999E-002  0.23999999463558197        19.728913064458229        16.449808415256783       0.83379192566321481     
   1.2699999999999999E-002  0.25000000000000000        19.507975136394752        16.286976423443246       0.83488810650869150     
   1.2699999999999999E-002  0.25999999046325684        19.282579562970799        16.119342218066294       0.83595362152795094     
   1.2699999999999999E-002  0.26999998092651367        19.051104363755389        15.946858256067751       0.83705689452872623     
   1.2699999999999999E-002  0.28000000119209290        18.811239565610681        15.769876235434722       0.83832201383815486     
   1.2699999999999999E-002  0.28999999165534973        18.568634810890401        15.588392444524201       0.83950126669418346     
   1.2699999999999999E-002  0.29999998211860657        18.319329802838880        15.402838171899315       0.84079703448061693     
   1.2699999999999999E-002  0.31000000238418579        18.066742662909366        15.213286971763507       0.84206031245444468     
   1.2699999999999999E-002  0.31999999284744263        17.809591400130831        15.019783905050518       0.84335364959244274     
   1.2699999999999999E-002  0.32999998331069946        17.548188074911106        14.822862223075221       0.84469474340018491     
   1.2699999999999999E-002  0.34000000357627869        17.282845245248037        14.622551618547979       0.84607316741255245     
   1.2699999999999999E-002  0.34999999403953552        17.010528196119225        14.418916693988447       0.84764661789149920     
   1.2699999999999999E-002  0.35999998450279236        16.738379563313298        14.212463575690064       0.84909435360400931     
   1.2699999999999999E-002  0.37000000476837158        16.463220922978497        14.003241798851910       0.85057728766227769     
   1.2699999999999999E-002  0.37999999523162842        16.185365255808684        13.791460850356607       0.85209450836502187     
   1.2699999999999999E-002  0.38999998569488525        15.905121168112887        13.577328280530164       0.85364507047896254     
   1.2699999999999999E-002  0.39999997615814209        15.622795513194367        13.360868684321892       0.85521625582552463     
   1.2699999999999999E-002  0.40999999642372131        15.335867751716354        13.142742043200016       0.85699369973564832     
   1.2699999999999999E-002  0.41999998688697815        15.050383493864075        12.922744438052769       0.85863223640256559     
   1.2699999999999999E-002  0.42999997735023499        14.763712768509706        12.701347220877794       0.86030847524812060     
   1.2699999999999999E-002  0.43999999761581421        14.476147232058734        12.478412146429150       0.86199815091646625     
   1.2699999999999999E-002  0.44999998807907104        14.187976141529267        12.254520633536311       0.86372577112435456     
   1.2699999999999999E-002  0.45999997854232788        13.898538665425383        12.029705366415770       0.86553742490506547     
   1.2699999999999999E-002  0.46999999880790710        13.610024572564340        11.804162395579212       0.86731381950437758     
   1.2699999999999999E-002  0.47999998927116394        13.320270892557545        11.578006529153154       0.86920203219156378     
   1.2699999999999999E-002  0.48999997973442078        13.032509554239962        11.351596927077647       0.87102156954755883     
   1.2699999999999999E-002  0.50000000000000000        12.746864593004313        11.125031908906070       0.87276614792093021     
   1.2699999999999999E-002  0.50999999046325684        12.458170902089288        10.898497140346748       0.87480716278494974     
   1.2699999999999999E-002  0.51999998092651367        12.174312089799448        10.672172557821279       0.87661401146133133     
   1.2699999999999999E-002  0.52999997138977051        11.889984498587889        10.446176706475592       0.87856941341817807     
   1.2699999999999999E-002  0.53999996185302734        11.609247638563794        10.220804895855062       0.88040200485545861     
   1.2699999999999999E-002  0.55000001192092896        11.328592061673922        9.9961367479530914       0.88238120796769648     
   1.2699999999999999E-002  0.56000000238418579        11.048995716317979        9.7723498717020068       0.88445593813286338     
   1.2699999999999999E-002  0.56999999284744263        10.774654062186766        9.5496165764136638       0.88630377562911056     
   1.2699999999999999E-002  0.57999998331069946        10.501088964128225        9.3281675664067603       0.88830478422493409     
   1.2699999999999999E-002  0.58999997377395630        10.231939661296520        9.1080011691207972       0.89015391710848835     
   1.2699999999999999E-002  0.59999996423721313        9.9630073868496094        8.8893363403846521       0.89223424165256371     
   1.2699999999999999E-002  0.61000001430511475        9.6997965852918320        8.6723708838767486       0.89407760334139297     
   1.2699999999999999E-002  0.62000000476837158        9.4382028760397869        8.4571231643649121       0.89605227556980316     
   1.2699999999999999E-002  0.62999999523162842        9.1815293179858539        8.2437787601941857       0.89786553793879498     
   1.2699999999999999E-002  0.63999998569488525        8.9268428840092433        8.0324609581154629       0.89980982778403129     
   1.2699999999999999E-002  0.64999997615814209        8.6772695365026777        7.8232875645076687       0.90158402151707262     
   1.2699999999999999E-002  0.65999996662139893        8.4300135809937675        7.6164179275386585       0.90348821557186643     
   1.2699999999999999E-002  0.66999995708465576        8.1871857965114945        7.4118654092916438       0.90530074600845023     
   1.2699999999999999E-002  0.68000000715255737        7.9478234141354323        7.2097760190044902       0.90713842561998748     
   1.2699999999999999E-002  0.68999999761581421        7.7138831460562125        7.0102477005332782       0.90878323767677582     
   1.2699999999999999E-002  0.69999998807907104        7.4827843861222645        6.8134030558326524       0.91054381688037656     
   1.2699999999999999E-002  0.70999997854232788        7.2572035105444597        6.6192591743771168       0.91209501907443657     
   1.2699999999999999E-002  0.71999996900558472        7.0326723722941020        6.4279279985915529       0.91400930660654711     
   1.2699999999999999E-002  0.72999995946884155        6.8158002663726354        6.2394827461615767       0.91544389540661020     
   1.2699999999999999E-002  0.74000000953674316        6.6033088067447645        6.0540115358279332       0.91681484434655436     
   1.2699999999999999E-002  0.75000000000000000        6.3952476193068621        5.8715361570675260       0.91810927529087638     
   1.2699999999999999E-002  0.75999999046325684        6.1905515968585805        5.6921333927301969       0.91948727083038806     
   1.2699999999999999E-002  0.76999998092651367        5.9897369885113019        5.5158639398440439       0.92088583362238163     
   1.2699999999999999E-002  0.77999997138977051        5.7949007311808352        5.3427466174640168       0.92197379477375752     
   1.2699999999999999E-002  0.78999996185302734        5.6042910676938478        5.1728509061746282       0.92301610385544153     
   1.2699999999999999E-002  0.79999995231628418        5.4189345291019038        5.0062110671488345       0.92383678752039267     
   1.2699999999999999E-002  0.81000000238418579        5.2375413075339612        4.8428319057928491       0.92463841742434738     
   1.2699999999999999E-002  0.81999999284744263        5.0609186369212136        4.6827667135088644       0.92527998362716302     
   1.2699999999999999E-002  0.82999998331069946        4.8899810981830649        4.5260090563437272       0.92556780189302246     
   1.2699999999999999E-002  0.83999997377395630        4.7232137630117546        4.3726374555223755       0.92577589643839575     
   1.2699999999999999E-002  0.84999996423721313        4.5598993306261910        4.2225724896329719       0.92602318241378911     
   1.2699999999999999E-002  0.85999995470046997        4.4011059366727823        4.0758948490299076       0.92610696213126542     
   1.2699999999999999E-002  0.87000000476837158        4.2478069252099884        3.9325559033533839       0.92578499272515302     
   1.2699999999999999E-002  0.87999999523162842        4.0994995695168353        3.7926507268696064       0.92514968292010480     
   1.2699999999999999E-002  0.88999998569488525        3.9539974590111164        3.6560291027217193       0.92464123728498349     
   1.2699999999999999E-002  0.89999997615814209        3.8137665338998863        3.5228002443097144       0.92370631841151662     
   1.2699999999999999E-002  0.90999996662139893        3.6769048214112909        3.3928772347111216       0.92275362009747308     
   1.2699999999999999E-002  0.91999995708465576        3.5442892921941693        3.2663164057003367       0.92157161462354908     
   1.2699999999999999E-002  0.93000000715255737        3.4167116461716969        3.1430621928093827       0.91990853144750195     
   1.2699999999999999E-002  0.93999999761581421        3.2937140921388890        3.0230939931717238       0.91783740440220529     
   1.2699999999999999E-002  0.94999998807907104        3.1734228816609793        2.9063417652801489       0.91583815761703991     
   1.2699999999999999E-002  0.95999997854232788        3.0578906119081504        2.7928656759118882       0.91333079902721426     
   1.2699999999999999E-002  0.96999996900558472        2.9454888421900236        2.6825906836784101       0.91074549163250473     
   1.2699999999999999E-002  0.97999995946884155        2.8369302144568129        2.5754833000603643       0.90784161236531935     
   1.2699999999999999E-002  0.98999994993209839        2.7328513790504152        2.4714554747571342       0.90435048671248697     
   1.2699999999999999E-002   1.0000000000000000        2.6328392950859021        2.3705723887739003       0.90038628381097419     
   4.0000000000000001E-003   9.9999997764825821E-003   62.726803044826511        44.378346397587045       0.70748618203725300     
   4.0000000000000001E-003   1.9999999552965164E-002   62.739119118382078        44.292219159983937       0.70597451450360993     
   4.0000000000000001E-003   2.9999999329447746E-002   62.632199063773214        44.240554577199269       0.70635480213863722     
   4.0000000000000001E-003   3.9999999105930328E-002   62.565242378559930        44.182506287133272       0.70618293172750313     
   4.0000000000000001E-003   4.9999997019767761E-002   62.416132755154322        44.083972350361506       0.70629131290933833     
   4.0000000000000001E-003   5.9999998658895493E-002   62.274159095762080        43.998525133091050       0.70652941399710145     
   4.0000000000000001E-003   7.0000000298023224E-002   62.095749687137683        43.884228191491232       0.70671871122575836     
   4.0000000000000001E-003   7.9999998211860657E-002   61.886368403488525        43.752285478119695       0.70697774981498807     
   4.0000000000000001E-003   8.9999996125698090E-002   61.646226174214242        43.603854430460423       0.70732398617937309     
   4.0000000000000001E-003   9.9999994039535522E-002   61.382913982989486        43.438268003747915       0.70766057173150143     
   4.0000000000000001E-003  0.10999999940395355        61.090166401263268        43.255710808528711       0.70806339803379936     
   4.0000000000000001E-003  0.11999999731779099        60.778475440734972        43.056932916636548       0.70842403670722731     
   4.0000000000000001E-003  0.12999999523162842        60.430353888760770        42.841672656745160       0.70894293843798151     
   4.0000000000000001E-003  0.14000000059604645        60.067310618807340        42.610432362550341       0.70937806143777693     
   4.0000000000000001E-003  0.14999999105930328        59.673655343415938        42.363684839689512       0.70992273886844581     
   4.0000000000000001E-003  0.15999999642372131        59.258035900764469        42.101766125911915       0.71048197068861629     
   4.0000000000000001E-003  0.17000000178813934        58.817015105930480        41.824253538865577       0.71109105865946032     
   4.0000000000000001E-003  0.17999999225139618        58.357690547921869        41.531944115176664       0.71167902165476671     
   4.0000000000000001E-003  0.18999999761581421        57.868864513571928        41.225321366329020       0.71239209051113295     
   4.0000000000000001E-003  0.19999998807907104        57.365293888985001        40.904439836663720       0.71305204006839384     
   4.0000000000000001E-003  0.20999999344348907        56.840394514877502        40.570152381533291       0.71375564381268308     
   4.0000000000000001E-003  0.21999999880790710        56.285451523054583        40.221961064061695       0.71460670520848069     
   4.0000000000000001E-003  0.22999998927116394        55.720728395747606        39.861311483895186       0.71537671224946242     
   4.0000000000000001E-003  0.23999999463558197        55.136897421507818        39.487784633380578       0.71617712421332524     
   4.0000000000000001E-003  0.25000000000000000        54.529615515345867        39.101934935272816       0.71707703356662489     
   4.0000000000000001E-003  0.25999999046325684        53.910236788860701        38.704821963880754       0.71794939642851296     
   4.0000000000000001E-003  0.26999998092651367        53.274134885318652        38.296147229785362       0.71885066387702257     
   4.0000000000000001E-003  0.28000000119209290        52.614733968761868        37.876873227577917       0.71989099574400517     
   4.0000000000000001E-003  0.28999999165534973        51.948030326075731        37.446837189763748       0.72085191593812958     
   4.0000000000000001E-003  0.29999998211860657        51.262761069670667        37.007245194710677       0.72191283540920725     
   4.0000000000000001E-003  0.31000000238418579        50.568599212242255        36.558173509333173       0.72294218307084790     
   4.0000000000000001E-003  0.31999999284744263        49.861877087632394        36.099610808548555       0.72399221443475514     
   4.0000000000000001E-003  0.32999998331069946        49.143452176671566        35.633074203074436       0.72508284674371093     
   4.0000000000000001E-003  0.34000000357627869        48.414183229708200        35.158498610559761       0.72620245277597895     
   4.0000000000000001E-003  0.34999999403953552        47.665430611323842        34.675929906813302       0.72748592558765990     
   4.0000000000000001E-003  0.35999998450279236        46.917436826720341        34.186796540483428       0.72865865769149218     
   4.0000000000000001E-003  0.37000000476837158        46.161151135833258        33.691093763095196       0.72985818018177628     
   4.0000000000000001E-003  0.37999999523162842        45.397433334259240        33.189318249273079       0.73108358362248449     
   4.0000000000000001E-003  0.38999998569488525        44.627131156227016        32.681962000469341       0.73233392229625960     
   4.0000000000000001E-003  0.39999997615814209        43.851087474633381        32.168951496694341       0.73359529601867168     
   4.0000000000000001E-003  0.40999999642372131        43.062117069300058        31.652182589356126       0.73503544979960289     
   4.0000000000000001E-003  0.41999998688697815        42.277360481485623        31.130868960960694       0.73634845237307867     
   4.0000000000000001E-003  0.42999997735023499        41.489320106939786        30.606319153282723       0.73769150890865776     
   4.0000000000000001E-003  0.43999999761581421        40.698797041035839        30.077969142358061       0.73903828440017538     
   4.0000000000000001E-003  0.44999998807907104        39.906585761838080        29.547460947944483       0.74041565781355734     
   4.0000000000000001E-003  0.45999997854232788        39.110782658182409        29.014754043887574       0.74186073690901622     
   4.0000000000000001E-003  0.46999999880790710        38.317582512859623        28.480313002339333       0.74327008998496080     
   4.0000000000000001E-003  0.47999998927116394        37.520812227346994        27.944356549670175       0.74476949966725314     
   4.0000000000000001E-003  0.48999997973442078        36.729633971886017        27.407850027593085       0.74620536781204760     
   4.0000000000000001E-003  0.50000000000000000        35.944373445432660        26.870964878670193       0.74757082410862286     
   4.0000000000000001E-003  0.50999999046325684        35.150326207363044        26.334141016072053       0.74918624825040059     
   4.0000000000000001E-003  0.51999998092651367        34.369881575177423        25.797804755694649       0.75059335596682153     
   4.0000000000000001E-003  0.52999997138977051        33.587933481351762        25.262204357954559       0.75212142396257564     
   4.0000000000000001E-003  0.53999996185302734        32.816007016651561        24.728110914924933       0.75353807982724252     
   4.0000000000000001E-003  0.55000001192092896        32.044098759084456        24.195661642316438       0.75507386942680055     
   4.0000000000000001E-003  0.56000000238418579        31.274961870748157        23.665284031459038       0.75668466453330707     
   4.0000000000000001E-003  0.56999999284744263        30.520529181576045        23.137394293458623       0.75809282846333126     
   4.0000000000000001E-003  0.57999998331069946        29.768023621023836        22.612581508007430       0.75962656425860819     
   4.0000000000000001E-003  0.58999997377395630        29.027795345099701        22.090758930268279       0.76102089971491782     
   4.0000000000000001E-003  0.59999996423721313        28.287860449693724        21.572485085682789       0.76260575182229295     
   4.0000000000000001E-003  0.61000001430511475        27.563892670246393        21.058255533139103       0.76397973918503381     
   4.0000000000000001E-003  0.62000000476837158        26.844171676049800        20.548061932285062       0.76545710481422347     
   4.0000000000000001E-003  0.62999999523162842        26.138102467271988        20.042368431713108       0.76678743060283494     
   4.0000000000000001E-003  0.63999998569488525        25.437304837920429        19.541467081316849       0.76822081607425585     
   4.0000000000000001E-003  0.64999997615814209        24.750680885724083        19.045636942597145       0.76949951520656779     
   4.0000000000000001E-003  0.65999996662139893        24.070243397686660        18.555272034274211       0.77088011648679544     
   4.0000000000000001E-003  0.66999995708465576        23.402000946997209        18.070372320071012       0.77217210447082230     
   4.0000000000000001E-003  0.68000000715255737        22.743194672867737        17.591298553076282       0.77347526616664874     
   4.0000000000000001E-003  0.68999999761581421        22.099402321728267        17.118282748643569       0.77460387839596778     
   4.0000000000000001E-003  0.69999998807907104        21.463244337112744        16.651620057184036       0.77582027188644620     
   4.0000000000000001E-003  0.70999997854232788        20.842356823095646        16.191342582238480       0.77684796972176751     
   4.0000000000000001E-003  0.71999996900558472        20.223957272207695        15.737718940135903       0.77817208216529898     
   4.0000000000000001E-003  0.72999995946884155        19.626946172359180        15.290922573079369       0.77907803072358373     
   4.0000000000000001E-003  0.74000000953674316        19.041936065674150        14.851155813400718       0.77991837396051755     
   4.0000000000000001E-003  0.75000000000000000        18.469063749700293        14.418483909564660       0.78068298994304119     
   4.0000000000000001E-003  0.75999999046325684        17.905277982159866        13.993081364003791       0.78150595472161677     
   4.0000000000000001E-003  0.76999998092651367        17.352046665478539        13.575056799484935       0.78233173649147503     
   4.0000000000000001E-003  0.77999997138977051        16.815383132840871        13.164560300825107       0.78288791856989481     
   4.0000000000000001E-003  0.78999996185302734        16.290256425876404        12.761581712452026       0.78338740525783113     
   4.0000000000000001E-003  0.79999995231628418        15.779618817997877        12.366429265530190       0.78369632423726987     
   4.0000000000000001E-003  0.81000000238418579        15.279767305501034        11.978888369111591       0.78397060175117594     
   4.0000000000000001E-003  0.81999999284744263        14.793016168193160        11.599239777505087       0.78410242006257702     
   4.0000000000000001E-003  0.82999998331069946        14.321997522080871        11.227372669202490       0.78392505318428818     
   4.0000000000000001E-003  0.83999997377395630        13.862356711603644        10.863627084890835       0.78367822376099383     
   4.0000000000000001E-003  0.84999996423721313        13.412047683720777        10.507574779309632       0.78344299297887787     
   4.0000000000000001E-003  0.85999995470046997        12.974135044865218        10.159602120054206       0.78306585255369909     
   4.0000000000000001E-003  0.87000000476837158        12.551413025480738        9.8194771117144324       0.78234037010652291     
   4.0000000000000001E-003  0.87999999523162842        12.142436027912895        9.4876069719675122       0.78135943645554384     
   4.0000000000000001E-003  0.88999998569488525        11.740965364604705        9.1633498320185467       0.78045965961565189     
   4.0000000000000001E-003  0.89999997615814209        11.354049762181173        8.8471980863319430       0.77921079012712990     
   4.0000000000000001E-003  0.90999996662139893        10.976268818553704        8.5388087336811314       0.77793363799978921     
   4.0000000000000001E-003  0.91999995708465576        10.610129859220709        8.2384341866390116       0.77646874222556461     
   4.0000000000000001E-003  0.93000000715255737        10.257896253485564        7.9458831126027665       0.77461137413071512     
   4.0000000000000001E-003  0.93999999761581421        9.9182599472705082        7.6611067565908844       0.77242447741039599     
   4.0000000000000001E-003  0.94999998807907104        9.5859083094428570        7.3838728157185702       0.77028410635274780     
   4.0000000000000001E-003  0.95999997854232788        9.2666757885700335        7.1144569956988919       0.76774640205651823     
   4.0000000000000001E-003  0.96999996900558472        8.9559524596747888        6.8526148074655771       0.76514640272157175     
   4.0000000000000001E-003  0.97999995946884155        8.6557648315284776        6.5982669736583484       0.76229739394308316     
   4.0000000000000001E-003  0.98999994993209839        8.3679213268476733        6.3511317316066229       0.75898559314003411     
   4.0000000000000001E-003   1.0000000000000000        8.0912495728210363        6.1115101869005315       0.75532340609408943     
