 pt up dp u1 d1 u2 d2
   0.0000000000000000        0.0000000000000000        0.0000000000000000        0.0000000000000000        0.0000000000000000        0.0000000000000000        0.0000000000000000     
   9.9999997764825821E-003  0.47789146291316220       0.17749038909453124       0.29069319304600028       0.11147966015517909       0.25552516712109569        9.8967608656188352E-002
   1.9999999552965164E-002  0.47703704970044036       0.17717305734591821       0.29024541664015630       0.11130793972022178       0.25514268237705134        9.8819468256195531E-002
   2.9999999329447746E-002  0.47557047775513833       0.17662836792288483       0.28946829944039948       0.11100991842697497       0.25447723375174697        9.8561732942402669E-002
   3.9999999105930328E-002  0.47352698612341970       0.17586940871776680       0.28838125795354186       0.11059304242702570       0.25354545699042319        9.8200845915466864E-002
   4.9999997019767761E-002  0.47091936680074159       0.17490093071782270       0.28699964521500215       0.11006319954716821       0.25236263289728222        9.7742725593003343E-002
   5.9999998658895493E-002  0.46775146462134459       0.17372436190655527       0.28532001299974197       0.10941906740708993       0.25092420951758421        9.7185608954639305E-002
   7.0000000298023224E-002  0.46403382591737585       0.17234361922482166       0.28334706941792620       0.10866245154793784       0.24923440951391673        9.6531131482403013E-002
   7.9999998211860657E-002  0.45978051281291143       0.17076392538963509       0.28108710906561984       0.10779576592176482       0.24729849959013922        9.5781333026584980E-002
   8.9999996125698090E-002  0.45500561266102196       0.16899051248813615       0.27854702371083617       0.10682165349364353       0.24512212097169336        9.4938398493659037E-002
   9.9999994039535522E-002  0.44972667595320770       0.16702989882794692       0.27573464709267098       0.10574311847073418       0.24271171113572346        9.4004821186832552E-002
  0.10999999940395355       0.44396091369985702       0.16488847663233897       0.27265819199926045       0.10456331042396713       0.24007418453741020        9.2983279147967737E-002
  0.11999999731779099       0.43772865413761924       0.16257379587220006       0.26932701598379116       0.10328581793702458       0.23721768881894620        9.1876928045342116E-002
  0.12999999523162842       0.43105168760107848       0.16009394954617961       0.26575111182616851       0.10191447320045841       0.23415011379319972        9.0688823687199924E-002
  0.14000000059604645       0.42395120317668600       0.15745680734748319       0.26194080765264310       0.10045323700878304       0.23088037148374987        8.9422417794840850E-002
  0.14999999105930328       0.41645150902058181       0.15467139740158756       0.25790755960497574        9.8906502745884958E-002  0.22741765066576899        8.8081269278392854E-002
  0.15999999642372131       0.40857724605350210       0.15174687142378501       0.25366241538317025        9.7278507159893612E-002  0.22377195223449298        8.6669251590702559E-002
  0.17000000178813934       0.40035445654862267       0.14869290159606144       0.24921801060865240        9.5574095960361746E-002  0.21995337579324689        8.5190276415306659E-002
  0.17999999225139618       0.39180850190108629       0.14551890722016458       0.24458694342387174        9.3798100483806365E-002  0.21597231174602882        8.3648368065928375E-002
  0.18999999761581421       0.38296680024956997       0.14223507147884579       0.23978160978121235        9.1955274527674838E-002  0.21183955222264428        8.2047706448958951E-002
  0.19999998807907104       0.37385679482731082       0.13885158687505419       0.23481564748233699        9.0050848133574626E-002  0.20756639708546301        8.0392668120999156E-002
  0.20999999344348907       0.36450622284901596       0.13537875509738029       0.22970252929475998        8.8089988053186977E-002  0.20316395365867479        7.8687555066569964E-002
  0.21999999880790710       0.35494306249456575       0.13182696732963523       0.22445546231054586        8.6077759152735508E-002  0.19864387345068363        7.6936880038512678E-002
  0.22999998927116394       0.34519592805854826       0.12820685101062951       0.21908870762534502        8.4019630504543433E-002  0.19401778527712124        7.5145147000517470E-002
  0.23999999463558197       0.33529159196641306       0.12452834950319509       0.21361542753412485        8.1920649795329564E-002  0.18929698186585847        7.3316729745917880E-002
  0.25000000000000000       0.32525842770222335       0.12080200080835780       0.20805019429941904        7.9786405428654172E-002  0.18449355296332209        7.1456310761791889E-002
  0.25999999046325684       0.31512389341259200       0.11703800296794148       0.20240639106014724        7.7622029783995891E-002  0.17961863092137170        6.9568201726142420E-002
  0.26999998092651367       0.30491497136352480       0.11324637728021930       0.19669733080277799        7.5432628337652977E-002  0.17468439270425759        6.7657118906435929E-002
  0.28000000119209290       0.29465836711445115       0.10943704227377339       0.19093715871306627        7.3223625710973586E-002  0.16970167317112866        6.5727258758591658E-002
  0.28999999165534973       0.28437932797480436       0.10561937487856131       0.18513884750303061        7.0999996886385155E-002  0.16468236324905100        6.3783226764839426E-002
  0.29999998211860657       0.27410314291753685       0.10180276749850177       0.17931521585821103        6.8766657777785165E-002  0.15963707752322370        6.1829134066660255E-002
  0.31000000238418579       0.26385394377415844        9.7996182771550630E-002  0.17347922670383759        6.6528579614407266E-002  0.15457688183937709        5.9869266583527668E-002
  0.31999999284744263       0.25365490785423989        9.4208228823219831E-002  0.16764331710397412        6.4290531959861133E-002  0.14951225183115327        5.7907681639510197E-002
  0.32999998331069946       0.24352875229121215        9.0447342868159211E-002  0.16181916742209645        6.2056994186151168E-002  0.14445364674843303        5.5948430213072047E-002
  0.34000000357627869       0.23349555127155031        8.6720980522224156E-002  0.15601839483166077        5.9832421432165384E-002  0.13941057494683240        5.3995194991238317E-002
  0.34999999403953552       0.22357652677574355        8.3037023695569409E-002  0.15025270275335628        5.7621301912256034E-002  0.13439300395758480        5.2051836504623299E-002
  0.35999998450279236       0.21378965117427950        7.9402147382997043E-002  0.14453183299222511        5.5427371569132945E-002  0.12941007904964136        5.0121896812934129E-002
  0.37000000476837158       0.20415256523492020        7.5822903421015816E-002  0.13886625819754245        5.3254646621304476E-002  0.12447029768694340        4.8208667074123517E-002
  0.37999999523162842       0.19468189812264575        7.2305467933686737E-002  0.13326579301515243        5.1106890945632505E-002  0.11958195303545163        4.6315359319368643E-002
  0.38999998569488525       0.18539272196774209        6.8855438757498930E-002  0.12773912793722864        4.8987437310607299E-002  0.11475300484171286        4.4445056442969554E-002
  0.39999997615814209       0.17629807031184647        6.5477656590719663E-002  0.12229466156102170        4.6899506544200227E-002  0.10999083339596208        4.2600616909647997E-002
  0.40999999642372131       0.16741136419523422        6.2177106049826514E-002  0.11694037216944610        4.4846158285540186E-002  0.10530232519469707        4.0784707932571690E-002
  0.41999998688697815       0.15874309690772490        5.8957684375589590E-002  0.11168375798445919        4.2830268072326629E-002  0.10069420666161090        3.8999934727012353E-002
  0.42999997735023499       0.15030316737700658        5.5823068060818062E-002  0.10653119777415390        4.0854282136243744E-002   9.6171801657866374E-002   3.7248359280890979E-002
  0.43999999761581421       0.14210034287455808        5.2776513297653579E-002  0.10148871182408804        3.8920509232377810E-002   9.1740809859926123E-002   3.5532189139381949E-002
  0.44999998807907104       0.13414159625697319        4.9820609826917925E-002   9.6561931363683851E-002   3.7031108914365847E-002   8.7406179088655320E-002   3.3853340646008673E-002
  0.45999997854232788       0.12643372813604251        4.6957883417172719E-002   9.1755909696888183E-002   3.5188019103769438E-002   8.3172320950808509E-002   3.2213522462879694E-002
  0.46999999880790710       0.11898116172461393        4.4189976863550792E-002   8.7074673997940610E-002   3.3392784205570833E-002   7.9043156022910940E-002   3.0614253070885302E-002
  0.47999998927116394       0.11178726806380740        4.1518142181303598E-002   8.2521936731246540E-002   3.1646827934807525E-002   7.5022411464793062E-002   2.9056976038577469E-002
  0.48999997973442078       0.10485511916147192        3.8943520323787104E-002   7.8100954524494073E-002   2.9951399194985379E-002   7.1112528748478385E-002   2.7542636973977803E-002
  0.50000000000000000        9.8186701804631141E-002   3.6466849189937076E-002   7.3814321454241535E-002   2.8307492803940012E-002   6.7316259998254704E-002   2.6072301804026417E-002
  0.50999999046325684        9.1782064049043266E-002   3.4088146627812899E-002   6.9664407140542506E-002   2.6716017501348128E-002   6.3635676265626911E-002   2.4646772668947468E-002
  0.51999998092651367        8.5641136543825006E-002   3.1807386880278843E-002   6.5652206244374969E-002   2.5177354735659348E-002   6.0072373909558240E-002   2.3266667855506695E-002
  0.52999997138977051        7.9762115356102198E-002   2.9623899961004195E-002   6.1779054759662722E-002   2.3692016855123114E-002   5.6627535610127989E-002   2.1932445428248536E-002
  0.53999996185302734        7.4143705827904818E-002   2.7537205029955849E-002   5.8045536997184316E-002   2.2260227940552456E-002   5.3302165398940997E-002   2.0644494259267447E-002
  0.55000001192092896        6.8782233751913294E-002   2.5545937475004523E-002   5.4451763758272105E-002   2.0882030483808718E-002   5.0096165011749870E-002   1.9402776289777764E-002
  0.56000000238418579        6.3674953523665687E-002   2.3649077570036543E-002   5.0997733298741327E-002   1.9557423816004164E-002   4.7009818068289050E-002   1.8207401368712139E-002
  0.56999999284744263        5.8817076634521757E-002   2.1844846847915107E-002   4.7682214080427450E-002   1.8285935647249191E-002   4.4042764933148626E-002   1.7058230205460229E-002
  0.57999998331069946        5.4204067735945570E-002   2.0131560865960657E-002   4.4504381976452331E-002   1.7067249928229618E-002   4.1194553091932817E-002   1.5955087536394748E-002
  0.58999997377395630        4.9830067687704212E-002   1.8507043521102939E-002   4.1462803368214583E-002   1.5900816872028146E-002   3.8463758128194574E-002   1.4897421669911004E-002
  0.59999996423721313        4.5689985527103120E-002   1.6969404013820223E-002   3.8555953338255185E-002   1.4786051678986062E-002   3.5849330072315180E-002   1.3884825941634232E-002
  0.61000001430511475        4.1776841332476645E-002   1.5516049979300756E-002   3.5781278557679277E-002   1.3721975157831327E-002   3.3349713729734186E-002   1.2916698008208665E-002
  0.62000000476837158        3.8084804730553375E-002   1.4144815998614040E-002   3.3136714300521904E-002   1.2707795494533235E-002   3.0963151550925119E-002   1.1992357152052997E-002
  0.62999999523162842        3.4606250024807224E-002   1.2852869864138548E-002   3.0619657481748615E-002   1.1742514416542133E-002   2.8687822352063460E-002   1.1111098009347019E-002
  0.63999998569488525        3.1334950317879688E-002   1.1637898886653444E-002   2.8227526705289819E-002   1.0825141968938344E-002   2.6521093789480442E-002   1.0271901045455467E-002
  0.64999997615814209        2.8262442663480995E-002   1.0496759901347390E-002   2.5956854936439705E-002   9.9543485579783736E-003   2.4460650497784495E-002   9.4738694947933966E-003
  0.65999996662139893        2.5381802494209408E-002   9.4268811021559883E-003   2.3804691307956809E-002   9.1290025380471665E-003   2.2504305279419729E-002   8.7161562325385987E-003
  0.66999995708465576        2.2685770654995514E-002   8.4255664161050469E-003   2.1767703891073714E-002   8.3478261279804553E-003   2.0648856770471131E-002   7.9975213364764357E-003
  0.68000000715255737        2.0166333836561960E-002   7.4898396749807526E-003   1.9842642568481235E-002   7.6095729209762876E-003   1.8891838460959869E-002   7.3170095011194942E-003
  0.68999999761581421        1.7815515939414724E-002   6.6167385303995850E-003   1.8025525852148984E-002   6.9127160325284107E-003   1.7230410823212597E-002   6.6735209472690484E-003
  0.69999998807907104        1.5625972046242338E-002   5.8035350570214868E-003   1.6312916650233468E-002   6.2559373518595420E-003   1.5661154814793174E-002   6.0657314435094206E-003
  0.70999997854232788        1.3590607228627363E-002   5.0475941761661909E-003   1.4701104739039786E-002   5.6378140232355182E-003   1.4181184704079794E-002   5.4925233153624107E-003
  0.71999996900558472        1.1701159796892272E-002   4.3458474703597814E-003   1.3186335707067330E-002   5.0569062450779544E-003   1.2787360652548232E-002   4.9526804700500797E-003
  0.72999995946884155        9.9500794446130882E-003   3.6954907321011957E-003   1.1765037253254718E-002   4.5118440544230842E-003   1.1476512585067751E-002   4.4449751038360043E-003
  0.74000000953674316        8.3303846646372894E-003   3.0939310077239390E-003   1.0432993396152931E-002   4.0010106394899551E-003   1.0245623171346887E-002   3.9682385726807811E-003
  0.75000000000000000        6.8352672549566564E-003   2.5386397096359304E-003   9.1866467874534875E-003   3.5230417716348864E-003   9.0911331174004743E-003   3.5210923242555404E-003
  0.75999999046325684        5.4571164622232568E-003   2.0267901801589157E-003   8.0222267607396244E-003   3.0764914155850731E-003   8.0100253346514893E-003   3.1023678081394568E-003
  0.76999998092651367        4.1899743245743977E-003   1.5561696135591799E-003   6.9360052192380334E-003   2.6599298613533286E-003   6.9991212486720323E-003   2.7108339287281102E-003
  0.77999997138977051        3.0265692890725036E-003   1.1240773322553558E-003   5.9245026380208678E-003   2.2720227252466729E-003   6.0552702309082012E-003   2.3452704141505810E-003
  0.78999996185302734        1.9604377018146730E-003   7.2811271490301715E-004   4.9836897276059862E-003   1.9112247910960066E-003   5.1755394946864063E-003   2.0045413650078129E-003
  0.79999995231628418        9.8576193784030426E-004   3.6611507733429942E-004   4.1102136795263308E-003   1.5762502704569901E-003   4.3565050684444308E-003   1.6873206407812700E-003
  0.81000000238418579        9.6949522298082547E-005   3.6007356838552972E-005   3.3005887619341773E-003   1.2657623993080609E-003   3.5953330451205310E-003   1.3925106391947792E-003
  0.81999999284744263       -7.1224999965248219E-004  -2.6453188512779195E-004   2.5514312214123284E-003   9.7846352194201451E-004   2.8890898702562777E-003   1.1189751634780401E-003
  0.82999998331069946       -1.4469430344941478E-003  -5.3739918395790992E-004   1.8596251863522773E-003   7.1315871423847693E-004   2.2348937885635933E-003   8.6559807922907120E-004
  0.83999997377395630       -2.1122902923232092E-003  -7.8451124357743470E-004   1.2215713342787601E-003   4.6846765063107210E-004   1.6301184912057812E-003   6.3136218916712034E-004
  0.84999996423721313       -2.7124216260264815E-003  -1.0074019043092711E-003   6.3435933023806544E-004   2.4327422947263838E-004   1.0716942752662306E-003   4.1507856477934264E-004
  0.85999995470046997       -3.2535823656368464E-003  -1.2083907013273523E-003   9.4987160373453968E-005   3.6427190628652798E-005   5.5715956350574651E-004   2.1579381108068104E-004
  0.87000000476837158       -3.7394040053135920E-003  -1.3888263829591797E-003  -3.9924683617017901E-004  -1.5310954187784299E-004   8.3963494560690478E-005   3.2519952397294999E-005
  0.87999999523162842       -4.1737738700079055E-003  -1.5501527138912369E-003  -8.5150518361880279E-004  -3.2654878325677565E-004  -3.5034857888878294E-004  -1.3569372222456988E-004
  0.88999998569488525       -4.5612400796600696E-003  -1.6940588801427157E-003  -1.2642676876586960E-003  -4.8484152892793499E-004  -7.4797392010250599E-004  -2.8969823616105481E-004
  0.89999997615814209       -4.9052253655530887E-003  -1.8218160948537021E-003  -1.6400903083356965E-003  -6.2896797919906387E-004  -1.1115299099411218E-003  -4.3050732879305138E-004
  0.90999996662139893       -5.2089318252074466E-003  -1.9346136270924563E-003  -1.9812271103371044E-003  -7.5979255873272959E-004  -1.4430220239810374E-003  -5.5889774209182640E-004
  0.91999995708465576       -5.4757535709731905E-003  -2.0337120608375512E-003  -2.2903879523571359E-003  -8.7835448734393422E-004  -1.7445369314100306E-003  -6.7567766517587029E-004
  0.93000000715255737       -5.7094204308746821E-003  -2.1204966659225527E-003  -2.5696022857969415E-003  -9.8543205141127764E-004  -2.0178972330480746E-003  -7.8155301068276147E-004
  0.93999999761581421       -5.9120299174245080E-003  -2.1957464650772768E-003  -2.8209740963137503E-003  -1.0818321208981867E-003  -2.2653337222881039E-003  -8.7738778856498499E-004
  0.94999998807907104       -6.0868399995274124E-003  -2.2606714781774361E-003  -3.0463169326289201E-003  -1.1682501843815133E-003  -2.4884839500675703E-003  -9.6381623967700257E-004
  0.95999997854232788       -6.2360483757941138E-003  -2.3160879373841036E-003  -3.2478959175956394E-003  -1.2455549072855616E-003  -2.6890601629346190E-003  -1.0415015352759286E-003
  0.96999996900558472       -6.3616750087272592E-003  -2.3627460631100100E-003  -3.4273122807634568E-003  -1.3143603546462183E-003  -2.8685193900602822E-003  -1.1110079982205253E-003
  0.97999995946884155       -6.4659729552282979E-003  -2.4014826477591344E-003  -3.5862488204591262E-003  -1.3753118727944590E-003  -3.0287306407312492E-003  -1.1730595156399790E-003
  0.98999994993209839       -6.5515885277893631E-003  -2.4332805400959839E-003  -3.7262943378751933E-003  -1.4290187605416678E-003  -3.1709777742152628E-003  -1.2281533398519687E-003
   1.0000000000000000       -6.6195764317265810E-003  -2.4585314609849689E-003  -3.8487538365916040E-003  -1.4759814814661928E-003  -3.2966275141992707E-003  -1.2768188174430521E-003
