 kt up dp u1 d1 u2 d2
   0.0000000000000000        0.0000000000000000        0.0000000000000000        0.0000000000000000        0.0000000000000000        0.0000000000000000        0.0000000000000000     
   9.9999997764825821E-003   1.0231030309514682        1.4693327305000722E-002  0.86435696445892840        1.1061217122749408E-002  0.79496932591283598        9.9310250770848693E-003
   1.9999999552965164E-002   1.0223195839145278        1.4682075805013286E-002  0.86375420908040068        1.1053503633545363E-002  0.79444669571271487        9.9244962042664316E-003
   2.9999999329447746E-002   1.0210849446858878        1.4664344493756072E-002  0.86281636364493985        1.1041501980969211E-002  0.79364140581448284        9.9144362511173149E-003
   3.9999999105930328E-002   1.0192959558401773        1.4638651872524598E-002  0.86144567926283722        1.1023961267837234E-002  0.79245670283611391        9.8996365417403955E-003
   4.9999997019767761E-002   1.0170949552245199        1.4607042130918900E-002  0.85977576656650068        1.1002591315757568E-002  0.79102422367000735        9.8817415286156108E-003
   5.9999998658895493E-002   1.0143827375798393        1.4568090529398746E-002  0.85770307667840762        1.0976067004826985E-002  0.78923549716358898        9.8593961535020716E-003
   7.0000000298023224E-002   1.0111877579150215        1.4522205725495530E-002  0.85527176350969092        1.0944953374743131E-002  0.78714560820257329        9.8332885553801697E-003
   7.9999998211860657E-002   1.0075139682414078        1.4469444476148100E-002  0.85247567772708843        1.0909171732196221E-002  0.78474166082631369        9.8032576335578513E-003
   8.9999996125698090E-002   1.0033665607225029        1.4409881348780750E-002  0.84931705021774651        1.0868750625955024E-002  0.78202440195768164        9.7693127188476763E-003
   9.9999994039535522E-002  0.99875045453607181        1.4343586990324215E-002  0.84580071631110076        1.0823751933959937E-002  0.77899945096034373        9.7315240102367959E-003
  0.10999999940395355       0.99367293927326539        1.4270666090477819E-002  0.84193016083773264        1.0774220251753416E-002  0.77566945600221271        9.6899245895323578E-003
  0.11999999731779099       0.98813985535549054        1.4191202526642719E-002  0.83771134739583375        1.0720231895784742E-002  0.77203794223212652        9.6445584940832128E-003
  0.12999999523162842       0.98216114132543131        1.4105339031521447E-002  0.83314899824887101        1.0661847297083735E-002  0.76810911338672816        9.5954782383860203E-003
  0.14000000059604645       0.97574245056359998        1.4013156796321273E-002  0.82824814894085619        1.0599130895746284E-002  0.76388746140484376        9.5427399372563868E-003
  0.14999999105930328       0.96889468098905629        1.3914812331859637E-002  0.82301628133653471        1.0532178437550842E-002  0.75937932076144132        9.4864227230931214E-003
  0.15999999642372131       0.96162620792711506        1.3810425920642230E-002  0.81745915217313170        1.0461063591737067E-002  0.75458788752204897        9.4265665222253141E-003
  0.17000000178813934       0.95394748421102937        1.3700147681372229E-002  0.81158363003603518        1.0385874255918344E-002  0.74952058143406686        9.3632640246412348E-003
  0.17999999225139618       0.94586815095781862        1.3584116075263901E-002  0.80539694024262243        1.0306702892824312E-002  0.74418177155201060        9.2965698100441960E-003
  0.18999999761581421       0.93740060424419513        1.3462509128974285E-002  0.79890583244703750        1.0223635878099577E-002  0.73857781465217975        9.2265632894288126E-003
  0.19999998807907104       0.92855447901861643        1.3335465215127634E-002  0.79211983882347625        1.0136795195430025E-002  0.73271615375527732        9.1533374435212832E-003
  0.20999999344348907       0.91934247739292962        1.3203166755514499E-002  0.78504630467659386        1.0046274843028131E-002  0.72660217354500467        9.0769595396074428E-003
  0.21999999880790710       0.90977804569872744        1.3065806860061405E-002  0.77769374064352070        9.9521837319214400E-003  0.72024298473361137        8.9975184071041867E-003
  0.22999998927116394       0.89987133042182421        1.2923531247852903E-002  0.77007093517769731        9.8546343283660038E-003  0.71364662331273165        8.9151144343307068E-003
  0.23999999463558197       0.88963652718432962        1.2776543789775552E-002  0.76218651623406419        9.7537370447109435E-003  0.70681971618938499        8.8298304068457085E-003
  0.25000000000000000       0.87908759188936014        1.2625044913983821E-002  0.75405057316244983        9.6496209948451483E-003  0.69976887208480998        8.7417488830249541E-003
  0.25999999046325684       0.86823677476790129        1.2469210552566645E-002  0.74567222371663799        9.5424028590967939E-003  0.69250377410809860        8.6509908275347654E-003
  0.26999998092651367       0.85709859284937795        1.2309249192312140E-002  0.73706117469271770        9.4322068557964218E-003  0.68503134595626247        8.5576427335345550E-003
  0.28000000119209290       0.84568805018335214        1.2145376314363888E-002  0.72822730437988148        9.3191593978799274E-003  0.67735880059642317        8.4617947078435701E-003
  0.28999999165534973       0.83401756383580328        1.1977770246817003E-002  0.71918023014387733        9.2033835592335491E-003  0.66949614322179296        8.3635717387116303E-003
  0.29999998211860657       0.82210311401794045        1.1806660489992165E-002  0.70993120999671799        9.0850234091716317E-003  0.66145035450048340        8.2630610310003624E-003
  0.31000000238418579       0.80995816192748549        1.1632240367316294E-002  0.70049004004335247        8.9642043089144651E-003  0.65323089621433950        8.1603807844813914E-003
  0.31999999284744263       0.79759809167914042        1.1454730818250792E-002  0.69086772476862524        8.8410670833771656E-003  0.64484562605651830        8.0556291601091706E-003
  0.32999998331069946       0.78503769811246493        1.1274344319363042E-002  0.68107310511199826        8.7157248704819289E-003  0.63630334060739679        7.9489160477341399E-003
  0.34000000357627869       0.77229183504720578        1.1091294194266252E-002  0.67111878811918768        8.5883390031914614E-003  0.62761339280217132        7.8403582873788520E-003
  0.34999999403953552       0.75937674787966636        1.0905813751745425E-002  0.66101477490382576        8.4590374662318960E-003  0.61878419951725194        7.7300610255036364E-003
  0.35999998450279236       0.74630480359425666        1.0718080600647592E-002  0.65077177227591909        8.3279572751593402E-003  0.60982396251995330        7.6181267213534512E-003
  0.37000000476837158       0.73309214795317279        1.0528326618859309E-002  0.64040050692121653        8.1952356998807475E-003  0.60074289407036252        7.5046829499273637E-003
  0.37999999523162842       0.71975371237353025        1.0336766244410909E-002  0.62991179884360549        8.0610112044997035E-003  0.59154929429722325        7.3898333992344634E-003
  0.38999998569488525       0.70630423165464107        1.0143611091599803E-002  0.61931635765862381        7.9254208404748502E-003  0.58225146907019432        7.2736818290012979E-003
  0.39999997615814209       0.69275837486217118        9.9490718306875121E-003  0.60862488813297611        7.7886015972140760E-003  0.57285956799143645        7.1563550314829878E-003
  0.40999999642372131       0.67913170990974270        9.7533720407695663E-003  0.59784740482950371        7.6506816315536613E-003  0.56338182808460235        7.0379559063585310E-003
  0.41999998688697815       0.66543653620187104        9.5566883601421546E-003  0.58699577708099104        7.5118128359089320E-003  0.55382718312348722        6.9185960573448337E-003
  0.42999997735023499       0.65168811324049603        9.3592399386364534E-003  0.57607984871272278        7.3721211821795212E-003  0.54420385244187452        6.7983781631330885E-003
  0.43999999761581421       0.63790040114958446        9.1612272650248017E-003  0.56510997908703964        7.2317392396172939E-003  0.53452133574671568        6.6774208972681373E-003
  0.44999998807907104       0.62408725877758875        8.9628493736079833E-003  0.55409650726559534        7.0907993176852254E-003  0.52478847133973394        6.5558346707975538E-003
  0.45999997854232788       0.61026254236301591        8.7643052612039543E-003  0.54304954061876154        6.9494307608819758E-003  0.51501295976914907        6.4337156815682129E-003
  0.46999999880790710       0.59643873467825426        8.5657741995525272E-003  0.53197903792790824        6.8077610122056712E-003  0.50520428211711610        6.3111823704577073E-003
  0.47999998927116394       0.58262983949196168        8.3674573042306945E-003  0.52089489486950402        6.6659167070980329E-003  0.49537034447077538        6.1883335029744814E-003
  0.48999997973442078       0.56884734534268555        8.1695195682568011E-003  0.50980672875190580        6.5240209187108341E-003  0.48551936539590290        6.0652717482155023E-003
  0.50000000000000000       0.55510360012164106        7.9721383262703061E-003  0.49872397987155864        6.3821944549659979E-003  0.47565893821434446        5.9420919645195918E-003
  0.50999999046325684       0.54141284605379703        7.7755181184462454E-003  0.48765548775804857        6.2405504357434414E-003  0.46579806332686530        5.8189065879302422E-003
  0.51999998092651367       0.52778370639169037        7.5797827879051276E-003  0.47661125878544386        6.0992169130873073E-003  0.45594403115423143        5.6958066928437792E-003
  0.52999997138977051       0.51422965445814184        7.3851258322088957E-003  0.46559962277384231        5.9583004841009847E-003  0.44610449074437364        5.5728878337480709E-003
  0.53999996185302734       0.50076010901171009        7.1916825191635260E-003  0.45462955233175628        5.8179159716817098E-003  0.43628691932458114        5.4502434186895678E-003
  0.55000001192092896       0.48738701151491115        6.9996243464696076E-003  0.44370828732400314        5.6781560247233841E-003  0.42649739741542592        5.3279494075830968E-003
  0.56000000238418579       0.47412036696569321        6.8090950012291030E-003  0.43284475690284252        5.5391349100115082E-003  0.41674582749589967        5.2061295055377413E-003
  0.56999999284744263       0.46096821700137497        6.6202099736767332E-003  0.42204674682851234        5.4009522622896081E-003  0.40703691247048851        5.0848424628233196E-003
  0.57999998331069946       0.44794176502599481        6.4331301618623399E-003  0.41132246429203978        5.2637131093710076E-003  0.39737800968676618        4.9641801899084166E-003
  0.58999997377395630       0.43504850115826366        6.2479631353683099E-003  0.40067794679085617        5.1274947133970713E-003  0.38777660342859493        4.8442361829925708E-003
  0.59999996423721313       0.42229870256802338        6.0648564901020765E-003  0.39012186808585453        4.9924080728978555E-003  0.37823664372409593        4.7250597871599737E-003
  0.61000001430511475       0.40969812613530865        5.8838929036826582E-003  0.37965890371729161        4.8585130209840783E-003  0.36876588608870198        4.6067478869264746E-003
  0.62000000476837158       0.39725630113970339        5.7052092311673337E-003  0.36929665509126708        4.7259068332105832E-003  0.35936992073573315        4.4893703171232525E-003
  0.62999999523162842       0.38497899723878576        5.5288883336802267E-003  0.35904182290951775        4.5946752587757173E-003  0.35005431614582888        4.3729966410895075E-003
  0.63999998569488525       0.37287425690708470        5.3550457134796765E-003  0.34889909313285927        4.4648782641425700E-003  0.34082502955633626        4.2577012786444123E-003
  0.64999997615814209       0.36094708989031427        5.1837533181909659E-003  0.33887464908466047        4.3365949775939555E-003  0.33168609183956266        4.1435345848050247E-003
  0.65999996662139893       0.34920463021111270        5.0151136033111951E-003  0.32897434365115585        4.2099002987929564E-003  0.32264300095449916        4.0305652419303116E-003
  0.66999995708465576       0.33765143374300255        4.8491919981654722E-003  0.31920202065950520        4.0848434173782842E-003  0.31370044783389672        3.9188518507351396E-003
  0.68000000715255737       0.32629290590258458        4.6860661328193276E-003  0.30956344030696481        3.9614980468677874E-003  0.30486336518454793        3.8084560322572607E-003
  0.68999999761581421       0.31513291796197057        4.5257916046725320E-003  0.30006199604821460        3.8399076134621561E-003  0.29613500080112687        3.6994183590437000E-003
  0.69999998807907104       0.30417676017616302        4.3684443898935913E-003  0.29070228514246615        3.7201309485058454E-003  0.28751981597127924        3.5917945630051578E-003
  0.70999997854232788       0.29342697657841810        4.2140610246984905E-003  0.28148810465374563        3.6022166432075268E-003  0.27902154637677290        3.4856313115388697E-003
  0.71999996900558472       0.28288900311298054        4.0627195775765059E-003  0.27242348638359376        3.4862162927229833E-003  0.27064419628582076        3.3809786273145646E-003
  0.72999995946884155       0.27256272588438885        3.9144184128142769E-003  0.26351090956892770        3.3721616239647902E-003  0.26239000526880413        3.2778644878011750E-003
  0.74000000953674316       0.26245214094783464        3.7692149198878125E-003  0.25475365219541435        3.2600945854711905E-003  0.25426246277518244        3.1763324843788461E-003
  0.75000000000000000       0.25255951655787084        3.6271416744083278E-003  0.24615375261126743        3.1500412620810783E-003  0.24626445580969780        3.0764186824850147E-003
  0.75999999046325684       0.24288710350873624        3.4882310012301593E-003  0.23771454914834969        3.0420443745858474E-003  0.23839927452532772        2.9781641838209222E-003
  0.76999998092651367       0.23343608100472524        3.3524998355339572E-003  0.22943711993070404        2.9361177197900681E-003  0.23066738562675232        2.8815748186189166E-003
  0.77999997138977051       0.22420680747676897        3.2199533249371473E-003  0.22132379713138506        2.8322911426230785E-003  0.22307227146321124        2.7866940895608016E-003
  0.78999996185302734       0.21519979705923600        3.0905988531971006E-003  0.21337613930019556        2.7305845879207181E-003  0.21561551712072535        2.6935417980760261E-003
  0.79999995231628418       0.20641595812489000        2.9644494659386874E-003  0.20559592737301086        2.6310208464039647E-003  0.20829953231198936        2.6021480471087144E-003
  0.81000000238418579       0.19785578527184317        2.8415122663487005E-003  0.19798320178700612        2.5336004355492681E-003  0.20112348133425878        2.5125023967781804E-003
  0.81999999284744263       0.18951807701797896        2.7217699993028269E-003  0.19053933892059916        2.4383409689366048E-003  0.19409211547647826        2.4246642017892151E-003
  0.82999998331069946       0.18140354517263191        2.6052328874738716E-003  0.18326486068044684        2.3452491254302458E-003  0.18720256226106755        2.3385975781825899E-003
  0.83999997377395630       0.17351018587680608        2.4918721523759829E-003  0.17616056265827434        2.2543350862552821E-003  0.18045903835936228        2.2543552020395144E-003
  0.84999996423721313       0.16583667329889407        2.3816687530355983E-003  0.16922562918010264        2.1655884131930752E-003  0.17385927961455858        2.1719087887491703E-003
  0.85999995470046997       0.15838212475343597        2.2746100127369129E-003  0.16246042067803060        2.0790137187102994E-003  0.16740589515864449        2.0912909324687871E-003
  0.87000000476837158       0.15114534586962866        2.1706787784849589E-003  0.15586576330783694        1.9946215751616972E-003  0.16109881971658296        2.0125008177605801E-003
  0.87999999523162842       0.14412433892508067        2.0698463599249368E-003  0.14943885255186379        1.9123760930016139E-003  0.15493734140446722        1.9355295515305624E-003
  0.88999998569488525       0.13731585642683336        1.9720661180815694E-003  0.14318013222881898        1.8322829517991269E-003  0.14892176729758180        1.8603809698668056E-003
  0.89999997615814209       0.13071886657746551        1.8773232347627860E-003  0.13708871120197283        1.7543307476351863E-003  0.14305183877270197        1.7870518419607201E-003
  0.90999996662139893       0.12432988244914780        1.7855676323416645E-003  0.13116395797581817        1.6785113992317971E-003  0.13732755380042719        1.7155421424603469E-003
  0.91999995708465576       0.11814669164932413        1.6967675374708791E-003  0.12540376212537668        1.6047978993802888E-003  0.13174749894437049        1.6458342142413858E-003
  0.93000000715255737       0.11216685762399760        1.6108879575013136E-003  0.11980713605906157        1.5331776098242217E-003  0.12631200565843509        1.5779321979378412E-003
  0.93999999761581421       0.10638722937697458        1.5278836392991087E-003  0.11437302270395981        1.4636370031513308E-003  0.12101827867445311        1.5118011741165145E-003
  0.94999998807907104       0.10080354583581293        1.4476933873344179E-003  0.10909885275174760        1.3961431998009755E-003  0.11586768373294000        1.4474582040687838E-003
  0.95999997854232788        9.5413717220266314E-002   1.3702871891605791E-003  0.10398322892986568        1.3306783188098607E-003  0.11085761361259139        1.3848707175063279E-003
  0.96999996900558472        9.0213378426714480E-002   1.2956023552006127E-003   9.9024202375287348E-002   1.2672174204852804E-003  0.10598786468689553        1.3240361706580424E-003
  0.97999995946884155        8.5199445378472627E-002   1.2235945933873509E-003   9.4220117943705051E-002   1.2057393238669269E-003  0.10125514370395691        1.2649134231099669E-003
  0.98999994993209839        8.0368719807658362E-002   1.1542179716930543E-003   8.9567972554053021E-002   1.1462055983837880E-003   9.6660287078110363E-002   1.2075129236322100E-003
   1.0000000000000000        7.5717256591184792E-002   1.0874158321047698E-003   8.5066529956245210E-002   1.0886004236847970E-003   9.2200259250701883E-002   1.1517967510017400E-003
