 kt up dp u1 d1 u2 d2
   0.0000000000000000        0.0000000000000000        0.0000000000000000        0.0000000000000000        0.0000000000000000        0.0000000000000000        0.0000000000000000     
   9.9999997764825821E-003  0.15387605549322267        3.4330257479941030E-003  0.12784032891773142        2.5530443273378950E-003  0.11187185383975615        2.3458565523229724E-003
   1.9999999552965164E-002  0.15382889795624499        3.4319736477297878E-003  0.12780936659731712        2.5524259921289334E-003  0.11184905961426873        2.3453785770201642E-003
   2.9999999329447746E-002  0.15372572076943342        3.4296717305289950E-003  0.12773553591550366        2.5509515512777319E-003  0.11179055954859334        2.3441518809597540E-003
   3.9999999105930328E-002  0.15355568605709963        3.4258781997965910E-003  0.12760907474447350        2.5484260495204983E-003  0.11168734771487480        2.3419876175807572E-003
   4.9999997019767761E-002  0.15334182135656460        3.4211068075148602E-003  0.12745068049266112        2.5452628259157420E-003  0.11155847948187843        2.3392853615763660E-003
   5.9999998658895493E-002  0.15308198624713612        3.4153098001894404E-003  0.12725836859423331        2.5414222475511725E-003  0.11140210071935992        2.3360062334301258E-003
   7.0000000298023224E-002  0.15278313376803768        3.4086423024276319E-003  0.12703832990866182        2.5370279494235878E-003  0.11122388436855997        2.3322691898404659E-003
   7.9999998211860657E-002  0.15242813828660504        3.4007222356942242E-003  0.12677505447067738        2.5317701886749737E-003  0.11100949832440070        2.3277736988911689E-003
   8.9999996125698090E-002  0.15202858630220017        3.3918080986263927E-003  0.12647888134730645        2.5258554423743841E-003  0.11076842704129831        2.3227186414336177E-003
   9.9999994039535522E-002  0.15158434788235864        3.3818969923878309E-003  0.12614958563323922        2.5192792190344314E-003  0.11050041467219565        2.3170986525750835E-003
  0.10999999940395355       0.15109562787236011        3.3709934871445548E-003  0.12578723125871388        2.5120427953784562E-003  0.11020546559948406        2.3109138242105413E-003
  0.11999999731779099       0.15056986450863338        3.3592635324141678E-003  0.12539838630057867        2.5042773396495390E-003  0.10988957337469064        2.3042898359603692E-003
  0.12999999523162842       0.14999176399182221        3.3463659184691011E-003  0.12496913179622345        2.4957048822207592E-003  0.10953984529776375        2.2969563389936931E-003
  0.14000000059604645       0.14937110895274883        3.3325188990421251E-003  0.12450812595487150        2.4864983324715752E-003  0.10916419132609180        2.2890791983134718E-003
  0.14999999105930328       0.14870846062480464        3.3177349954360310E-003  0.12401570884443892        2.4766644817523463E-003  0.10876284956219717        2.2806634067248080E-003
  0.15999999642372131       0.14800442908034794        3.3020278185671363E-003  0.12349225593025477        2.4662108283199755E-003  0.10833608690378448        2.2717145608429990E-003
  0.17000000178813934       0.14725967519220073        3.2854121127269195E-003  0.12293817937676482        2.4551456033336653E-003  0.10788419997662906        2.2622388806554225E-003
  0.17999999225139618       0.14647493488378949        3.2679042966106998E-003  0.12235394890738080        2.4434781874380241E-003  0.10740753358425507        2.2522435963954137E-003
  0.18999999761581421       0.14565685706347559        3.2496527095655404E-003  0.12174535175056565        2.4313241548882428E-003  0.10691132904670633        2.2418386140361487E-003
  0.19999998807907104       0.14479367807620863        3.2303949005521981E-003  0.12110158377286979        2.4184677409733830E-003  0.10638553428303829        2.2308131500861652E-003
  0.20999999344348907       0.14389328130149495        3.2103067503777278E-003  0.12042952804214174        2.4050464044865654E-003  0.10583639274542628        2.2192981243674987E-003
  0.21999999880790710       0.14295655460862994        3.1894080677000937E-003  0.11972976020371642        2.3910716413936533E-003  0.10526433206327571        2.2073025039009639E-003
  0.22999998927116394       0.14198441772228826        3.1677193718813146E-003  0.11900287892471299        2.3765554074186776E-003  0.10466979839625856        2.1948356442711378E-003
  0.23999999463558197       0.14097787166117862        3.1452629959802356E-003  0.11824954970036089        2.3615109928811664E-003  0.10405329614497882        2.1819081223248388E-003
  0.25000000000000000       0.13993793824802556        3.1220617372001696E-003  0.11747045128243513        2.3459519528414353E-003  0.10341533919872471        2.1685307138784404E-003
  0.25999999046325684       0.13886566267098255        3.0981389140348993E-003  0.11666627879055701        2.3298921692350297E-003  0.10275645411081268        2.1547144603020936E-003
  0.26999998092651367       0.13776209774637754        3.0735180151652964E-003  0.11583773108075901        2.3133455986157538E-003  0.10207716924115399        2.1404704408486816E-003
  0.28000000119209290       0.13663304807633755        3.0483285431867763E-003  0.11498978301453947        2.2964115918069003E-003  0.10138195139051748        2.1258923204883649E-003
  0.28999999165534973       0.13546971601843927        3.0223742197838886E-003  0.11411425278331064        2.2789267534215904E-003  0.10066314001212560        2.1108194641441748E-003
  0.29999998211860657       0.13427854876936612        2.9957988840493724E-003  0.11321668947195904        2.2610019018518813E-003   9.9925728403778669E-002   2.0953565769761691E-003
  0.31000000238418579       0.13306068720612535        2.9686279893270137E-003  0.11229786049562457        2.2426523628160905E-003   9.9170301673118119E-002   2.0795159281883314E-003
  0.31999999284744263       0.13181731652248901        2.9408879776823007E-003  0.11135857054552492        2.2238942064570695E-003   9.8397477593676577E-002   2.0633104719602830E-003
  0.32999998331069946       0.13054961995956985        2.9126052476162395E-003  0.11039962371388985        2.2047434909555474E-003   9.7607873610927556E-002   2.0467531555925273E-003
  0.34000000357627869       0.12925877750196563        2.8838061249759116E-003  0.10942182114601326        2.1852162156402585E-003   9.6802104011878762E-002   2.0298568601552621E-003
  0.34999999403953552       0.12794600566358197        2.8545177505893519E-003  0.10842599631312316        2.1653290254072897E-003   9.5980812153309447E-002   2.0126350762867825E-003
  0.35999998450279236       0.12661250065808682        2.8247668123795662E-003  0.10741296680989598        2.1450982480889316E-003   9.5144627441304336E-002   1.9951010020913249E-003
  0.37000000476837158       0.12525948742859327        2.7945806392330069E-003  0.10638357782015224        2.1245407624884325E-003   9.4294205029078801E-002   1.9772683755683120E-003
  0.37999999523162842       0.12388819646811050        2.7639866838561379E-003  0.10533868001939609        2.1036735570810921E-003   9.3430204778168671E-002   1.9591510334465885E-003
  0.38999998569488525       0.12250368334169726        2.7330977375793603E-003  0.10428257457457865        2.0825825286256120E-003   9.2556468619768406E-002   1.9408295377188020E-003
  0.39999997615814209       0.12109913167178112        2.7017617247620676E-003  0.10320887150748836        2.0611400656103270E-003   9.1666985995934480E-002   1.9221778521546472E-003
  0.40999999642372131       0.11967998592125960        2.6701001131742169E-003  0.10212222861128380        2.0394391868228316E-003   9.0765929335083956E-002   1.9032834689892617E-003
  0.41999998688697815       0.11824745403042931        2.6381398523637892E-003  0.10102349049785772        2.0174967596446490E-003   8.9853957582180177E-002   1.8841602057317556E-003
  0.42999997735023499       0.11680278803681717        2.6059088757025752E-003   9.9913492803432397E-002   1.9953294722080358E-003   8.8931724315846644E-002   1.8648217673637134E-003
  0.43999999761581421       0.11534739832609374        2.5734386493618754E-003   9.8793080520817006E-002   1.9729541995016290E-003   8.7999893175574009E-002   1.8452820698344476E-003
  0.44999998807907104       0.11388213086749313        2.5407480471954084E-003   9.7663101050702320E-002   1.9503878646008391E-003   8.7059131382397084E-002   1.8255551041951679E-003
  0.45999997854232788       0.11240828764112235        2.5078661168104663E-003   9.6524540315574961E-002   1.9276501569403944E-003   8.6110094364415316E-002   1.8056546142093807E-003
  0.46999999880790710       0.11092687305992370        2.4748152669923622E-003   9.5378075548135891E-002   1.9047546012438289E-003   8.5153440288719406E-002   1.7855944010748751E-003
  0.47999998927116394       0.10943906686510843        2.4416218181581434E-003   9.4224577233207471E-002   1.8817185815898356E-003   8.4189954996396185E-002   1.7653909432033294E-003
  0.48999997973442078       0.10794606130417678        2.4083123697443026E-003   9.3064760202171040E-002   1.8585563735690554E-003   8.3220165846566205E-002   1.7450552988619119E-003
  0.50000000000000000       0.10644889572238118        2.3749101098875600E-003   9.1899480314249715E-002   1.8352850691786156E-003   8.2244677213384187E-002   1.7246001412568135E-003
  0.50999999046325684       0.10494873803054983        2.3414410950652049E-003   9.0729490133400467E-002   1.8119196975502282E-003   8.1264152566020431E-002   1.7040393827658800E-003
  0.51999998092651367       0.10344667149586974        2.3079294933268553E-003   8.9555622735262061E-002   1.7884768956798352E-003   8.0279145920873665E-002   1.6833846406364692E-003
  0.52999997138977051       0.10194361127781003        2.2743957221832878E-003   8.8378602735755332E-002   1.7649711345609190E-003   7.9290367107042709E-002   1.6626507993742514E-003
  0.53999996185302734       0.10044069894168745        2.2408652503347025E-003   8.7199240593372751E-002   1.7414185995121047E-003   7.8298417146845642E-002   1.6418504619002885E-003
  0.55000001192092896        9.8938864854205777E-002   2.2073588345703160E-003   8.6018229489472742E-002   1.7178331337607184E-003   7.7303855669813987E-002   1.6209953631645116E-003
  0.56000000238418579        9.7439165373223599E-002   2.1739000425837220E-003   8.4836341854083605E-002   1.6942301631752558E-003   7.6307332009479270E-002   1.6000991191325699E-003
  0.56999999284744263        9.5942483627487474E-002   2.1405085772696732E-003   8.3654312554885688E-002   1.6706243634826848E-003   7.5309356043185283E-002   1.5791724214938138E-003
  0.57999998331069946        9.4449846005441707E-002   2.1072073376942032E-003   8.2472799745595238E-002   1.6470288783883278E-003   7.4310585359327108E-002   1.5582290593112876E-003
  0.58999997377395630        9.2962029114070685E-002   2.0740136502162823E-003   8.1292536155815720E-002   1.6234583409205374E-003   7.3311553862688686E-002   1.5372802281090870E-003
  0.59999996423721313        9.1479919736230902E-002   2.0409472992550608E-003   8.0114148529875084E-002   1.5999252675212281E-003   7.2312832716601980E-002   1.5163379046910180E-003
  0.61000001430511475        9.0004450981370748E-002   2.0080291027912921E-003   7.8938271814037675E-002   1.5764423384296621E-003   7.1314921841920703E-002   1.4954125719673958E-003
  0.62000000476837158        8.8536260018797122E-002   1.9752732762831860E-003   7.7765646183441575E-002   1.5530243353657708E-003   7.0318352149146876E-002   1.4745153626748008E-003
  0.62999999523162842        8.7076352841383015E-002   1.9427022637648378E-003   7.6596805898828502E-002   1.5296819278214668E-003   6.9323707546692773E-002   1.4536585208704111E-003
  0.63999998569488525        8.5625319775352454E-002   1.9103292356097640E-003   7.5432391967121676E-002   1.5064279170708345E-003   6.8331428778973455E-002   1.4328512885855196E-003
  0.64999997615814209        8.4183899243973098E-002   1.8781706662855668E-003   7.4272944266617028E-002   1.4832730847915536E-003   6.7342039803091364E-002   1.4121046527498990E-003
  0.65999996662139893        8.2752876123009758E-002   1.8462440666304409E-003   7.3119064691379881E-002   1.4602294511516084E-003   6.6355982223725254E-002   1.3914278734338348E-003
  0.66999995708465576        8.1332731054044913E-002   1.8145601599172372E-003   7.1971255523283872E-002   1.4373070470066699E-003   6.5373708478492026E-002   1.3708304378650014E-003
  0.68000000715255737        7.9924302227535021E-002   1.7831376464525696E-003   7.0830071737209538E-002   1.4145169555218316E-003   6.4395747970432682E-002   1.3503234471698245E-003
  0.68999999761581421        7.8527988367834117E-002   1.7519854219088017E-003   6.9695990641920710E-002   1.3918687088255049E-003   6.3422433959416116E-002   1.3299138895211111E-003
  0.69999998807907104        7.7144559358974088E-002   1.7211206626535996E-003   6.8569477240183599E-002   1.3693715932883111E-003   6.2454221402561988E-002   1.3096113049783447E-003
  0.70999997854232788        7.5774341465735348E-002   1.6905506477622448E-003   6.7451103272252566E-002   1.3470370268894236E-003   6.1491548569109267E-002   1.2894248836705050E-003
  0.71999996900558472        7.4418045520725049E-002   1.6602912361455664E-003   6.6341153158296320E-002   1.3248706896619314E-003   6.0534793571960871E-002   1.2693625542999451E-003
  0.72999995946884155        7.3076042407500041E-002   1.6303507023385198E-003   6.5240204850536943E-002   1.3028841236415463E-003   5.9584298871913473E-002   1.2494314979750146E-003
  0.74000000953674316        7.1748668424525222E-002   1.6007365492712103E-003   6.4148499312504131E-002   1.2810821410074785E-003   5.8640443686850653E-002   1.2296396665685636E-003
  0.75000000000000000        7.0436553207152072E-002   1.5714628243168084E-003   6.3066583674303636E-002   1.2594756682601850E-003   5.7703561065327230E-002   1.2099940438223249E-003
  0.75999999046325684        6.9139875819932556E-002   1.5425335224647570E-003   6.1994661819185157E-002   1.2380687770645210E-003   5.6773964688918203E-002   1.1905012073691235E-003
  0.76999998092651367        6.7859186153099924E-002   1.5139609119482369E-003   6.0933179099073323E-002   1.2168703613525847E-003   5.5852036177624589E-002   1.1711691594521437E-003
  0.77999997138977051        6.6594713042010811E-002   1.4857500981598230E-003   5.9882445327605963E-002   1.1958866082795346E-003   5.4937975315134273E-002   1.1520020893634848E-003
  0.78999996185302734        6.5346660078296606E-002   1.4579056232962206E-003   5.8842727927794866E-002   1.1751228584355369E-003   5.4032113637888499E-002   1.1330069491371580E-003
  0.79999995231628418        6.4115486959623616E-002   1.4304377433645775E-003   5.7814343124347745E-002   1.1545854270084742E-003   5.3134737418935388E-002   1.1141897416727567E-003
  0.81000000238418579        6.2901242538410743E-002   1.4033475482785362E-003   5.6797514162406970E-002   1.1342787723312435E-003   5.2246080261020400E-002   1.0955553654189254E-003
  0.81999999284744263        6.1704342764794903E-002   1.3766443180233765E-003   5.5792557112274051E-002   1.1142092065081529E-003   5.1366379590458887E-002   1.0771087990012846E-003
  0.82999998331069946        6.0524876950026611E-002   1.3503300451626649E-003   5.4799577809198204E-002   1.0943788431295265E-003   5.0495872235126249E-002   1.0588550084966821E-003
  0.83999997377395630        5.9362924690600255E-002   1.3244065055205533E-003   5.3818853727250739E-002   1.0747932235109247E-003   4.9634739269307268E-002   1.0407977908771248E-003
  0.84999996423721313        5.8218801170541117E-002   1.2988807309569994E-003   5.2850640377859456E-002   1.0554574503613807E-003   4.8783166987517508E-002   1.0229410525783695E-003
  0.85999995470046997        5.7092450523583388E-002   1.2737514750771203E-003   5.1894973116679316E-002   1.0363722297535042E-003   4.7941413460820551E-002   1.0052902051286483E-003
  0.87000000476837158        5.5984130385395667E-002   1.2490244858179864E-003   5.0952133778846505E-002   1.0175431900958070E-003   4.7109526929182952E-002   9.8784626007856861E-004
  0.87999999523162842        5.4893756196314994E-002   1.2246978766255186E-003   5.0022136797063813E-002   9.9897061961760078E-004   4.6287726478142582E-002   9.7061381146341973E-004
  0.88999998569488525        5.3821537647472141E-002   1.2007763257782746E-003   4.9105227938721359E-002   9.8065942643392489E-004   4.5476197417140075E-002   9.5359674506278504E-004
  0.89999997615814209        5.2767368652369431E-002   1.1772574664513659E-003   4.8201379704616028E-002   9.6260906137000328E-004   4.4674964123497467E-002   9.3679557204813947E-004
  0.90999996662139893        5.1731328703533017E-002   1.1541430721493716E-003   4.7310769729822108E-002   9.4482307189964196E-004   4.3884206488985507E-002   9.2021406459518948E-004
  0.91999995708465576        5.0713418306997250E-002   1.1314331541620853E-003   4.6433460117543138E-002   9.2730269825926157E-004   4.3104016143067261E-002   9.0385414409496171E-004
  0.93000000715255737        4.9713487710479697E-002   1.1091243714665021E-003   4.5569472944567029E-002   9.1004838133491406E-004   4.2334456404129819E-002   8.8771713827957442E-004
  0.93999999761581421        4.8731665994892509E-002   1.0872196039005120E-003   4.4718890955632411E-002   8.9306177358625387E-004   4.1575604752382624E-002   8.7180467184237666E-004
  0.94999998807907104        4.7767750297681731E-002   1.0657143255333643E-003   4.3881708134298460E-002   8.7634275486152139E-004   4.0827583840418263E-002   8.5611931670273838E-004
  0.95999997854232788        4.6821729510854719E-002   1.0446082885420670E-003   4.3057991755746192E-002   8.5989266868447900E-004   4.0090350628099347E-002   8.4066017034599991E-004
  0.96999996900558472        4.5893514467917854E-002   1.0238995035926246E-003   4.2247646451562815E-002   8.4370961049349408E-004   3.9363998330919650E-002   8.2542918742088906E-004
  0.97999995946884155        4.4982897930757305E-002   1.0035833471340964E-003   4.1450721825754995E-002   8.2779457090889001E-004   3.8648599241014672E-002   8.1042788383130747E-004
  0.98999994993209839        4.4089896557450527E-002   9.8366019081370937E-004   4.0667254925553967E-002   8.1214828978501733E-004   3.7944080770098532E-002   7.9565473746333478E-004
   1.0000000000000000        4.3214301412464066E-002   9.6412537321052794E-004   3.9897089268700191E-002   7.9676764208184698E-004   3.7250515393550294E-002   7.8111126806333251E-004
