 z up dp u1 d1 u2 d2
   0.0000000000000000        0.0000000000000000        0.0000000000000000        0.0000000000000000        0.0000000000000000        0.0000000000000000        0.0000000000000000     
  0.20000000298023224        4.0358529611480343        2.6516736345339296        3.0554356225590014        1.8515262807427884        2.8606209504196314        1.7194022045373716     
  0.25000000000000000        3.0123208197797968        1.9724279042665391        2.2331883942135282        1.3648927110647078        2.0794933872731409        1.2636687327241369     
  0.30000001192092896        2.3037448502570093        1.3756992713328211        1.6538975275833998       0.94480365690334467        1.5267996026724413       0.87209722841613346     
  0.35000002384185791        1.7625825249057643       0.93837042022976291        1.2195930445133543       0.63894240238005751        1.1143667593333380       0.58732250337080905     
  0.40000000596046448        1.3378197367095892       0.64744683390458124       0.89206085365733601       0.43527384686260606       0.80647378706753237       0.39773183937931472     
  0.45000001788139343        1.0108159425033711       0.45977617538393628       0.65109922881616056       0.30369296906520299       0.58273415226975323       0.27539233739200669     
  0.50000000000000000       0.76914994422651384       0.33504206347708781       0.48119653486317715       0.21691409071374398       0.42697257853926124       0.19508363360056641     
  0.55000001192092896       0.59760069545989092       0.24587027271701811       0.36555736200804667       0.15599679611306722       0.32223328565831005       0.13920033480985514     
  0.60000002384185791       0.47789140361533233       0.17749035865832813       0.28773623507237345       0.11034567138812168       0.25247557011992966        9.7786460715685225E-002
  0.64999997615814209       0.39266203991271365       0.12273185115037535       0.23373807414977102        7.4915075487676536E-002  0.20443494710988316        6.5997457181012700E-002
  0.70000004768371582       0.32719179408505999        7.9344908863829708E-002  0.19260617698810406        4.7529656635749477E-002  0.16796424838144491        4.1648389077134404E-002
  0.75000000000000000       0.27054208117169865        4.6461697834383676E-002  0.15712277265988478        2.7265156910146089E-002  0.13653021489741965        2.3764391794769454E-002
  0.80000007152557373       0.21595407814978154        2.3490415798080040E-002  0.12313246561901481        1.3492443063364801E-002  0.10647138115571536        1.1691019817178442E-002
  0.85000002384185791       0.16039779837303711        9.4390906366064418E-003   8.9113193639506039E-002   5.2839467352374433E-003   7.6527704413889189E-002   4.5452007452480769E-003
  0.89999997615814209       0.10365516725312530        2.5075690074736149E-003   5.5458000329534358E-002   1.3568183925766557E-003   4.7147865260857173E-002   1.1552894272613471E-003
