 gamma g3f fuua tmp 
  0.16161616161616163        0.0000000000000000        2915.6159164721862        0.0000000000000000     
  0.16161616161616163        5.0505050505050509E-003   2912.7453785926377        0.0000000000000000     
  0.16161616161616163        1.0101010101010102E-002   2909.8792713562902        0.0000000000000000     
  0.16161616161616163        1.5151515151515152E-002   2907.0179299656138        0.0000000000000000     
  0.16161616161616163        2.0202020202020204E-002   2904.1616750591370        0.0000000000000000     
  0.16161616161616163        2.5252525252525252E-002   2901.3108131400145        0.0000000000000000     
  0.16161616161616163        3.0303030303030304E-002   2898.4656370061648        0.0000000000000000     
  0.16161616161616163        3.5353535353535352E-002   2895.6264261794763        0.0000000000000000     
  0.16161616161616163        4.0404040404040407E-002   2892.7934473320165        0.0000000000000000     
  0.16161616161616163        4.5454545454545456E-002   2889.9669547075796        0.0000000000000000     
  0.16161616161616163        5.0505050505050504E-002   2887.1471905372050        0.0000000000000000     
  0.16161616161616163        5.5555555555555552E-002   2884.3343854475825        0.0000000000000000     
  0.16161616161616163        6.0606060606060608E-002   2881.5287588614656        0.0000000000000000     
  0.16161616161616163        6.5656565656565663E-002   2878.7305193894367        0.0000000000000000     
  0.16161616161616163        7.0707070707070704E-002   2875.9398652124819        0.0000000000000000     
  0.16161616161616163        7.5757575757575760E-002   2873.1569844550104        0.0000000000000000     
  0.16161616161616163        8.0808080808080815E-002   2870.3820555480420        0.0000000000000000     
  0.16161616161616163        8.5858585858585856E-002   2867.6152475823842        0.0000000000000000     
  0.16161616161616163        9.0909090909090912E-002   2864.8567206517023        0.0000000000000000     
  0.16161616161616163        9.5959595959595953E-002   2862.1066261854567        0.0000000000000000     
  0.16161616161616163       0.10101010101010101        2859.3651072717230        0.0000000000000000     
  0.16161616161616163       0.10606060606060606        2856.6322989699802        0.0000000000000000     
  0.16161616161616163       0.11111111111111110        2853.9083286139476        0.0000000000000000     
  0.16161616161616163       0.11616161616161616        2851.1933161046459        0.0000000000000000     
  0.16161616161616163       0.12121212121212122        2848.4873741938090        0.0000000000000000     
  0.16161616161616163       0.12626262626262627        2845.7906087578631        0.0000000000000000     
  0.16161616161616163       0.13131313131313133        2843.1031190626409        0.0000000000000000     
  0.16161616161616163       0.13636363636363635        2840.4249980190752        0.0000000000000000     
  0.16161616161616163       0.14141414141414141        2837.7563324300700        0.0000000000000000     
  0.16161616161616163       0.14646464646464646        2835.0972032287800        0.0000000000000000     
  0.16161616161616163       0.15151515151515152        2832.4476857085469        0.0000000000000000     
  0.16161616161616163       0.15656565656565657        2829.8078497447077        0.0000000000000000     
  0.16161616161616163       0.16161616161616163        2827.1777600085234        0.0000000000000000     
  0.16161616161616163       0.16666666666666666        2824.5574761734606        0.0000000000000000     
  0.16161616161616163       0.17171717171717171        2821.9470531140596        0.0000000000000000     
  0.16161616161616163       0.17676767676767677        2819.3465410976255        0.0000000000000000     
  0.16161616161616163       0.18181818181818182        2816.7559859689654        0.0000000000000000     
  0.16161616161616163       0.18686868686868688        2814.1754293284039        0.0000000000000000     
  0.16161616161616163       0.19191919191919191        2811.6049087032957        0.0000000000000000     
  0.16161616161616163       0.19696969696969696        2809.0444577132516        0.0000000000000000     
  0.16161616161616163       0.20202020202020202        2806.4941062292928        0.0000000000000000     
  0.16161616161616163       0.20707070707070707        2803.9538805271391        0.0000000000000000     
  0.16161616161616163       0.21212121212121213        2801.4238034348355        0.0000000000000000     
  0.16161616161616163       0.21717171717171718        2798.9038944749091        0.0000000000000000     
  0.16161616161616163       0.22222222222222221        2796.3941700012515        0.0000000000000000     
  0.16161616161616163       0.22727272727272727        2793.8946433309120        0.0000000000000000     
  0.16161616161616163       0.23232323232323232        2791.4053248709861        0.0000000000000000     
  0.16161616161616163       0.23737373737373738        2788.9262222407601        0.0000000000000000     
  0.16161616161616163       0.24242424242424243        2786.4573403892987        0.0000000000000000     
  0.16161616161616163       0.24747474747474749        2783.9986817086274        0.0000000000000000     
  0.16161616161616163       0.25252525252525254        2781.5502461426750        0.0000000000000000     
  0.16161616161616163       0.25757575757575757        2779.1120312921262        0.0000000000000000     
  0.16161616161616163       0.26262626262626265        2776.6840325153303        0.0000000000000000     
  0.16161616161616163       0.26767676767676768        2774.2662430254222        0.0000000000000000     
  0.16161616161616163       0.27272727272727271        2771.8586539837738        0.0000000000000000     
  0.16161616161616163       0.27777777777777779        2769.4612545899276        0.0000000000000000     
  0.16161616161616163       0.28282828282828282        2767.0740321681328        0.0000000000000000     
  0.16161616161616163       0.28787878787878790        2764.6969722506087        0.0000000000000000     
  0.16161616161616163       0.29292929292929293        2762.3300586576579        0.0000000000000000     
  0.16161616161616163       0.29797979797979796        2759.9732735747484        0.0000000000000000     
  0.16161616161616163       0.30303030303030304        2757.6265976266654        0.0000000000000000     
  0.16161616161616163       0.30808080808080807        2755.2900099488534        0.0000000000000000     
  0.16161616161616163       0.31313131313131315        2752.9634882560435        0.0000000000000000     
  0.16161616161616163       0.31818181818181818        2750.6470089082704        0.0000000000000000     
  0.16161616161616163       0.32323232323232326        2748.3405469743802        0.0000000000000000     
  0.16161616161616163       0.32828282828282829        2746.0440762931025        0.0000000000000000     
  0.16161616161616163       0.33333333333333331        2743.7575695318060        0.0000000000000000     
  0.16161616161616163       0.33838383838383840        2741.4809982430006        0.0000000000000000     
  0.16161616161616163       0.34343434343434343        2739.2143329186770        0.0000000000000000     
  0.16161616161616163       0.34848484848484851        2736.9575430425657        0.0000000000000000     
  0.16161616161616163       0.35353535353535354        2734.7105971403944        0.0000000000000000     
  0.16161616161616163       0.35858585858585856        2732.4734628282058        0.0000000000000000     
  0.16161616161616163       0.36363636363636365        2730.2461068588264        0.0000000000000000     
  0.16161616161616163       0.36868686868686867        2728.0284951665385        0.0000000000000000     
  0.16161616161616163       0.37373737373737376        2725.8205929100359        0.0000000000000000     
  0.16161616161616163       0.37878787878787878        2723.6223645137084        0.0000000000000000     
  0.16161616161616163       0.38383838383838381        2721.4337737073433        0.0000000000000000     
  0.16161616161616163       0.38888888888888890        2719.2547835642777        0.0000000000000000     
  0.16161616161616163       0.39393939393939392        2717.0853565380735        0.0000000000000000     
  0.16161616161616163       0.39898989898989901        2714.9254544977684        0.0000000000000000     
  0.16161616161616163       0.40404040404040403        2712.7750387617471        0.0000000000000000     
  0.16161616161616163       0.40909090909090912        2710.6340701302988        0.0000000000000000     
  0.16161616161616163       0.41414141414141414        2708.5025089168994        0.0000000000000000     
  0.16161616161616163       0.41919191919191917        2706.3803149782598        0.0000000000000000     
  0.16161616161616163       0.42424242424242425        2704.2674477432092        0.0000000000000000     
  0.16161616161616163       0.42929292929292928        2702.1638662404316        0.0000000000000000     
  0.16161616161616163       0.43434343434343436        2700.0695291251109        0.0000000000000000     
  0.16161616161616163       0.43939393939393939        2697.9843947045242        0.0000000000000000     
  0.16161616161616163       0.44444444444444442        2695.9084209626217        0.0000000000000000     
  0.16161616161616163       0.44949494949494950        2693.8415655836307        0.0000000000000000     
  0.16161616161616163       0.45454545454545453        2691.7837859747146        0.0000000000000000     
  0.16161616161616163       0.45959595959595961        2689.7350392877406        0.0000000000000000     
  0.16161616161616163       0.46464646464646464        2687.6952824401565        0.0000000000000000     
  0.16161616161616163       0.46969696969696972        2685.6644721350499        0.0000000000000000     
  0.16161616161616163       0.47474747474747475        2683.6425648803847        0.0000000000000000     
  0.16161616161616163       0.47979797979797978        2681.6295170074682        0.0000000000000000     
  0.16161616161616163       0.48484848484848486        2679.6252846886682        0.0000000000000000     
  0.16161616161616163       0.48989898989898989        2677.6298239544089        0.0000000000000000     
  0.16161616161616163       0.49494949494949497        2675.6430907094773        0.0000000000000000     
  0.16161616161616163       0.50000000000000000        2673.6650407486550        0.0000000000000000     
