 gamma g3f fuua tmp 
   3.4747474747474749        0.0000000000000000        2915.6159164721862        0.0000000000000000     
   3.4747474747474749        5.0505050505050509E-003   2915.6159154815555        0.0000000000000000     
   3.4747474747474749        1.0101010101010102E-002   2915.6159144909261        0.0000000000000000     
   3.4747474747474749        1.5151515151515152E-002   2915.6159135002954        0.0000000000000000     
   3.4747474747474749        2.0202020202020204E-002   2915.6159125096651        0.0000000000000000     
   3.4747474747474749        2.5252525252525252E-002   2915.6159115190349        0.0000000000000000     
   3.4747474747474749        3.0303030303030304E-002   2915.6159105284050        0.0000000000000000     
   3.4747474747474749        3.5353535353535352E-002   2915.6159095377748        0.0000000000000000     
   3.4747474747474749        4.0404040404040407E-002   2915.6159085471445        0.0000000000000000     
   3.4747474747474749        4.5454545454545456E-002   2915.6159075565138        0.0000000000000000     
   3.4747474747474749        5.0505050505050504E-002   2915.6159065658840        0.0000000000000000     
   3.4747474747474749        5.5555555555555552E-002   2915.6159055752537        0.0000000000000000     
   3.4747474747474749        6.0606060606060608E-002   2915.6159045846243        0.0000000000000000     
   3.4747474747474749        6.5656565656565663E-002   2915.6159035939936        0.0000000000000000     
   3.4747474747474749        7.0707070707070704E-002   2915.6159026033633        0.0000000000000000     
   3.4747474747474749        7.5757575757575760E-002   2915.6159016127335        0.0000000000000000     
   3.4747474747474749        8.0808080808080815E-002   2915.6159006221028        0.0000000000000000     
   3.4747474747474749        8.5858585858585856E-002   2915.6158996314725        0.0000000000000000     
   3.4747474747474749        9.0909090909090912E-002   2915.6158986408427        0.0000000000000000     
   3.4747474747474749        9.5959595959595953E-002   2915.6158976502120        0.0000000000000000     
   3.4747474747474749       0.10101010101010101        2915.6158966595826        0.0000000000000000     
   3.4747474747474749       0.10606060606060606        2915.6158956689519        0.0000000000000000     
   3.4747474747474749       0.11111111111111110        2915.6158946783221        0.0000000000000000     
   3.4747474747474749       0.11616161616161616        2915.6158936876918        0.0000000000000000     
   3.4747474747474749       0.12121212121212122        2915.6158926970616        0.0000000000000000     
   3.4747474747474749       0.12626262626262627        2915.6158917064313        0.0000000000000000     
   3.4747474747474749       0.13131313131313133        2915.6158907158015        0.0000000000000000     
   3.4747474747474749       0.13636363636363635        2915.6158897251707        0.0000000000000000     
   3.4747474747474749       0.14141414141414141        2915.6158887345418        0.0000000000000000     
   3.4747474747474749       0.14646464646464646        2915.6158877439107        0.0000000000000000     
   3.4747474747474749       0.15151515151515152        2915.6158867532808        0.0000000000000000     
   3.4747474747474749       0.15656565656565657        2915.6158857626506        0.0000000000000000     
   3.4747474747474749       0.16161616161616163        2915.6158847720203        0.0000000000000000     
   3.4747474747474749       0.16666666666666666        2915.6158837813905        0.0000000000000000     
   3.4747474747474749       0.17171717171717171        2915.6158827907602        0.0000000000000000     
   3.4747474747474749       0.17676767676767677        2915.6158818001300        0.0000000000000000     
   3.4747474747474749       0.18181818181818182        2915.6158808094997        0.0000000000000000     
   3.4747474747474749       0.18686868686868688        2915.6158798188699        0.0000000000000000     
   3.4747474747474749       0.19191919191919191        2915.6158788282396        0.0000000000000000     
   3.4747474747474749       0.19696969696969696        2915.6158778376089        0.0000000000000000     
   3.4747474747474749       0.20202020202020202        2915.6158768469791        0.0000000000000000     
   3.4747474747474749       0.20707070707070707        2915.6158758563492        0.0000000000000000     
   3.4747474747474749       0.21212121212121213        2915.6158748657185        0.0000000000000000     
   3.4747474747474749       0.21717171717171718        2915.6158738750883        0.0000000000000000     
   3.4747474747474749       0.22222222222222221        2915.6158728844584        0.0000000000000000     
   3.4747474747474749       0.22727272727272727        2915.6158718938282        0.0000000000000000     
   3.4747474747474749       0.23232323232323232        2915.6158709031988        0.0000000000000000     
   3.4747474747474749       0.23737373737373738        2915.6158699125672        0.0000000000000000     
   3.4747474747474749       0.24242424242424243        2915.6158689219378        0.0000000000000000     
   3.4747474747474749       0.24747474747474749        2915.6158679313071        0.0000000000000000     
   3.4747474747474749       0.25252525252525254        2915.6158669406768        0.0000000000000000     
   3.4747474747474749       0.25757575757575757        2915.6158659500475        0.0000000000000000     
   3.4747474747474749       0.26262626262626265        2915.6158649594172        0.0000000000000000     
   3.4747474747474749       0.26767676767676768        2915.6158639687869        0.0000000000000000     
   3.4747474747474749       0.27272727272727271        2915.6158629781567        0.0000000000000000     
   3.4747474747474749       0.27777777777777779        2915.6158619875264        0.0000000000000000     
   3.4747474747474749       0.28282828282828282        2915.6158609968970        0.0000000000000000     
   3.4747474747474749       0.28787878787878790        2915.6158600062654        0.0000000000000000     
   3.4747474747474749       0.29292929292929293        2915.6158590156356        0.0000000000000000     
   3.4747474747474749       0.29797979797979796        2915.6158580250053        0.0000000000000000     
   3.4747474747474749       0.30303030303030304        2915.6158570343755        0.0000000000000000     
   3.4747474747474749       0.30808080808080807        2915.6158560437457        0.0000000000000000     
   3.4747474747474749       0.31313131313131315        2915.6158550531150        0.0000000000000000     
   3.4747474747474749       0.31818181818181818        2915.6158540624851        0.0000000000000000     
   3.4747474747474749       0.32323232323232326        2915.6158530718553        0.0000000000000000     
   3.4747474747474749       0.32828282828282829        2915.6158520812255        0.0000000000000000     
   3.4747474747474749       0.33333333333333331        2915.6158510905948        0.0000000000000000     
   3.4747474747474749       0.33838383838383840        2915.6158500999645        0.0000000000000000     
   3.4747474747474749       0.34343434343434343        2915.6158491093347        0.0000000000000000     
   3.4747474747474749       0.34848484848484851        2915.6158481187044        0.0000000000000000     
   3.4747474747474749       0.35353535353535354        2915.6158471280742        0.0000000000000000     
   3.4747474747474749       0.35858585858585856        2915.6158461374444        0.0000000000000000     
   3.4747474747474749       0.36363636363636365        2915.6158451468136        0.0000000000000000     
   3.4747474747474749       0.36868686868686867        2915.6158441561838        0.0000000000000000     
   3.4747474747474749       0.37373737373737376        2915.6158431655535        0.0000000000000000     
   3.4747474747474749       0.37878787878787878        2915.6158421749233        0.0000000000000000     
   3.4747474747474749       0.38383838383838381        2915.6158411842935        0.0000000000000000     
   3.4747474747474749       0.38888888888888890        2915.6158401936632        0.0000000000000000     
   3.4747474747474749       0.39393939393939392        2915.6158392030334        0.0000000000000000     
   3.4747474747474749       0.39898989898989901        2915.6158382124027        0.0000000000000000     
   3.4747474747474749       0.40404040404040403        2915.6158372217728        0.0000000000000000     
   3.4747474747474749       0.40909090909090912        2915.6158362311426        0.0000000000000000     
   3.4747474747474749       0.41414141414141414        2915.6158352405128        0.0000000000000000     
   3.4747474747474749       0.41919191919191917        2915.6158342498825        0.0000000000000000     
   3.4747474747474749       0.42424242424242425        2915.6158332592522        0.0000000000000000     
   3.4747474747474749       0.42929292929292928        2915.6158322686219        0.0000000000000000     
   3.4747474747474749       0.43434343434343436        2915.6158312779921        0.0000000000000000     
   3.4747474747474749       0.43939393939393939        2915.6158302873614        0.0000000000000000     
   3.4747474747474749       0.44444444444444442        2915.6158292967320        0.0000000000000000     
   3.4747474747474749       0.44949494949494950        2915.6158283061018        0.0000000000000000     
   3.4747474747474749       0.45454545454545453        2915.6158273154711        0.0000000000000000     
   3.4747474747474749       0.45959595959595961        2915.6158263248417        0.0000000000000000     
   3.4747474747474749       0.46464646464646464        2915.6158253342114        0.0000000000000000     
   3.4747474747474749       0.46969696969696972        2915.6158243435807        0.0000000000000000     
   3.4747474747474749       0.47474747474747475        2915.6158233529513        0.0000000000000000     
   3.4747474747474749       0.47979797979797978        2915.6158223623206        0.0000000000000000     
   3.4747474747474749       0.48484848484848486        2915.6158213716903        0.0000000000000000     
   3.4747474747474749       0.48989898989898989        2915.6158203810610        0.0000000000000000     
   3.4747474747474749       0.49494949494949497        2915.6158193904303        0.0000000000000000     
   3.4747474747474749       0.50000000000000000        2915.6158183998000        0.0000000000000000     
