 Z Q2 pt2 MULT-RATIO STAT SYS fuu fuua DIS chi2
  0.34999999999999998        1.6379700000000001        5.9999999999999998E-002  0.44842961498136913        6.9999999999999993E-003   1.6000000000000000E-002   4.8095742248788812E-005   2.4581307508371428E-005   1.0645099348021014        3.2924546234784109     
  0.34999999999999998        1.6484000000000001        9.2499999999999999E-002  0.50141093699510941        4.0000000000000001E-003   1.6000000000000000E-002   4.1517397354019767E-005   2.2644103102034135E-005   1.0648636030361076       0.42715547166528939     
  0.34999999999999998        1.6274500000000001       0.14250000000000002       0.48937775198899980        3.0000000000000001E-003   1.7000000000000001E-002   3.3623334510250981E-005   2.0224627812739595E-005   1.0672509622514061        18.487816344845633     
  0.34999999999999998        1.6289200000000001       0.22000000000000003       0.49897413072253455        3.0000000000000001E-003   1.8000000000000002E-002   2.1867041244661680E-005   1.5612589839179688E-005   1.0677742699810497        86.466554358027025     
  0.45000000000000001        1.6494000000000000        5.9999999999999998E-002  0.45184895824178567        1.3000000000000001E-002   1.6000000000000000E-002   2.4039681722472291E-005   1.1032395478045801E-005   1.0633774945119157       0.96738727265990532     
  0.45000000000000001        1.6343099999999999        9.2499999999999999E-002  0.39819389814144529        6.9999999999999993E-003   1.3999999999999999E-002   2.1478343265873588E-005   1.0454499651314638E-005   1.0649449940090459        14.144799577233831     
  0.45000000000000001        1.6465900000000002       0.14250000000000002       0.43991464175191064        6.0000000000000001E-003   1.6000000000000000E-002   1.7069686979554943E-005   9.1914534015436307E-006   1.0646596322392450        14.849751734413820     
  0.45000000000000001        1.6323099999999999       0.22000000000000003       0.42155781312138924        4.0000000000000001E-003   1.6000000000000000E-002   1.2280101701291807E-005   7.7782059911723913E-006   1.0665770112500967        109.14927060435639     
  0.55000000000000004        1.6805700000000001        5.9999999999999998E-002  0.35680890727052861        1.9000000000000000E-002   1.3999999999999999E-002   1.2539889422414570E-005   4.9809068579039093E-006   1.0612463432994075       0.54810750532730934     
  0.55000000000000004        1.6365399999999999        9.2499999999999999E-002  0.37862711883628131        1.2000000000000000E-002   1.3999999999999999E-002   1.1738714702426212E-005   4.8826843292991425E-006   1.0645637548442290       0.43016114900322577     
  0.55000000000000004        1.6349799999999999       0.14250000000000002       0.41507055136221083        9.0000000000000011E-003   1.4999999999999999E-002   9.7679915620764464E-006   4.4548667904668688E-006   1.0650450459324388       0.56459476909109285     
  0.55000000000000004        1.6501800000000000       0.22000000000000003       0.41759725482613758        6.0000000000000001E-003   1.4999999999999999E-002   7.0157805348804532E-006   3.7298689507587432E-006   1.0642356667019868        25.733349420958870     
  0.64999999999999991        1.6883900000000001        5.9999999999999998E-002  0.39578245301894044        3.3000000000000002E-002   1.3000000000000001E-002   6.3676461513705668E-006   2.1876882764504399E-006   1.0591116939029663        4.0518049685303801     
  0.64999999999999991        1.6529799999999999        9.2499999999999999E-002  0.33388516168420024        1.6000000000000000E-002   1.2000000000000000E-002   6.0693294526088661E-006   2.1749923326360621E-006   1.0622237884585002        3.0286300959947610E-002
  0.64999999999999991        1.6333799999999998       0.14250000000000002       0.38178846439489861        1.2000000000000000E-002   1.3000000000000001E-002   5.1626676484095465E-006   1.9959321610168084E-006   1.0630671629200004        1.0484815677903829     
  0.64999999999999991        1.6472300000000000       0.22000000000000003       0.44192269055055183        9.0000000000000011E-003   1.3999999999999999E-002   3.9161122049089937E-006   1.7380031733134927E-006   1.0623509055017317        2.1076105513953087     
