 x up dp u1 d1 u2 d2
   0.0000000000000000        0.0000000000000000        0.0000000000000000        0.0000000000000000        0.0000000000000000        0.0000000000000000        0.0000000000000000     
   4.0000001899898052E-003   86.580791020384140        65.494187286463898        59.656479374699494        43.050920384530201        53.816697669892797        38.298829061962110     
   8.0000003799796104E-003   44.337708905056950        28.763152548074309        32.469633105249208        19.811036331108035        29.753128639296829        17.844984484246595     
   1.2000000104308128E-002   30.766034893172240        17.838100729467833        23.583258486901361        12.784550854518455        21.846054447849454        11.632126290267713     
   1.6000000759959221E-002   23.980171897957732        12.693628660517211        19.070317949338207        9.4115617547457013        17.812955756541985        8.6343722459396552     
   2.0000001415610313E-002   19.858049373448008        9.7174370623829098        16.288574232808031        7.4206900020245845        15.315665051809070        6.8543726919175487     
   2.4000000208616257E-002   17.064009128998403        7.7807673958400754        14.374428732049504        6.0975735208793802        13.591148182422010        5.6652410749184110     
   2.8000000864267349E-002   15.032312215055237        6.4210106228999955        12.962693546262550        5.1489723122970119        12.313171843862321        4.8079485726977929     
   3.2000001519918442E-002   13.479924682775509        5.4136192787886861        11.864149152633454        4.4312194891344072        11.314129892371582        4.1556099279923044     
   3.6000002175569534E-002   12.251929265044327        4.6382886807112307        10.977716157838863        3.8672829262381052        10.504408508154514        3.6403341235059425     
   4.0000002831220627E-002   11.254371554370675        4.0250140784526165        10.244807263146612        3.4122475548045532        9.8316310072650044        3.2226732680229957     
   4.4000003486871719E-002   10.425356829973774        3.5272621501101105        9.6231550340818615        3.0352841724741983        9.2580761631125075        2.8751120483363120     
   4.8000000417232513E-002   9.7254133953190820        3.1172361454210065        9.0858232050341670        2.7189163074072504        8.7601031769651225        2.5821407329291435     
   5.2000001072883606E-002   9.1254134082657004        2.7734889477313280        8.6133426257348766        2.4486970503937178        8.3201821083517782        2.3308546542250568     
   5.6000001728534698E-002   8.6044114117061170        2.4819099068984456        8.1916603492072717        2.2153471108338425        7.9251054827393048        2.1130162038556599     
   6.0000002384185791E-002   8.1483010419814299        2.2326094814072621        7.8112829120058640        2.0126046298974059        7.5657153919640834        1.9231311476265862     
   6.4000003039836884E-002   7.7444742532371187        2.0167692728293534        7.4648781062990128        1.8339944980961578        7.2363839815363056        1.7552739680904010     
   6.8000003695487976E-002   7.3841121493435464        1.8287575507072233        7.1477051192768153        1.6759579926460260        6.9334180743710538        1.6062614343045845     
   7.2000004351139069E-002   7.0609066834648093        1.6642996159026617        6.8549590300303267        1.5355569656593602        6.6527628338456504        1.4734675179705774     
   7.6000005006790161E-002   6.7685417420855307        1.5190508238993783        6.5839083730730481        1.4097343309111470        6.3921340166839302        1.3541107535113284     
   8.0000005662441254E-002   6.5024472444352996        1.3901862260543814        6.3330804993052423        1.2963862559320194        6.1503555475128673        1.2462898052434099     
   8.4000006318092346E-002   6.2592985461404380        1.2755292818085882        6.1008877838394282        1.1942634762778921        5.9260950899942468        1.1488992721694029     
   8.8000006973743439E-002   6.0361852709478674        1.1731564684893339        5.8871308553486976        1.1016450192229847        5.7194453687147160        1.0603063239241590     
   9.2000007629394531E-002   5.8300544178508886        1.0811361612218744        5.6881577272865202        1.0174967146123317        5.5268371446461408       0.97965543443439762     
   9.6000000834465027E-002   5.6388964016596237       0.99819339118281925        5.5022570737286598       0.94080395526443195        5.3466546899124161       0.90603637213461385     
  0.10000000149011612        5.4610291196301386       0.92319360088195523        5.3280613714096603       0.87096109239354658        5.1776134978531809       0.83890883933996607     
  0.10400000214576721        5.2951946364993390       0.85539129474450537        5.1642957440257504       0.80727255849537671        5.0184447985707941       0.77763398397227368     
  0.10800000280141830        5.1398588668628848       0.79381542477488587        5.0099294491034847       0.74898611804712634        4.8681875009937645       0.72151087230795086     
  0.11200000345706940        4.9935425961340032       0.73761875204378513        4.8638375934239617       0.69562341746430834        4.7258819715782447       0.67009674367161876     
  0.11600000411272049        4.8554997466717476       0.68627293473878281        4.7255442720029919       0.64660926481814618        4.5911074531924481       0.62285012316860511     
  0.12000000476837158        4.7250129143045818       0.63922706303637888        4.5944743142216815       0.60165982664950435        4.4633346110142105       0.57950652358657062     
  0.12400000542402267        4.6013708293737228       0.59617712688908631        4.4700983289613010       0.56057896464967305        4.3421233046504000       0.53988511275057405     
  0.12800000607967377        4.4840916052338269       0.55682099886480074        4.3521932034250623       0.52306016435035552        4.2273495565488881       0.50369737475204868     
  0.13199999928474426        4.3724055619936983       0.52062642288296579        4.2398396746960509       0.48853926964696642        4.1179555707366866       0.47039712610636319     
  0.13600000739097595        4.2657454201472520       0.48716503181671178        4.1324687013820371       0.45662738977431555        4.0133755531391211       0.43961161639067187     
  0.14000000059604645        4.1637390935794212       0.45623835946714120        4.0291212713536959       0.42710820969069263        3.9126659936404340       0.41113365283136821     
  0.14400000870227814        4.0658575108974082       0.42768101621101329        3.9299761083872156       0.39987851681491998        3.8159911908333122       0.38486442747968380     
  0.14800000190734863        3.9719287992678338       0.40124477872923303        3.8344203788747722       0.37465154553822394        3.7227028317607123       0.36053075545794028     
  0.15200001001358032        3.8814978604264212       0.37674558790564583        3.7421040959972030       0.35127580985175633        3.6323815704439490       0.33799024062047911     
  0.15600000321865082        3.7944270580750969       0.35399830148239414        3.6529777456149195       0.32958572802775588        3.5451357736587084       0.31707512080529637     
  0.16000001132488251        3.7104342774539667       0.33285718077691262        3.5668489495841413       0.30942967342749622        3.4607948962249733       0.29763875959473746     
  0.16400000452995300        3.6291978742124944       0.31319962599533757        3.4835202121060282       0.29068403823329264        3.3791807621090375       0.27956165972376090     
  0.16800001263618469        3.5506930487344985       0.29488646662974527        3.4027818325629888       0.27322723773280211        3.3001013019554097       0.26272644008468987     
  0.17200000584125519        3.4746258120961668       0.27781618000011848        3.3245166666614971       0.25695335023540650        3.2234523899474388       0.24703089931679864     
  0.17600001394748688        3.4008034175347825       0.26189245602613764        3.2486048436973247       0.24176894300197280        3.1491852142696217       0.23238211493882824     
  0.18000000715255737        3.3292265133887788       0.24701380713503995        3.1749074402824098       0.22758451533090959        3.0771951805584332       0.21869312967473159     
  0.18400001525878906        3.2596383270372513       0.23310556158733761        3.1032860333420813       0.21432828830454703        3.0072411840947413       0.20590012441782390     
  0.18800000846385956        3.1918915240857975       0.22009560427210043        3.0336190117134119       0.20193306967569347        2.9391969501517021       0.19393873611036641     
  0.19200000166893005        3.1260202438980595       0.20790764712745033        2.9657687148064023       0.19033081122435783        2.8729219067136698       0.18274366726159497     
  0.19600000977516174        3.0618250574207488       0.19648485855158912        2.8996804280420814       0.17946246088550907        2.8083569332811158       0.17225817592776271     
  0.20000000298023224        2.9991528203079438       0.18577444183379177        2.8352628864382501       0.16927877908016922        2.7454083626634502       0.16243487505736201     
  0.20400001108646393        2.9380648091710082       0.17571807914462445        2.7724010065467768       0.15972854436931039        2.6839603368401050       0.15322442674927236     
  0.20800000429153442        2.8784357504723133       0.16627082026328455        2.7110694714029555       0.15076492075120143        2.6239106400972387       0.14458366188226487     
  0.21200001239776611        2.8201145750850851       0.15739313668115579        2.6511830117393451       0.14235075020999458        2.5652094243406744       0.13647553597033793     
  0.21600000560283661        2.7631002782640541       0.14904334051012991        2.5926684498278267       0.13444706954103364        2.5078429788543257       0.12886082658507453     
  0.22000001370906830        2.7073906486465105       0.14118260679503195        2.5354772488812909       0.12701560510080256        2.4517701894473207       0.12170243635610620     
  0.22400000691413879        2.6528620163531786       0.13378022602350906        2.4795695277594629       0.12002554578264424        2.3969575023185130       0.11497046983198295     
  0.22800001502037048        2.5994156646350528       0.12680732847764289        2.4248940021598431       0.11344969135047070        2.3433596044940344       0.10863853199991937     
  0.23200000822544098        2.5471066616849489       0.12023252786338245        2.3713752144613345       0.10725933218765279        2.2909072476277110       0.10267882334972621     
  0.23600001633167267        2.4958866314446628       0.11402946580944229        2.3190082938797563       0.10142642229923873        2.2395988763716597        9.7064216334369638E-002
  0.24000000953674316        2.4456648043816456       0.10817539329650545        2.2677451970196074        9.5930015294543536E-002   2.1893906412511277        9.1774408591826603E-002
  0.24400001764297485        2.3963705842369096       0.10264886542896215        2.2175205950479642        9.0748715980844288E-002   2.1402686068670516        8.6787972785269535E-002
  0.24800001084804535        2.3480542515846414        9.7427191641809421E-002   2.1683017373723259        8.5862359111638642E-002   2.0921566800142903        8.2086163795630662E-002
  0.25200000405311584        2.3006799859944693        9.2491201845844348E-002   2.1200979842693539        8.1250436049486063E-002   2.0450556119358576        7.7649311368016186E-002
  0.25600001215934753        2.2541822098830924        8.7823939614586635E-002   2.0728762534090248        7.6897611320620618E-002   1.9989317980710144        7.3462594252212271E-002
  0.26000002026557922        2.2085034403362029        8.3409651416873273E-002   2.0266098101374168        7.2789521084153472E-002   1.9537578791747714        6.9512125834964675E-002
  0.26399999856948853        2.1636655439327508        7.9232199237740816E-002   1.9812538929193464        6.8910366995255920E-002   1.9094892501473113        6.5782658658928378E-002
  0.26800000667572021        2.1196657620218078        7.5276751239571088E-002   1.9368018004324785        6.5244372014271870E-002   1.8661181095020112        6.2258975598963262E-002
  0.27200001478195190        2.0764572335369080        7.1530462307074341E-002   1.8932426168019312        6.1779277968237747E-002   1.8236326532558114        5.8929228058424127E-002
  0.27600002288818359        2.0339971345117411        6.7981333957397541E-002   1.8505458309891929        5.8504785191551993E-002   1.7820022562850066        5.5783442580184285E-002
  0.28000000119209290        1.9922611288624061        6.4618008022493539E-002   1.8086865743329579        5.5409533418232744E-002   1.7412040806132483        5.2810682633418385E-002
  0.28400000929832458        1.9512750971004840        6.1429090616057662E-002   1.7676349805417917        5.2481286593969508E-002   1.7012138817594591        4.9999238510287182E-002
  0.28800001740455627        1.9110138312095841        5.8404623618706734E-002   1.7273975722129333        4.9710073356639031E-002   1.6620279602723504        4.7339310950020128E-002
  0.29200002551078796        1.8714470739808973        5.5535373882742933E-002   1.6879519369740668        4.7087858201110402E-002   1.6236233134539548        4.4823110687010927E-002
  0.29600000381469727        1.8325470841250080        5.2812735199084318E-002   1.6492767247968805        4.4607331314689469E-002   1.5859780932785121        4.2443547627844878E-002
  0.30000001192092896        1.7942999848803347        5.0228549010909243E-002   1.6113464364777803        4.2259939071435090E-002   1.5490665900428993        4.0192356089085432E-002
  0.30400002002716064        1.7567159616852763        4.7775039622190582E-002   1.5741433788859911        4.0037063533775355E-002   1.5128707329955466        3.8061220037109662E-002
  0.30800002813339233        1.7197777605560534        4.5444923680889440E-002   1.5376715383916886        3.7931291280317740E-002   1.4773933780764097        3.6042977746638560E-002
  0.31200000643730164        1.6834677454583640        4.3231410004377961E-002   1.5019153851458831        3.5936855994852586E-002   1.4426186867187907        3.4132040756492926E-002
  0.31600001454353333        1.6477682517330288        4.1128095355513088E-002   1.4668539075135860        3.4048536938089895E-002   1.4085256287212413        3.2323344330635412E-002
  0.32000002264976501        1.6126651579922171        3.9129111608433645E-002   1.4324684781829728        3.2260199024006717E-002   1.3750955701698420        3.0610962329026110E-002
  0.32400000095367432        1.5781551110751373        3.7229184393869560E-002   1.3987415813677100        3.0565269492537454E-002   1.3422940186901375        2.8988411999244332E-002
  0.32800000905990601        1.5442295637224537        3.5422913341798819E-002   1.3656738225561056        2.8958247854731459E-002   1.3101284864029645        2.7450461083514181E-002
  0.33200001716613770        1.5108795697291819        3.3705227996438880E-002   1.3332589031921482        2.7434969417729271E-002   1.2786051943800103        2.5993186078985049E-002
  0.33600002527236938        1.4780957953419400        3.2071361579120432E-002   1.3014816276484611        2.5991603091748024E-002   1.2477100496042173        2.4612876744331921E-002
  0.34000000357627869        1.4458690526822475        3.0516854098051178E-002   1.2703220230410281        2.4624223671633909E-002   1.2174242959210633        2.3305736277148634E-002
  0.34400001168251038        1.4141820637915068        2.9037940791701865E-002   1.2397693893568431        2.3328053163875016E-002   1.1877379903795791        2.2067164398701374E-002
  0.34800001978874207        1.3830244664296538        2.7630988875984662E-002   1.2098160065770083        2.2098686648575502E-002   1.1586439725497417        2.0892919287759656E-002
  0.35200002789497375        1.3523944439301943        2.6292123381233403E-002   1.1804573623896339        2.0932634477895593E-002   1.1301380637130505        1.9779628797489082E-002
  0.35600000619888306        1.3222895950758744        2.5017716052522832E-002   1.1516881245359802        1.9826892651371684E-002   1.1022152234299727        1.8724383248434721E-002
  0.36000001430511475        1.2927061381068510        2.3804331279699983E-002   1.1234901459979394        1.8778902714610180E-002   1.0748580669905368        1.7724696214130482E-002
  0.36400002241134644        1.2636401832802138        2.2648772882115847E-002   1.0958478650276895        1.7785667356998006E-002   1.0480516537561724        1.6777670175352505E-002
  0.36800003051757812        1.2350661451758458        2.1548706821706159E-002   1.0687574554385575        1.6843744932349292E-002   1.0217929707722613        1.5879996184607410E-002
  0.37200000882148743        1.2069703302089914        2.0501639016531882E-002   1.0422056891223406        1.5949800658764470E-002  0.99608016163179913        1.5028520157482411E-002
  0.37600001692771912        1.1793547011067780        1.9504689354389100E-002   1.0161903824289178        1.5101720105270725E-002  0.97089807556867913        1.4221123403039240E-002
  0.38000002503395081        1.1522207682260550        1.8555173804175189E-002  0.99070881495652163        1.4297317513108082E-002  0.94624344587422760        1.3455687266366655E-002
  0.38400000333786011        1.1255690581859561        1.7650567747800536E-002  0.96574728850590819        1.3534786938037913E-002  0.92210253274354481        1.2730453598269138E-002
  0.38800001144409180        1.0993986364767845        1.6788476564037761E-002  0.94128692441359363        1.2812185502105691E-002  0.89845667572145804        1.2043538112528509E-002
  0.39200001955032349        1.0736931152119993        1.5967054114103298E-002  0.91732738323854579        1.2126991953303820E-002  0.87530495979300460        1.1392516595009476E-002
  0.39600002765655518        1.0484176848034725        1.5185064475942712E-002  0.89386320800404584        1.1476902222933712E-002  0.85264159415679530        1.0775173155320639E-002
  0.40000000596046448        1.0235769793446106        1.4440420104250415E-002  0.87088102815726343        1.0860142278094190E-002  0.83045325179775842        1.0189793289459710E-002
  0.40400001406669617       0.99917561661572396        1.3731097151724339E-002  0.84837930860013733        1.0275113630987258E-002  0.80873790857955719        9.6348299447003277E-003
  0.40800002217292786       0.97521759258925134        1.3055206291440092E-002  0.82635554933722544        9.7203412485670198E-003  0.78749263650676726        9.1088545814501862E-003
  0.41200003027915955       0.95170564895080056        1.2410962631295026E-002  0.80478626585556190        9.1947748772583208E-003  0.76669451477089401        8.6108387994837596E-003
  0.41600000858306885       0.92864173142407436        1.1796688784157247E-002  0.78366610653276925        8.6967635031677242E-003  0.74633794420839439        8.1391937362502009E-003
  0.42000001668930054       0.90599581237629379        1.1211461773234467E-002  0.76299459526529056        8.2244256420561344E-003  0.72641954131651576        7.6920826255159691E-003
  0.42400002479553223       0.88373802666704593        1.0654462783649303E-002  0.74276344489629176        7.7763157855599710E-003  0.70693209896760545        7.2681343302329797E-003
  0.42800003290176392       0.86187530046309890        1.0124130020601408E-002  0.72296049474267987        7.3513678486356628E-003  0.68786526270777792        6.8663403342006015E-003
  0.43200001120567322       0.84041355655675565        9.6189948878003459E-003  0.70358615418530190        6.9484547560902951E-003  0.66921906869131254        6.4856133718029637E-003
  0.43600001931190491       0.81935713648481479        9.1376624268835593E-003  0.68463827343997807        6.5665256189138318E-003  0.65099110357591838        6.1249389036112630E-003
  0.44000002741813660       0.79870985654070603        8.6788285695342127E-003  0.66609396552867739        6.2049509265610083E-003  0.63315922954027060        5.7836968200264457E-003
  0.44400003552436829       0.77847445380087810        8.2412599603806248E-003  0.64794820155449873        5.8625855963982225E-003  0.61571830994310339        5.4607876436622163E-003
  0.44800001382827759       0.75863492248538666        7.8241664174647542E-003  0.63020391751121019        5.5381602505048689E-003  0.59867077951687353        5.1549984171329766E-003
  0.45200002193450928       0.73914436357187585        7.4274353382840670E-003  0.61285639476092801        5.2305580046078468E-003  0.58201178593751768        4.8652604474896622E-003
  0.45600003004074097       0.72000738961446820        7.0499752475941839E-003  0.59588670774097741        4.9390339767332028E-003  0.56572298405804178        4.5908530083375145E-003
  0.46000000834465027       0.70123074742644820        6.6906933988515561E-003  0.57929441414047211        4.6627985787851571E-003  0.54980359241912646        4.3310151946544702E-003
  0.46400001645088196       0.68281972671358826        6.3485511401116150E-003  0.56307955855097525        4.4010833373383110E-003  0.53425328384039172        4.0850071416626858E-003
  0.46800002455711365       0.66477908394489216        6.0225762130535158E-003  0.54723175357642173        4.1533431620835353E-003  0.51906183001133044        3.8522976761096723E-003
  0.47200003266334534       0.64711255799380052        5.7118484159646580E-003  0.53173194385587597        3.9190767701508152E-003  0.50421092615151741        3.6323969686813330E-003
  0.47600001096725464       0.62982321081532133        5.4155012295348864E-003  0.51658344385848387        3.6973419587205919E-003  0.48970352312785864        3.4244078631896014E-003
  0.48000001907348633       0.61288018122883892        5.1333346624894546E-003  0.50178857780242714        3.4873352869130929E-003  0.47554113281320443        3.2275643955806104E-003
  0.48400002717971802       0.59624783551886051        4.8652968268718200E-003  0.48733675310183877        3.2884004363510255E-003  0.46171334753654719        3.0412380521671633E-003
  0.48800003528594971       0.57993294877951351        4.6105598169258076E-003  0.47321217377305758        3.1000888158725683E-003  0.44820483666277500        2.8649936360411439E-003
  0.49200001358985901       0.56394161187424929        4.3683411070539564E-003  0.45941544651499222        2.9218500144785925E-003  0.43501582472510097        2.6983029152726546E-003
  0.49600002169609070       0.54827869332855594        4.1378962983781836E-003  0.44594640516809658        2.7531575197179653E-003  0.42214580161843673        2.5406608945182899E-003
  0.50000000000000000       0.53294873326737646        3.9185290120177076E-003  0.43279567035813971        2.5936781416067080E-003  0.40958553717441976        2.3917420118117171E-003
  0.50400000810623169       0.51795507128300999        3.7095747659571278E-003  0.41994496122795727        2.4431595181164602E-003  0.39731738363553037        2.2512957905458592E-003
  0.50800001621246338       0.50330070904921387        3.5104104085705119E-003  0.40739704083875777        2.3009415609598267E-003  0.38534363435199254        2.1186970855933723E-003
  0.51200002431869507       0.48897368692554743        3.3207247627450383E-003  0.39515458116640001        2.1663934256865996E-003  0.37366649443729127        1.9933492787939833E-003
  0.51600003242492676       0.47492591479297247        3.1409239276940777E-003  0.38321348004487077        2.0389863871652595E-003  0.36228176121861472        1.8747511643686125E-003
  0.52000004053115845       0.46115799890895581        2.9704623219162312E-003  0.37155361045297797        1.9184753075901265E-003  0.35117008318314269        1.7626632573763670E-003
  0.52400004863739014       0.44767465627477843        2.8087342710925219E-003  0.36017364973982968        1.8045525546977980E-003  0.34032990332684027        1.6567892921503752E-003
  0.52799999713897705       0.43448013187009688        2.6551698237718964E-003  0.34907361617384136        1.6969050864913118E-003  0.32976084590125720        1.5568275103062820E-003
  0.53200000524520874       0.42157746464289791        2.5092238397598542E-003  0.33825170580101294        1.5952395350926462E-003  0.31946057878257994        1.4624917494997489E-003
  0.53600001335144043       0.40896971217586803        2.3703879399166118E-003  0.32769723074861468        1.4999211659481254E-003  0.30941915825243133        1.3741108221119302E-003
  0.54000002145767212       0.39665920171147456        2.2381795785216744E-003  0.31740026311683156        1.4103198080765288E-003  0.29962694462834538        1.2910951909416181E-003
  0.54400002956390381       0.38464776795998379        2.1121428273235712E-003  0.30735497727201117        1.3254345376942410E-003  0.29007819238764188        1.2125180086869206E-003
  0.54800003767013550       0.37291892433776036        1.9921895693793819E-003  0.29755567319534099        1.2443435242913215E-003  0.28076728020740965        1.1375272937240272E-003
  0.55200004577636719       0.36143167150071431        1.8787364673065892E-003  0.28800787141894685        1.1677167335314518E-003  0.27169913257052525        1.0667265529733772E-003
  0.55600005388259888       0.35018826383326307        1.7714016935716822E-003  0.27871119705749509        1.0962771280693291E-003  0.26287310731483515        1.0007658704472436E-003
  0.56000000238418579       0.33919263279370376        1.6697879954932766E-003  0.26964896483568612        1.0287796613093082E-003  0.25427324411945823        9.3849946218067706E-004
  0.56400001049041748       0.32844770831190256        1.5735147200187862E-003  0.26082051797693540        9.6508328955959390E-004  0.24589867614503186        8.7979042656091038E-004
  0.56800001859664917       0.31795643683905256        1.4822257692916913E-003  0.25222042648572224        9.0501175231762264E-004  0.23774404365954818        8.2447021087749298E-004
  0.57200002670288086       0.30772115485176182        1.3955824078263999E-003  0.24384401930025898        8.4842731963734384E-004  0.22980470731606770        7.7240577918725095E-004
  0.57600003480911255       0.29774378513207717        1.3132638202663358E-003  0.23568813245322817        7.9511817780870888E-004  0.22207745706957538        7.2339712768998573E-004
  0.58000004291534424       0.28802586540232628        1.2349661692470273E-003  0.22774707584239218        7.4490729790467321E-004  0.21455670737155294        6.7727642382708788E-004
  0.58400005102157593       0.27856696676875831        1.1604320880903159E-003  0.22001689228439569        6.9763446407960291E-004  0.20723851208651498        6.3389158302893311E-004
  0.58799999952316284       0.26933123607523551        1.0900789675350150E-003  0.21249330210980777        6.5313631216934529E-004  0.20011895919777833        5.9308803027349505E-004
  0.59200000762939453       0.26030497853267015        1.0238866429860217E-003  0.20516963896105023        6.1125272120676657E-004  0.19319211439311471        5.5471451213230389E-004
  0.59600001573562622       0.25149039581030913        9.6155303615330613E-004  0.19804463733106545        5.7184282251171296E-004  0.18645557946580885        5.1863808001879268E-004
  0.60000002384185791       0.24288922141150021        9.0279082264922011E-004  0.19111380595368771        5.3478618882285794E-004  0.17990490879016519        4.8474443058059777E-004
