 x kt FF(p) FF(Pb) ratio
  0.64999997615814209        9.9999997764825821E-003  0.45466550216972468       0.18282611038745092       0.40211124335358683     
  0.64999997615814209        1.5959594398736954E-002  0.45391963233241056       0.18245222944043726       0.40194831076798504     
  0.64999997615814209        2.1919190883636475E-002  0.45329776471044975       0.18228888529413567       0.40213938714340502     
  0.64999997615814209        2.7878785505890846E-002  0.45240515910902473       0.18206654852981283       0.40244136227000182     
  0.64999997615814209        3.3838383853435516E-002  0.45166079986453972       0.18182838606573890       0.40257730163935440     
  0.64999997615814209        3.9797976613044739E-002  0.45042095628537610       0.18143438676710946       0.40281071347878611     
  0.64999997615814209        4.5757569372653961E-002  0.44898993420721456       0.18101175519061621       0.40315325890374415     
  0.64999997615814209        5.1717169582843781E-002  0.44735380928414442       0.18053768614192842       0.40356800902360668     
  0.64999997615814209        5.7676762342453003E-002  0.44554170181109809       0.18000648507659367       0.40401714215499696     
  0.64999997615814209        6.3636362552642822E-002  0.44352472649421792       0.17941711567801730       0.40452562159543159     
  0.64999997615814209        6.9595955312252045E-002  0.44132887434893803       0.17877347967189977       0.40507995298434057     
  0.64999997615814209        7.5555548071861267E-002  0.43895221322949679       0.17807099772193055       0.40567285539309933     
  0.64999997615814209        8.1515140831470490E-002  0.43638253195442178       0.17731751361414436       0.40633504008511595     
  0.64999997615814209        8.7474741041660309E-002  0.43363500487520834       0.17650711021248483       0.40704073293916876     
  0.64999997615814209        9.3434333801269531E-002  0.43072739125090009       0.17564822246403741       0.40779441018117596     
  0.64999997615814209        9.9393934011459351E-002  0.42763322386327585       0.17473509265247197       0.40860972184036570     
  0.64999997615814209       0.10535352677106857       0.42437178272784554       0.17376785607506143       0.40947080637192301     
  0.64999997615814209       0.11131311953067780       0.42094696143230875       0.17275020276422828       0.41038472442331131     
  0.64999997615814209       0.11727271974086761       0.41736284919214583       0.17168504780575758       0.41135680412876680     
  0.64999997615814209       0.12323231250047684       0.41364132086961108       0.17056901313844636       0.41235970521478316     
  0.64999997615814209       0.12919192016124725       0.40975073117316924       0.16940830171269183       0.41344234146368453     
  0.64999997615814209       0.13515150547027588       0.40571428716264141       0.16819768443779051       0.41457175593711337     
  0.64999997615814209       0.14111110568046570       0.40153671330853119       0.16694313023074211       0.41576056359874375     
  0.64999997615814209       0.14707070589065552       0.39722290815037620       0.16564222934612222       0.41700069645382898     
  0.64999997615814209       0.15303029119968414       0.39278653725254581       0.16429790929015772       0.41828803614142412     
  0.64999997615814209       0.15898989140987396       0.38821507715664644       0.16291512318234649       0.41965171568184495     
  0.64999997615814209       0.16494949162006378       0.38352281625921708       0.16148715949631565       0.42106271817520496     
  0.64999997615814209       0.17090909183025360       0.37871509547543669       0.16002299521150185       0.42254189791566116     
  0.64999997615814209       0.17686867713928223       0.37380931753708829       0.15851410661317922       0.42405071028613917     
  0.64999997615814209       0.18282827734947205       0.36878658450865209       0.15697014284138414       0.42563951465458327     
  0.64999997615814209       0.18878787755966187       0.36365384344081553       0.15539321650220489       0.42731080478046718     
  0.64999997615814209       0.19474746286869049       0.35843929490803650       0.15377816153644464       0.42902149323750610     
  0.64999997615814209       0.20070706307888031       0.35313707804465100       0.15212963733478990       0.43079485784144844     
  0.64999997615814209       0.20666666328907013       0.34777921808979861       0.15044898795277392       0.43259913222855978     
  0.64999997615814209       0.21262624859809875       0.34230816546109921       0.14874026864740073       0.43452153251162789     
  0.64999997615814209       0.21858584880828857       0.33677679938695371       0.14699930457679888       0.43648881052491362     
  0.64999997615814209       0.22454544901847839       0.33118074048743912       0.14522883010846996       0.43851834468006490     
  0.64999997615814209       0.23050503432750702       0.32552574583247718       0.14343334373993602       0.44062058247690805     
  0.64999997615814209       0.23646463453769684       0.31981751595012881       0.14161486241106999       0.44279895674367287     
  0.64999997615814209       0.24242423474788666       0.31406176868525182       0.13977024781696895       0.44504063134486349     
  0.64999997615814209       0.24838383495807648       0.30827728643580160       0.13790540584184238       0.44734209073999043     
  0.64999997615814209       0.25434342026710510       0.30244309824554888       0.13601735672534185       0.44972875067862006     
  0.64999997615814209       0.26030299067497253       0.29657829975345890       0.13411185670721382       0.45219713248979782     
  0.64999997615814209       0.26626259088516235       0.29068836285173638       0.13218606519363660       0.45473463023030336     
  0.64999997615814209       0.27222219109535217       0.28477876373525784       0.13024064182712378       0.45733972617495061     
  0.64999997615814209       0.27818179130554199       0.27885487384133983       0.12828474729018427       0.46004125917904698     
  0.64999997615814209       0.28414139151573181       0.27292198103820575       0.12631320910223681       0.46281801349138857     
  0.64999997615814209       0.29010099172592163       0.26698528232693591       0.12433085090442600       0.46568428724163557     
  0.64999997615814209       0.29606056213378906       0.26106047327562681       0.12233572140787860       0.46861066278201730     
  0.64999997615814209       0.30202016234397888       0.25512078868484955       0.12033248589006383       0.47166868098197373     
  0.64999997615814209       0.30797976255416870       0.24921285327443804       0.11831929246718843       0.47477203086669423     
  0.64999997615814209       0.31393936276435852       0.24331058399292699       0.11630067768361776       0.47799267822643760     
  0.64999997615814209       0.31989896297454834       0.23743289676123680       0.11427487629893469       0.48129335849298860     
  0.64999997615814209       0.32585856318473816       0.23158255700392461       0.11224395671798759       0.48468225832779543     
  0.64999997615814209       0.33181816339492798       0.22574804894841682       0.11021098495668916       0.48820348822537218     
  0.64999997615814209       0.33777773380279541       0.21995266860116941       0.10817762624519581       0.49182229491995655     
  0.64999997615814209       0.34373733401298523       0.21419130775254064       0.10614253982829376       0.49555017401043316     
  0.64999997615814209       0.34969693422317505       0.20848267265210893       0.10410831806331794       0.49936196969731633     
  0.64999997615814209       0.35565653443336487       0.20282012449103534       0.10207733981263181       0.50328999683235887     
  0.64999997615814209       0.36161613464355469       0.19720673148964707       0.10004671860942468       0.50731898375729090     
  0.64999997615814209       0.36757573485374451       0.19163510279232454        9.8025142045444547E-002  0.51151976134390498     
  0.64999997615814209       0.37353530526161194       0.18612985181681149        9.6005279849786129E-002  0.51579732596721928     
  0.64999997615814209       0.37949490547180176       0.18067538726952362        9.3992214215178518E-002  0.52022699735501354     
  0.64999997615814209       0.38545450568199158       0.17529173084825361        9.1991212295690308E-002  0.52478922907849646     
  0.64999997615814209       0.39141410589218140       0.16997323394306871        8.9995390644912063E-002  0.52946801421131617     
  0.64999997615814209       0.39737370610237122       0.16471480700379176        8.8009626220347276E-002  0.53431520712234015     
  0.64999997615814209       0.40333330631256104       0.15953480345771714        8.6034928748813119E-002  0.53928626784948330     
  0.64999997615814209       0.40929290652275085       0.15442768192830200        8.4073386099250372E-002  0.54441914201810093     
  0.64999997615814209       0.41525247693061829       0.14938843687853284        8.2123640440454934E-002  0.54973224271185961     
  0.64999997615814209       0.42121207714080811       0.14443381321153340        8.0189490330085447E-002  0.55519887308273408     
  0.64999997615814209       0.42717167735099792       0.13955836469624466        7.8268306022385700E-002  0.56082848342870983     
  0.64999997615814209       0.43313127756118774       0.13475296124288452        7.6363767018602091E-002  0.56669453727967256     
  0.64999997615814209       0.43909087777137756       0.13004125165740144        7.4474651667725211E-002  0.57270020642320085     
  0.64999997615814209       0.44505047798156738       0.12540725276234888        7.2602821460375555E-002  0.57893638414965076     
  0.64999997615814209       0.45101004838943481       0.12086513750927953        7.0749042062745696E-002  0.58535524404060579     
  0.64999997615814209       0.45696964859962463       0.11640957342986259        6.8916069197566057E-002  0.59201375941033207     
  0.64999997615814209       0.46292924880981445       0.11204161825768576        6.7100291268541709E-002  0.59888720202359991     
  0.64999997615814209       0.46888884902000427       0.10775635109963801        6.5304635845469611E-002  0.60603978493188781     
  0.64999997615814209       0.47484844923019409       0.10356625746917371        6.3529726225830557E-002  0.61342108692824060     
  0.64999997615814209       0.48080804944038391        9.9466036100263056E-002   6.1776764814670850E-002  0.62108401256082091     
  0.64999997615814209       0.48676764965057373        9.5450764109018732E-002   6.0045013389410429E-002  0.62906791736973677     
  0.64999997615814209       0.49272722005844116        9.1531733069215290E-002   5.8336598249737248E-002  0.63733741614641726     
  0.64999997615814209       0.49868682026863098        8.7703626789466013E-002   5.6650068913185497E-002  0.64592618329427709     
  0.64999997615814209       0.50464642047882080        8.3966574997768828E-002   5.4987424425690386E-002  0.65487278035517726     
  0.64999997615814209       0.51060599088668823        8.0315656610441738E-002   5.3348012855131403E-002  0.66422930604785335     
  0.64999997615814209       0.51656562089920044        7.6752993418249246E-002   5.1732780924503806E-002  0.67401646008250038     
  0.64999997615814209       0.52252519130706787        7.3288870704243406E-002   5.0142122314305135E-002  0.68417103214283692     
  0.64999997615814209       0.52848482131958008        6.9910615260021070E-002   4.8577304802645750E-002  0.69484876684278107     
  0.64999997615814209       0.53444439172744751        6.6626867604969400E-002   4.7036572993892939E-002  0.70597004909149730     
  0.64999997615814209       0.54040402173995972        6.3432484480333798E-002   4.5521288030562337E-002  0.71763369200327420     
  0.64999997615814209       0.54636359214782715        6.0326907556054694E-002   4.4031718420925264E-002  0.72988522377036769     
  0.64999997615814209       0.55232316255569458        5.7305339059366148E-002   4.2568801816389411E-002  0.74284181046882480     
  0.64999997615814209       0.55828279256820679        5.4375153852026660E-002   4.1131083163986039E-002  0.75643157306584818     
  0.64999997615814209       0.56424236297607422        5.1531401356049861E-002   3.9719625549321118E-002  0.77078489045704901     
  0.64999997615814209       0.57020199298858643        4.8769324339836925E-002   3.8334264078522029E-002  0.78603229791332008     
  0.64999997615814209       0.57616156339645386        4.6095557461876838E-002   3.6976073190943815E-002  0.80216131937496882     
  0.64999997615814209       0.58212113380432129        4.3505159295103284E-002   3.5643944258632987E-002  0.81930384432921466     
  0.64999997615814209       0.58808076381683350        4.0996967172194441E-002   3.4338384886659003E-002  0.83758353983678291     
  0.64999997615814209       0.59404033422470093        3.8569836619179051E-002   3.3059729527162691E-002  0.85713947542944913     
  0.64999997615814209       0.59999996423721313        3.6219146273385468E-002   3.1807262470829635E-002  0.87818918289087977     
  0.52499997615814209        9.9999997764825821E-003  0.74076052747661081       0.30026498821881964       0.40534690643097254     
  0.52499997615814209        1.5959594398736954E-002  0.74029418636404698       0.30033878538210207       0.40570193703291829     
  0.52499997615814209        2.1919190883636475E-002  0.73911296864755160       0.29984696009825268       0.40568488555534421     
  0.52499997615814209        2.7878785505890846E-002  0.73780580577767085       0.29944606625008247       0.40586027367249672     
  0.52499997615814209        3.3838383853435516E-002  0.73625678414440709       0.29898196731762944       0.40608381987959796     
  0.52499997615814209        3.9797976613044739E-002  0.73422377544243811       0.29835612160859853       0.40635584352850901     
  0.52499997615814209        4.5757569372653961E-002  0.73185003799718429       0.29765945792865772       0.40672192727248713     
  0.52499997615814209        5.1717169582843781E-002  0.72918413661734816       0.29686259694638839       0.40711609323197895     
  0.52499997615814209        5.7676762342453003E-002  0.72617979594689241       0.29597934494021333       0.40758410877333073     
  0.52499997615814209        6.3636362552642822E-002  0.72286998337588415       0.29500189042088282       0.40809813272808865     
  0.52499997615814209        6.9595955312252045E-002  0.71925193905479967       0.29392512764011625       0.40865392455719490     
  0.52499997615814209        7.5555548071861267E-002  0.71531895554817704       0.29275731652315090       0.40926822119343875     
  0.52499997615814209        8.1515140831470490E-002  0.71111323651787839       0.29150719426016231       0.40993076670544215     
  0.52499997615814209        8.7474741041660309E-002  0.70659154751892694       0.29016394237647808       0.41065300511354569     
  0.52499997615814209        9.3434333801269531E-002  0.70178208522227048       0.28872755966481839       0.41142053316076277     
  0.52499997615814209        9.9393934011459351E-002  0.69669683818219508       0.28720453568977411       0.41223746104423470     
  0.52499997615814209       0.10535352677106857       0.69132970290061302       0.28559615377636444       0.41311136000390009     
  0.52499997615814209       0.11131311953067780       0.68569331007907952       0.28390718422035677       0.41404397570630280     
  0.52499997615814209       0.11727271974086761       0.67980552971741781       0.28213740701797635       0.41502664318611160     
  0.52499997615814209       0.12323231250047684       0.67365074580148265       0.28028085041716944       0.41606255491293564     
  0.52499997615814209       0.12919192016124725       0.66724806837976414       0.27834800646121310       0.41715820494933437     
  0.52499997615814209       0.13515150547027588       0.66060517384331296       0.27633430302097683       0.41830478167965390     
  0.52499997615814209       0.14111110568046570       0.65372990264932140       0.27424472659855603       0.41950769803728621     
  0.52499997615814209       0.14707070589065552       0.64664435821307287       0.27208788595747940       0.42076897834439153     
  0.52499997615814209       0.15303029119968414       0.63932824623548734       0.26985156660293919       0.42208610082831105     
  0.52499997615814209       0.15898989140987396       0.63180473962989470       0.26754124892235681       0.42345559021776247     
  0.52499997615814209       0.16494949162006378       0.62408253440928374       0.26517621528211927       0.42490568260032779     
  0.52499997615814209       0.17090909183025360       0.61617777850314959       0.26273106544582531       0.42638841355828344     
  0.52499997615814209       0.17686867713928223       0.60808453653835237       0.26022554905381790       0.42794304643102082     
  0.52499997615814209       0.18282827734947205       0.59981951950515344       0.25766312961727306       0.42956776369972621     
  0.52499997615814209       0.18878787755966187       0.59139195717932025       0.25503520891363601       0.43124564989020459     
  0.52499997615814209       0.19474746286869049       0.58281117172596986       0.25234952318163767       0.43298676385065776     
  0.52499997615814209       0.20070706307888031       0.57408649516538768       0.24961299506152002       0.43480032567149901     
  0.52499997615814209       0.20666666328907013       0.56522737941044254       0.24681535348547831       0.43666560127168252     
  0.52499997615814209       0.21262624859809875       0.55624331746366273       0.24396963654208081       0.43860236857230817     
  0.52499997615814209       0.21858584880828857       0.54714375854194974       0.24107515688679948       0.44060661046235100     
  0.52499997615814209       0.22454544901847839       0.53793822492918453       0.23813810415906567       0.44268671219713890     
  0.52499997615814209       0.23050503432750702       0.52864932996310210       0.23515286778446925       0.44481824615361210     
  0.52499997615814209       0.23646463453769684       0.51925982163563456       0.23212959341573736       0.44703938903754248     
  0.52499997615814209       0.24242423474788666       0.50979274109328687       0.22906300156992176       0.44932574182731561     
  0.52499997615814209       0.24838383495807648       0.50025745407888966       0.22595410443877317       0.45167563740717520     
  0.52499997615814209       0.25434342026710510       0.49066327909480772       0.22281915626795984       0.45411826350450391     
  0.52499997615814209       0.26030299067497253       0.48101942556675070       0.21964873722697301       0.45663173990983141     
  0.52499997615814209       0.26626259088516235       0.47133493095432022       0.21645130816016112       0.45923035604831641     
  0.52499997615814209       0.27222219109535217       0.46156425875122126       0.21322327073228850       0.46195793259463319     
  0.52499997615814209       0.27818179130554199       0.45182565071778846       0.20997286339376831       0.46472098930239342     
  0.52499997615814209       0.28414139151573181       0.44207305099447181       0.20669669719781625       0.46756231064716275     
  0.52499997615814209       0.29010099172592163       0.43237844128200409       0.20340274482704665       0.47042758242977278     
  0.52499997615814209       0.29606056213378906       0.42256918618065925       0.20008382064899280       0.47349363652713616     
  0.52499997615814209       0.30202016234397888       0.41282513156455242       0.19675330257949286       0.47660204657072108     
  0.52499997615814209       0.30797976255416870       0.40310040079783122       0.19341144274844102       0.47980960169137499     
  0.52499997615814209       0.31393936276435852       0.39346439192058080       0.19005599957698358       0.48303227300768198     
  0.52499997615814209       0.31989896297454834       0.38373265456775296       0.18669363668228212       0.48652006666615061     
  0.52499997615814209       0.32585856318473816       0.37411770430559105       0.18332225942400862       0.49001225366834089     
  0.52499997615814209       0.33181816339492798       0.36455202656652480       0.17994827405040331       0.49361479552100551     
  0.52499997615814209       0.33777773380279541       0.35503198011044684       0.17656673228413480       0.49732627530964024     
  0.52499997615814209       0.34373733401298523       0.34558587438685706       0.17318802130580355       0.50114322992244975     
  0.52499997615814209       0.34969693422317505       0.33620939076043682       0.16981269991651879       0.50508018093259444     
  0.52499997615814209       0.35565653443336487       0.32689903253277836       0.16643700675635295       0.50913887834667793     
  0.52499997615814209       0.36161613464355469       0.31768064758821152       0.16307358990369566       0.51332553978886752     
  0.52499997615814209       0.36757573485374451       0.30854089565923776       0.15971154386706712       0.51763492656564258     
  0.52499997615814209       0.37353530526161194       0.29950384531358160       0.15636535994325346       0.52208131010651426     
  0.52499997615814209       0.37949490547180176       0.29056535993103921       0.15302614022577243       0.52664963319127445     
  0.52499997615814209       0.38545450568199158       0.28173050979285735       0.14970047110628279       0.53136052327577232     
  0.52499997615814209       0.39141410589218140       0.27299587691846616       0.14639189046256337       0.53624212978969366     
  0.52499997615814209       0.39737370610237122       0.26437765708659894       0.14309845952248476       0.54126532892154255     
  0.52499997615814209       0.40333330631256104       0.25587527012027733       0.13982643683594004       0.54646327005424511     
  0.52499997615814209       0.40929290652275085       0.24749986831546195       0.13657191670183566       0.55180601764103510     
  0.52499997615814209       0.41525247693061829       0.23924935284080173       0.13334092375001369       0.55733034245129065     
  0.52499997615814209       0.42121207714080811       0.23112245584745336       0.13013177673901194       0.56304254929214748     
  0.52499997615814209       0.42717167735099792       0.22313178949802723       0.12694763948019000       0.56893569385958065     
  0.52499997615814209       0.43313127756118774       0.21527552890902113       0.12378993630502773       0.57503022722728192     
  0.52499997615814209       0.43909087777137756       0.20755225495662616       0.12066317414101380       0.58136286770880774     
  0.52499997615814209       0.44505047798156738       0.19997269217209879       0.11756207332388360       0.58789063670107689     
  0.52499997615814209       0.45101004838943481       0.19253484027330539       0.11449138670805345       0.59465282514858930     
  0.52499997615814209       0.45696964859962463       0.18524055403690051       0.11145228829306436       0.60166246463969608     
  0.52499997615814209       0.46292924880981445       0.17808808682304411       0.10844686072321896       0.60895067524071034     
  0.52499997615814209       0.46888884902000427       0.17108595440989074       0.10547425559395021       0.61649862466940519     
  0.52499997615814209       0.47484844923019409       0.16422681473861184       0.10253788021948707       0.62436746631595652     
  0.52499997615814209       0.48080804944038391       0.15751898806837289        9.9635875999438753E-002  0.63253247891733966     
  0.52499997615814209       0.48676764965057373       0.15096382780084930        9.6771419659216457E-002  0.64102388677423316     
  0.52499997615814209       0.49272722005844116       0.14455901937884896        9.3943821503512021E-002  0.64986482273590562     
  0.52499997615814209       0.49868682026863098       0.13830485992215802        9.1154708380778188E-002  0.65908535992215100     
  0.52499997615814209       0.50464642047882080       0.13219923938050596        8.8404855240388061E-002  0.66872438642354404     
  0.52499997615814209       0.51060599088668823       0.12624685902803359        8.5696339551773013E-002  0.67879977538881831     
  0.52499997615814209       0.51656562089920044       0.12044500957471999        8.3026849475401093E-002  0.68933407675885539     
  0.52499997615814209       0.52252519130706787       0.11479148310354187        8.0398617072047540E-002  0.70038834675154449     
  0.52499997615814209       0.52848482131958008       0.10928953640453229        7.7812136399324966E-002  0.71198157627190795     
  0.52499997615814209       0.53444439172744751       0.10393652288393797        7.5268931643214881E-002  0.72418173664771224     
  0.52499997615814209       0.54040402173995972        9.8731438921415351E-002   7.2767257037297695E-002  0.73702214646356290     
  0.52499997615814209       0.54636359214782715        9.3671864383494799E-002   7.0308728155536501E-002  0.75058533977386133     
  0.52499997615814209       0.55232316255569458        8.8759593139395354E-002   6.7893338950877249E-002  0.76491268773902532     
  0.52499997615814209       0.55828279256820679        8.3989785604020539E-002   6.5522105403007236E-002  0.78011992686728249     
  0.52499997615814209       0.56424236297607422        7.9364000203500609E-002   6.3195180969796066E-002  0.79627010745116944     
  0.52499997615814209       0.57020199298858643        7.4880647565268285E-002   6.0912014628407438E-002  0.81345469903040890     
  0.52499997615814209       0.57616156339645386        7.0537024222398881E-002   5.8673239501239330E-002  0.83180769458385750     
  0.52499997615814209       0.58212113380432129        6.6331284649551736E-002   5.6478944046349358E-002  0.85146766483936986     
  0.52499997615814209       0.58808076381683350        6.2260821807495627E-002   5.4329204315771103E-002  0.87260660457954908     
  0.52499997615814209       0.59404033422470093        5.8325132737215721E-002   5.2223915305653547E-002  0.89539299534814176     
  0.52499997615814209       0.59999996423721313        5.4521319073976816E-002   5.0163174651964675E-002  0.92006531580611928     
  0.40000000596046448        9.9999997764825821E-003   1.3666421777754660       0.59905538770434996       0.43834106501780484     
  0.40000000596046448        1.5959594398736954E-002   1.3651716442529598       0.59837863840160410       0.43831751188257717     
  0.40000000596046448        2.1919190883636475E-002   1.3632451024781636       0.59787646899168922       0.43856858015102679     
  0.40000000596046448        2.7878785505890846E-002   1.3606808490878808       0.59704584551105333       0.43878463190782557     
  0.40000000596046448        3.3838383853435516E-002   1.3575949087047381       0.59603243866813027       0.43903555828505303     
  0.40000000596046448        3.9797976613044739E-002   1.3538177738370269       0.59481704267796132       0.43936270757630458     
  0.40000000596046448        4.5757569372653961E-002   1.3494408886321807       0.59342562097930074       0.43975666216903236     
  0.40000000596046448        5.1717169582843781E-002   1.3444622599324170       0.59184477983984607       0.44020929220400484     
  0.40000000596046448        5.7676762342453003E-002   1.3389046115933150       0.59007549305889728       0.44071510991115287     
  0.40000000596046448        6.3636362552642822E-002   1.3327663968829027       0.58811895815669823       0.44127685056601151     
  0.40000000596046448        6.9595955312252045E-002   1.3260554808754941       0.58597708236751678       0.44189484589335620     
  0.40000000596046448        7.5555548071861267E-002   1.3187803796302020       0.58365185300172928       0.44256940883924173     
  0.40000000596046448        8.1515140831470490E-002   1.3109502821651133       0.58114624409158078       0.44330151341192187     
  0.40000000596046448        8.7474741041660309E-002   1.3025676749994117       0.57846081677149741       0.44409271615907303     
  0.40000000596046448        9.3434333801269531E-002   1.2936581947541017       0.57560004049824076       0.44493981704931779     
  0.40000000596046448        9.9393934011459351E-002   1.2842250615803528       0.57256488194697541       0.44584465688777603     
  0.40000000596046448       0.10535352677106857        1.2742799915401823       0.56935891532822003       0.44680833027916705     
  0.40000000596046448       0.11131311953067780        1.2638352344857187       0.56598468567748506       0.44783107024848551     
  0.40000000596046448       0.11727271974086761        1.2529035832781599       0.56244510578766249       0.44891331886532948     
  0.40000000596046448       0.12323231250047684        1.2414983928506824       0.55874337599815083       0.45005565791767566     
  0.40000000596046448       0.12919192016124725        1.2296334407616283       0.55488319161851973       0.45125902827986536     
  0.40000000596046448       0.13515150547027588        1.2173230911049511       0.55086749860848838       0.45252365837279229     
  0.40000000596046448       0.14111110568046570        1.2045819947157876       0.54670013510433146       0.45385049544370898     
  0.40000000596046448       0.14707070589065552        1.1914253197609332       0.54238416498190978       0.45523975022684804     
  0.40000000596046448       0.15303029119968414        1.1778686192900956       0.53792428332969855       0.45669294055385135     
  0.40000000596046448       0.15898989140987396        1.1639276943582788       0.53332379337984204       0.45821041630415482     
  0.40000000596046448       0.16494949162006378        1.1496187681737735       0.52858668256424690       0.45979301764874025     
  0.40000000596046448       0.17090909183025360        1.1349546466039140       0.52371668952506434       0.46144283482354465     
  0.40000000596046448       0.17686867713928223        1.1199595831440505       0.51871868366673535       0.46315839560079652     
  0.40000000596046448       0.18282827734947205        1.1046466549330298       0.51359660930966267       0.46494198576177276     
  0.40000000596046448       0.18878787755966187        1.0890278131368432       0.50835425861348382       0.46679639627312797     
  0.40000000596046448       0.19474746286869049        1.0731310897010935       0.50299666824936529       0.46871875493744980     
  0.40000000596046448       0.20070706307888031        1.0569684351048581       0.49752770838811800       0.47071198331363612     
  0.40000000596046448       0.20666666328907013        1.0405574493922904       0.49195249067081959       0.47277782784423023     
  0.40000000596046448       0.21262624859809875        1.0239204152027908       0.48627524783743448       0.47491508189249854     
  0.40000000596046448       0.21858584880828857        1.0070655596166918       0.48050054806116604       0.47712936210831564     
  0.40000000596046448       0.22454544901847839       0.99001536081952712       0.47463280845091144       0.47941964057811592     
  0.40000000596046448       0.23050503432750702       0.97278752108297006       0.46867690700812381       0.48178754029077420     
  0.40000000596046448       0.23646463453769684       0.95539299111585985       0.46263828549291586       0.48423872667578743     
  0.40000000596046448       0.24242423474788666       0.93786267600225659       0.45652049894455560       0.48676689095947900     
  0.40000000596046448       0.24838383495807648       0.92020723025534501       0.45032858447507057       0.48937735943469007     
  0.40000000596046448       0.25434342026710510       0.90244398674988602       0.44406761934975608       0.49207222372775389     
  0.40000000596046448       0.26030299067497253       0.88459007262171652       0.43774200028937249       0.49485294243921185     
  0.40000000596046448       0.26626259088516235       0.86666229201103473       0.43135681536186132       0.49772191468135213     
  0.40000000596046448       0.27222219109535217       0.84867746008710621       0.42491642032239035       0.50068069473505039     
  0.40000000596046448       0.27818179130554199       0.83065206557898097       0.41842598538603132       0.50373195074688715     
  0.40000000596046448       0.28414139151573181       0.81260233674120463       0.41188975532024374       0.50687739463321435     
  0.40000000596046448       0.29010099172592163       0.79454421902892225       0.40531320598056603       0.51012038886386035     
  0.40000000596046448       0.29606056213378906       0.77649344419660082       0.39870012885473988       0.51346232454963625     
  0.40000000596046448       0.30202016234397888       0.75846041162951527       0.39205528063926653       0.51690935298383578     
  0.40000000596046448       0.30797976255416870       0.74046978267353492       0.38538356778717670       0.52045819668118465     
  0.40000000596046448       0.31393936276435852       0.72253130544767918       0.37868921217011092       0.52411460834278412     
  0.40000000596046448       0.31989896297454834       0.70466264228708397       0.37197703674143390       0.52787960425165847     
  0.40000000596046448       0.32585856318473816       0.68686781857401147       0.36525112034955881       0.53176333272950127     
  0.40000000596046448       0.33181816339492798       0.66916683594269455       0.35851620811165041       0.53576505716483636     
  0.40000000596046448       0.33777773380279541       0.65158222828648271       0.35177655438701361       0.53988052331032454     
  0.40000000596046448       0.34373733401298523       0.63410714050183492       0.34503612786383531       0.54412906877341316     
  0.40000000596046448       0.34969693422317505       0.61676918052401997       0.33829908993978852       0.54850193657919577     
  0.40000000596046448       0.35565653443336487       0.59956863514251724       0.33156985251142801       0.55301400553185043     
  0.40000000596046448       0.36161613464355469       0.58252250661650506       0.32485248943450817       0.55766513009319640     
  0.40000000596046448       0.36757573485374451       0.56564663585837516       0.31815012726628128       0.56245384856481095     
  0.40000000596046448       0.37353530526161194       0.54894095715535440       0.31146762911354708       0.56739732215936556     
  0.40000000596046448       0.37949490547180176       0.53242522180016016       0.30480799919571100       0.57248978206768208     
  0.40000000596046448       0.38545450568199158       0.51609893642997151       0.29817566600521572       0.57774904181705211     
  0.40000000596046448       0.39141410589218140       0.49997592403649438       0.29157377807630203       0.58317563718332044     
  0.40000000596046448       0.39737370610237122       0.48407209287902381       0.28500581922042523       0.58876730018735468     
  0.40000000596046448       0.40333330631256104       0.46837671695287636       0.27847517443697689       0.59455383745087920     
  0.40000000596046448       0.40929290652275085       0.45291124419551659       0.27198490144864557       0.60052583135081716     
  0.40000000596046448       0.41525247693061829       0.43768676932496114       0.26553825991968849       0.60668559922253273     
  0.40000000596046448       0.42121207714080811       0.42269409220896809       0.25913885602889830       0.61306476907367635     
  0.40000000596046448       0.42717167735099792       0.40794724297217844       0.25278899383385012       0.61966099339734981     
  0.40000000596046448       0.43313127756118774       0.39345692795359055       0.24649207743198259       0.62647791897835658     
  0.40000000596046448       0.43909087777137756       0.37921716859215632       0.24025012062957188       0.63354230907187148     
  0.40000000596046448       0.44505047798156738       0.36524308403519207       0.23406669066098265       0.64085180771945771     
  0.40000000596046448       0.45101004838943481       0.35152828552492743       0.22794357969669701       0.64843595546320032     
  0.40000000596046448       0.45696964859962463       0.33808145665289202       0.22188374494889979       0.65630261755736474     
  0.40000000596046448       0.46292924880981445       0.32490574218125329       0.21588922153582385       0.66446723928746998     
  0.40000000596046448       0.46888884902000427       0.31201589756531040       0.20996220536642435       0.67292149856715422     
  0.40000000596046448       0.47484844923019409       0.29938223314227946       0.20410394755650835       0.68175036779657283     
  0.40000000596046448       0.48080804944038391       0.28704092052739139       0.19831807754735536       0.69090524508832363     
  0.40000000596046448       0.48676764965057373       0.27497574465751373       0.19260562476402007       0.70044587024907656     
  0.40000000596046448       0.49272722005844116       0.26318635351263425       0.18696836636485770       0.71040296683118975     
  0.40000000596046448       0.49868682026863098       0.25167765084597959       0.18140753914221547       0.72079319928662366     
  0.40000000596046448       0.50464642047882080       0.24044992854102612       0.17592538328941523       0.73165080296290641     
  0.40000000596046448       0.51060599088668823       0.22950689818682340       0.17052241990879741       0.74299474767851470     
  0.40000000596046448       0.51656562089920044       0.21884022834795944       0.16520103770446151       0.75489337107521770     
  0.40000000596046448       0.52252519130706787       0.20845323501084184       0.15996159534840990       0.76737401240182312     
  0.40000000596046448       0.52848482131958008       0.19834457941212943       0.15480583412663274       0.78048936142071268     
  0.40000000596046448       0.53444439172744751       0.18843247980501004       0.14973448244676407       0.79463202204688566     
  0.40000000596046448       0.54040402173995972       0.17887876178437509       0.14474833174194143       0.80919797463951970     
  0.40000000596046448       0.54636359214782715       0.16959556260020764       0.13984719240288951       0.82459228448420674     
  0.40000000596046448       0.55232316255569458       0.16058719846543881       0.13503383877548220       0.84087548737294804     
  0.40000000596046448       0.55828279256820679       0.15184504526505699       0.13030776660112658       0.85816278281365410     
  0.40000000596046448       0.56424236297607422       0.14336861012764940       0.12566957112579880       0.87654871602582940     
  0.40000000596046448       0.57020199298858643       0.13515523455550896       0.12111839984602299       0.89614287041379104     
  0.40000000596046448       0.57616156339645386       0.12720090106710763       0.11665769588042237       0.91711375392598071     
  0.40000000596046448       0.58212113380432129       0.11950259580621962       0.11228505576381811       0.93960348732419863     
  0.40000000596046448       0.58808076381683350       0.11205665768901245       0.10800129339074054       0.96380969786260584     
  0.40000000596046448       0.59404033422470093       0.10486014913342348       0.10380526133848578       0.98994005059447832     
  0.40000000596046448       0.59999996423721313        9.7907692643122074E-002   9.9699390188195985E-002   1.0182998648697068     
  0.27500000596046448        9.9999997764825821E-003   2.4896151273423097        1.2582972501095719       0.50541838225927616     
  0.27500000596046448        1.5959594398736954E-002   2.4876661434041463        1.2573016238377062       0.50541413170386384     
  0.27500000596046448        2.1919190883636475E-002   2.4845319576531608        1.2560458601199433       0.50554626848365403     
  0.27500000596046448        2.7878785505890846E-002   2.4790800882686117        1.2542494329388454       0.50593340605418380     
  0.27500000596046448        3.3838383853435516E-002   2.4731124718769304        1.2519649107925876       0.50623047881135319     
  0.27500000596046448        3.9797976613044739E-002   2.4663833130919244        1.2497912502427249       0.50673033814681179     
  0.27500000596046448        4.5757569372653961E-002   2.4586796780983926        1.2469648565378610       0.50716848869971398     
  0.27500000596046448        5.1717169582843781E-002   2.4498635780497442        1.2437352766053684       0.50767532027047202     
  0.27500000596046448        5.7676762342453003E-002   2.4400725903134153        1.2401224921616290       0.50823180305563831     
  0.27500000596046448        6.3636362552642822E-002   2.4292822065513162        1.2359741874279990       0.50878164096983447     
  0.27500000596046448        6.9595955312252045E-002   2.4174459187100692        1.2317694841657496       0.50953341898254856     
  0.27500000596046448        7.5555548071861267E-002   2.4045725123597230        1.2270253389701260       0.51028834966011771     
  0.27500000596046448        8.1515140831470490E-002   2.3908173133552237        1.2219121410043468       0.51108553304289928     
  0.27500000596046448        8.7474741041660309E-002   2.3759485753980734        1.2164210805881539       0.51197281506160175     
  0.27500000596046448        9.3434333801269531E-002   2.3602765976800399        1.2106040558816376       0.51290770627118998     
  0.27500000596046448        9.9393934011459351E-002   2.3435959375968021        1.2042488741832520       0.51384662981543106     
  0.27500000596046448       0.10535352677106857        2.3260395131060361        1.1977064142632123       0.51491232522695884     
  0.27500000596046448       0.11131311953067780        2.3075733399523095        1.1909892627806478       0.51612195467870237     
  0.27500000596046448       0.11727271974086761        2.2882477350031980        1.1837655718894946       0.51732404397543963     
  0.27500000596046448       0.12323231250047684        2.2680497731018887        1.1762240168220954       0.51860591013989854     
  0.27500000596046448       0.12919192016124725        2.2471316469722327        1.1681812532572942       0.51985439074354733     
  0.27500000596046448       0.13515150547027588        2.2254187432994574        1.1601377383041838       0.52131210892208835     
  0.27500000596046448       0.14111110568046570        2.2028599370367941        1.1514672872733109       0.52271470732824810     
  0.27500000596046448       0.14707070589065552        2.1796418045414105        1.1426660222004978       0.52424486437160767     
  0.27500000596046448       0.15303029119968414        2.1556667289574065        1.1337113444478228       0.52592143730684437     
  0.27500000596046448       0.15898989140987396        2.1310503762799629        1.1241544370669680       0.52751190191445962     
  0.27500000596046448       0.16494949162006378        2.1057146178032853        1.1146303562127651       0.52933590657957486     
  0.27500000596046448       0.17090909183025360        2.0798150776458137        1.1045364705631353       0.53107436446387501     
  0.27500000596046448       0.17686867713928223        2.0532819750328239        1.0943304554870137       0.53296647454839685     
  0.27500000596046448       0.18282827734947205        2.0262149746759390        1.0838481297419706       0.53491270338445451     
  0.27500000596046448       0.18878787755966187        1.9985589911479891        1.0731390817328825       0.53695642034387103     
  0.27500000596046448       0.19474746286869049        1.9704458528935074        1.0621908486240235       0.53906117088386163     
  0.27500000596046448       0.20070706307888031        1.9418538524345801        1.0509956937346796       0.54123315841560582     
  0.27500000596046448       0.20666666328907013        1.9127462281322150        1.0395973303617887       0.54351032827650592     
  0.27500000596046448       0.21262624859809875        1.8832931021990289        1.0279869217992512       0.54584542395388236     
  0.27500000596046448       0.21858584880828857        1.8534536485057562        1.0161596208378534       0.54825197363693201     
  0.27500000596046448       0.22454544901847839        1.8232015364102332        1.0042921365797839       0.55083989154439317     
  0.27500000596046448       0.23050503432750702        1.7926858735031885       0.99195157047853577       0.55333261958499580     
  0.27500000596046448       0.23646463453769684        1.7618765595130768       0.97960700784689969       0.55600206640902816     
  0.27500000596046448       0.24242423474788666        1.7308044208726667       0.96706660759083340       0.55873823519773602     
  0.27500000596046448       0.24838383495807648        1.6995000124734216       0.95437170309749420       0.56156028013704973     
  0.27500000596046448       0.25434342026710510        1.6679505480612020       0.94154194452651907       0.56449032354163720     
  0.27500000596046448       0.26030299067497253        1.6362748324888112       0.92856648753206972       0.56748809496733443     
  0.27500000596046448       0.26626259088516235        1.6044329045920531       0.91547410672477159       0.57059045853808521     
  0.27500000596046448       0.27222219109535217        1.5725253015650522       0.90226436847108005       0.57376779093672037     
  0.27500000596046448       0.27818179130554199        1.5404550384346931       0.88893921836796275       0.57706274846635119     
  0.27500000596046448       0.28414139151573181        1.5083871790926890       0.87552401957387438       0.58043719259170012     
  0.27500000596046448       0.29010099172592163        1.4762914554849804       0.86202393069578465       0.58391175231221459     
  0.27500000596046448       0.29606056213378906        1.4441954841093827       0.84843035231815811       0.58747611500902486     
  0.27500000596046448       0.30202016234397888        1.4120997797214470       0.83478075596118739       0.59116272656444824     
  0.27500000596046448       0.30797976255416870        1.3800845090550622       0.82106646891291712       0.59493926895469451     
  0.27500000596046448       0.31393936276435852        1.3481475835373642       0.80729580033444126       0.59881856422291835     
  0.27500000596046448       0.31989896297454834        1.3163140164577560       0.79348769950518572       0.60281033977020693     
  0.27500000596046448       0.32585856318473816        1.2846030406563473       0.77964192417270861       0.60691271894729681     
  0.27500000596046448       0.33181816339492798        1.2530365030806281       0.76577582072178507       0.61113608329773483     
  0.27500000596046448       0.33777773380279541        1.2216708097228555       0.75189033038318764       0.61546066616240036     
  0.27500000596046448       0.34373733401298523        1.1904761669336703       0.73800109891041210       0.61992093534412707     
  0.27500000596046448       0.34969693422317505        1.1595009397728722       0.72411007061598853       0.62450149523624376     
  0.27500000596046448       0.35565653443336487        1.1287655882743008       0.71023151495513981       0.62921081430287784     
  0.27500000596046448       0.36161613464355469        1.0983070611712611       0.69637387484614388       0.63404297346819749     
  0.27500000596046448       0.36757573485374451        1.0681076471130144       0.68253602488214138       0.63901426670520178     
  0.27500000596046448       0.37353530526161194        1.0382048611415875       0.66873369676413319       0.64412499092790620     
  0.27500000596046448       0.37949490547180176        1.0086155959315393       0.65497038288981657       0.64937562489790546     
  0.27500000596046448       0.38545450568199158       0.97935635533908583       0.64125848094803017       0.65477543230523594     
  0.27500000596046448       0.39141410589218140       0.95045218735652082       0.62760077591162600       0.66031809307227030     
  0.27500000596046448       0.39737370610237122       0.92189703415520763       0.61400745628635478       0.66602606748703619     
  0.27500000596046448       0.40333330631256104       0.89371595276531934       0.60048246260701954       0.67189408530643080     
  0.27500000596046448       0.40929290652275085       0.86592823656878448       0.58703502738326674       0.67792572477989166     
  0.27500000596046448       0.41525247693061829       0.83853203025164524       0.57367134935362341       0.68413766994859271     
  0.27500000596046448       0.42121207714080811       0.81154617647658611       0.56039678613838373       0.69052975958978191     
  0.27500000596046448       0.42717167735099792       0.78498125269597641       0.54721755133734906       0.69710907038602443     
  0.27500000596046448       0.43313127756118774       0.75884928482749769       0.53414045861070925       0.70388214009074346     
  0.27500000596046448       0.43909087777137756       0.73315301459436633       0.52116981463054723       0.71086090387133760     
  0.27500000596046448       0.44505047798156738       0.70790411161316458       0.50831152343925801       0.71805137885260051     
  0.27500000596046448       0.45101004838943481       0.68310987965614212       0.49557084309352573       0.72546285429656188     
  0.27500000596046448       0.45696964859962463       0.65877585391550375       0.48295387921924521       0.73310804630855531     
  0.27500000596046448       0.46292924880981445       0.63490800324524699       0.47046321682297337       0.74099430849550463     
  0.27500000596046448       0.46888884902000427       0.61151164099241884       0.45810707688382768       0.74913876723649653     
  0.27500000596046448       0.47484844923019409       0.58858889420506999       0.44588499480007709       0.75754911312466333     
  0.27500000596046448       0.48080804944038391       0.56614630642890651       0.43380520695588454       0.76624222754751714     
  0.27500000596046448       0.48676764965057373       0.54418549078836365       0.42186820795199548       0.77522869516574833     
  0.27500000596046448       0.49272722005844116       0.52270856932682930       0.41007946728286748       0.78452792119132220     
  0.27500000596046448       0.49868682026863098       0.50171292337840889       0.39844741984946064       0.79417412086261552     
  0.27500000596046448       0.50464642047882080       0.48120619038318446       0.38696515989340668       0.80415665389771140     
  0.27500000596046448       0.51060599088668823       0.46118553197816087       0.37564092587561360       0.81451151397655253     
  0.27500000596046448       0.51656562089920044       0.44165013444703455       0.36447738711951144       0.82526271066543022     
  0.27500000596046448       0.52252519130706787       0.42252662578392008       0.35347738978712578       0.83658015428332777     
  0.27500000596046448       0.52848482131958008       0.40396273645701719       0.34264503105459387       0.84820950085590952     
  0.27500000596046448       0.53444439172744751       0.38587958846279535       0.33198211495681912       0.86032566863491211     
  0.27500000596046448       0.54040402173995972       0.36827412340575455       0.32148253488627854       0.87294358863242127     
  0.27500000596046448       0.54636359214782715       0.35114351034565078       0.31116686774266367       0.88615297898105594     
  0.27500000596046448       0.55232316255569458       0.33447921950472109       0.30101192244225944       0.89994207379454472     
  0.27500000596046448       0.55828279256820679       0.31828602778620219       0.29103536606029928       0.91438310404185386     
  0.27500000596046448       0.56424236297607422       0.30255548156773671       0.28123491382689325       0.92953170892701154     
  0.27500000596046448       0.57020199298858643       0.28728237640026544       0.27161627456366871       0.94546793286487774     
  0.27500000596046448       0.57616156339645386       0.27245676323038870       0.26217033880925561       0.96224566313138316     
  0.27500000596046448       0.58212113380432129       0.25808258767230507       0.25290290703691753       0.97993014297437098     
  0.27500000596046448       0.58808076381683350       0.24414911324275398       0.24381933095157429       0.99864925869768861     
  0.27500000596046448       0.59404033422470093       0.23065039639720275       0.23490978386299441        1.0184668551726943     
  0.27500000596046448       0.59999996423721313       0.21757464582482747       0.22617958648062822        1.0395493722312144     
  0.15000000596046448        9.9999997764825821E-003   5.9567143683830883        3.7863551443784043       0.63564490593598599     
  0.15000000596046448        1.5959594398736954E-002   5.9553814294754659        3.7837583173041995       0.63535112941329486     
  0.15000000596046448        2.1919190883636475E-002   5.9437930848548568        3.7798340805517547       0.63592962046121693     
  0.15000000596046448        2.7878785505890846E-002   5.9347005543990017        3.7750688107980372       0.63610097530528786     
  0.15000000596046448        3.3838383853435516E-002   5.9216287087314621        3.7687637366670259       0.63644039875549285     
  0.15000000596046448        3.9797976613044739E-002   5.9061161646267166        3.7612733204952544       0.63684377612186327     
  0.15000000596046448        4.5757569372653961E-002   5.8881389158661914        3.7525964703239181       0.63731452738184624     
  0.15000000596046448        5.1717169582843781E-002   5.8676813152625948        3.7427351951303862       0.63785590832873795     
  0.15000000596046448        5.7676762342453003E-002   5.8448473467366338        3.7316945077403698       0.63845884868556835     
  0.15000000596046448        6.3636362552642822E-002   5.8196729028046619        3.7194886410857371       0.63912331555493651     
  0.15000000596046448        6.9595955312252045E-002   5.7920828354230940        3.7061261590793064       0.63986069681418589     
  0.15000000596046448        7.5555548071861267E-002   5.7622111726260110        3.6916169486360251       0.64065978112246891     
  0.15000000596046448        8.1515140831470490E-002   5.7299326811412366        3.6759786055435191       0.64153957997485067     
  0.15000000596046448        8.7474741041660309E-002   5.6955095706543819        3.6592223761026088       0.64247497624381744     
  0.15000000596046448        9.3434333801269531E-002   5.6587786122801562        3.6413616459409361       0.64348897446505349     
  0.15000000596046448        9.9393934011459351E-002   5.6198895075094164        3.6224155729328200       0.64457060376231079     
  0.15000000596046448       0.10535352677106857        5.5789987722834553        3.6023989546737991       0.64570707069708777     
  0.15000000596046448       0.11131311953067780        5.5359090132655364        3.5813293692752191       0.64692706485843332     
  0.15000000596046448       0.11727271974086761        5.4908635719368197        3.5592243013794831       0.64820847481446719     
  0.15000000596046448       0.12323231250047684        5.4437780447968374        3.5361050277483845       0.64956818566991237     
  0.15000000596046448       0.12919192016124725        5.3948703057611782        3.5119904236106585       0.65098699775232893     
  0.15000000596046448       0.13515150547027588        5.3439984739634454        3.4869014803278695       0.65248923578785456     
  0.15000000596046448       0.14111110568046570        5.2913239975201156        3.4608596071228557       0.65406306790981927     
  0.15000000596046448       0.14707070589065552        5.2369051589880335        3.4340026888906112       0.65573131165014054     
  0.15000000596046448       0.15303029119968414        5.1809204351678808        3.4060067409318400       0.65741344294963544     
  0.15000000596046448       0.15898989140987396        5.1231817345349011        3.3772427028918619       0.65920806207716132     
  0.15000000596046448       0.16494949162006378        5.0638843650389553        3.3476188908049784       0.66107727773503888     
  0.15000000596046448       0.17090909183025360        5.0030923328349859        3.3171601239285828       0.66302196786540712     
  0.15000000596046448       0.17686867713928223        4.9409705947069655        3.2858914752644619       0.66502955487824322     
  0.15000000596046448       0.18282827734947205        4.8773763681617321        3.2538396182083971       0.66712908182535013     
  0.15000000596046448       0.18878787755966187        4.8124870886366820        3.2210302456435480       0.66930678177799041     
  0.15000000596046448       0.19474746286869049        4.7463707776007267        3.1874904253795000       0.67156372199619119     
  0.15000000596046448       0.20070706307888031        4.6791796600253157        3.1532473821214291       0.67388893165610342     
  0.15000000596046448       0.20666666328907013        4.6108074596263355        3.1183285639133094       0.67630856226775127     
  0.15000000596046448       0.21262624859809875        4.5414160843090308        3.0827620679731913       0.67881075214059106     
  0.15000000596046448       0.21858584880828857        4.4710749396431213        3.0465756726531072       0.68139669179785278     
  0.15000000596046448       0.22454544901847839        4.3998541395930211        3.0097990898367937       0.68406792460515409     
  0.15000000596046448       0.23050503432750702        4.3278238805396150        2.9724598082283045       0.68682550174793233     
  0.15000000596046448       0.23646463453769684        4.2551557443603851        2.9345870811525860       0.68965444685355437     
  0.15000000596046448       0.24242423474788666        4.1816682924718220        2.8962095449003087       0.69259667250850565     
  0.15000000596046448       0.24838383495807648        4.1076592907452962        2.8573574297416822       0.69561695055366712     
  0.15000000596046448       0.25434342026710510        4.0330480533092317        2.8180606693607562       0.69874215038138621     
  0.15000000596046448       0.26030299067497253        3.9580970701722866        2.7783466057486446       0.70193998694117665     
  0.15000000596046448       0.26626259088516235        3.8826584593549955        2.7382452521356266       0.70525009624218049     
  0.15000000596046448       0.27222219109535217        3.8068937521857102        2.6977853707070887       0.70865791018154045     
  0.15000000596046448       0.27818179130554199        3.7308695006300852        2.6569998934566224       0.71216639794232872     
  0.15000000596046448       0.28414139151573181        3.6546513883102443        2.6159121435964763       0.71577610711755546     
  0.15000000596046448       0.29010099172592163        3.5783041407494447        2.5745550000021242       0.71949026654366666     
  0.15000000596046448       0.29606056213378906        3.5019321960637342        2.5329567208792487       0.72330261668868401     
  0.15000000596046448       0.30202016234397888        3.4255135813940352        2.4911471800457083       0.72723319317038582     
  0.15000000596046448       0.30797976255416870        3.3491536739588197        2.4491519717056009       0.73127488617463632     
  0.15000000596046448       0.31393936276435852        3.2729125306036964        2.4069998546164464       0.73543054759623216     
  0.15000000596046448       0.31989896297454834        3.1968831581899027        2.3647208275296618       0.73969573191050975     
  0.15000000596046448       0.32585856318473816        3.1210663812067039        2.3223415479055687       0.74408591944387847     
  0.15000000596046448       0.33181816339492798        3.0455482362811570        2.2798910961322538       0.74859792695852090     
  0.15000000596046448       0.33777773380279541        2.9703254904725180        2.2373931616525544       0.75324848028578539     
  0.15000000596046448       0.34373733401298523        2.8955208562647292        2.1948745031625867       0.75802406962939717     
  0.15000000596046448       0.34969693422317505        2.8212169376381029        2.1523637213842259       0.76292031735289567     
  0.15000000596046448       0.35565653443336487        2.7473187407223012        2.1098811129829209       0.76797827704120314     
  0.15000000596046448       0.36161613464355469        2.6740532968727617        2.0674667749198052       0.77315840239147660     
  0.15000000596046448       0.36757573485374451        2.6013327788635037        2.0251287906854900       0.77849662570670741     
  0.15000000596046448       0.37353530526161194        2.5292374294922255        1.9828922197726337       0.78398816839062946     
  0.15000000596046448       0.37949490547180176        2.4578529645998271        1.9407994678253493       0.78963204706646828     
  0.15000000596046448       0.38545450568199158        2.3871869933075218        1.8988514932765379       0.79543475169727706     
  0.15000000596046448       0.39141410589218140        2.3172782283545783        1.8570795238300053       0.80140550284661127     
  0.15000000596046448       0.39737370610237122        2.2481331299520297        1.8155060947345634       0.80756164772737560     
  0.15000000596046448       0.40333330631256104        2.1798473776545677        1.7741563890125776       0.81389018662467183     
  0.15000000596046448       0.40929290652275085        2.1124238960428214        1.7330438555999033       0.82040534518019503     
  0.15000000596046448       0.41525247693061829        2.0458942473686146        1.6921927020283656       0.82711640848730461     
  0.15000000596046448       0.42121207714080811        1.9802594298784151        1.6516280324714760       0.83404629088062643     
  0.15000000596046448       0.42717167735099792        1.9156026617092057        1.6113608713829430       0.84117698497307292     
  0.15000000596046448       0.43313127756118774        1.8519219472367245        1.5714081808662712       0.84852829959220943     
  0.15000000596046448       0.43909087777137756        1.7892154439581174        1.5317913394338527       0.85612459058882873     
  0.15000000596046448       0.44505047798156738        1.7275563255962274        1.4925273722925754       0.86395294334467676     
  0.15000000596046448       0.45101004838943481        1.6669394575681196        1.4536328171261308       0.87203696002662290     
  0.15000000596046448       0.45696964859962463        1.6073584150636258        1.4151264640958721       0.88040504895098681     
  0.15000000596046448       0.46292924880981445        1.5488783495177796        1.3770164917388157       0.88904108716319097     
  0.15000000596046448       0.46888884902000427        1.4914899750352155        1.3393263035644338       0.89797875009707062     
  0.15000000596046448       0.47484844923019409        1.4352063853762702        1.3020583591418249       0.90722726181326341     
  0.15000000596046448       0.48080804944038391        1.3800389932752390        1.2652346174171873       0.91681077388575294     
  0.15000000596046448       0.48676764965057373        1.3259744445742228        1.2288605303041693       0.92676034242783822     
  0.15000000596046448       0.49272722005844116        1.2730674779518372        1.1929512978763772       0.93706839467429159     
  0.15000000596046448       0.49868682026863098        1.2213009766643150        1.1575174539078905       0.94777411631108854     
  0.15000000596046448       0.50464642047882080        1.1706802529586942        1.1225694051534458       0.95890351128443796     
  0.15000000596046448       0.51060599088668823        1.1211866470617058        1.0881252484598749       0.97051213668261671     
  0.15000000596046448       0.51656562089920044        1.0728665557308781        1.0541765175340378       0.98257934493623222     
  0.15000000596046448       0.52252519130706787        1.0256991070743009        1.0207405833572918       0.99516571313866820     
  0.15000000596046448       0.52848482131958008       0.97968270186325823       0.98781933829120250        1.0083053792952241     
  0.15000000596046448       0.53444439172744751       0.93479424202388428       0.95544339225402697        1.0220895137152708     
  0.15000000596046448       0.54040402173995972       0.89103791061074644       0.92358235013660783        1.0365241917749093     
  0.15000000596046448       0.54636359214782715       0.84845993310729917       0.89226545270663371        1.0516294498891732     
  0.15000000596046448       0.55232316255569458       0.80699582558389338       0.86149245673240749        1.0675302516082827     
  0.15000000596046448       0.55828279256820679       0.76671936516203154       0.83127511452405278        1.0841973638534337     
  0.15000000596046448       0.56424236297607422       0.72749310437647552       0.80160249093951286        1.1018695381677266     
  0.15000000596046448       0.57020199298858643       0.68941542724944460       0.77248494659599731        1.1204926899851582     
  0.15000000596046448       0.57616156339645386       0.65241884497998170       0.74392571614986092        1.1402578602288640     
  0.15000000596046448       0.58212113380432129       0.61653733444951542       0.71592659450135321        1.1612055823684693     
  0.15000000596046448       0.58808076381683350       0.58173641285415789       0.68849597768792847        1.1835187938640095     
  0.15000000596046448       0.59404033422470093       0.54800438984833688       0.66161672330435828        1.2073201156061253     
  0.15000000596046448       0.59999996423721313       0.51530520457257867       0.63530473051632419        1.2328707819733344     
