 x kt FF(p) FF(Pb) ratio
  0.75000000000000000        9.9999997764825821E-003  0.10461394677749407        5.1597957731125715E-002  0.49322255129969100     
  0.75000000000000000        1.5959594398736954E-002  0.10322336302139191        5.0549346627952525E-002  0.48970838721343274     
  0.75000000000000000        2.1919190883636475E-002  0.10360606422524926        5.0886424516947672E-002  0.49115295419692645     
  0.75000000000000000        2.7878785505890846E-002  0.10311488517405640        5.0643889417737280E-002  0.49114043362654330     
  0.75000000000000000        3.3838383853435516E-002  0.10270011998816336        5.0416968016416305E-002  0.49091440226386379     
  0.75000000000000000        3.9797976613044739E-002  0.10306223729144007        5.0590604206096047E-002  0.49087430600827736     
  0.75000000000000000        4.5757569372653961E-002  0.10291691730582722        5.0609889207386342E-002  0.49175481089269646     
  0.75000000000000000        5.1717169582843781E-002  0.10231116620318462        5.0285784725888211E-002  0.49149850003687062     
  0.75000000000000000        5.7676762342453003E-002  0.10196772924920024        5.0118303756129030E-002  0.49151142351757454     
  0.75000000000000000        6.3636362552642822E-002  0.10173753252685509        5.0046000647957258E-002  0.49191286052418159     
  0.75000000000000000        6.9595955312252045E-002  0.10184423009530909        5.0122418995626049E-002  0.49214785117153803     
  0.75000000000000000        7.5555548071861267E-002  0.10133247091730681        4.9883437507563758E-002  0.49227495447408509     
  0.75000000000000000        8.1515140831470490E-002  0.10079238137703257        4.9626076944938022E-002  0.49235940521439303     
  0.75000000000000000        8.7474741041660309E-002  0.10028557425980152        4.9421222040008518E-002  0.49280489646474035     
  0.75000000000000000        9.3434333801269531E-002   9.9875382192938830E-002   4.9254344359797461E-002  0.49315800629076073     
  0.75000000000000000        9.9393934011459351E-002   9.9520327146571705E-002   4.9110826981025257E-002  0.49347533704039914     
  0.75000000000000000       0.10535352677106857        9.9078256821187358E-002   4.8950010298582855E-002  0.49405401214240130     
  0.75000000000000000       0.11131311953067780        9.8635285714422399E-002   4.8732536114349877E-002  0.49406797741170055     
  0.75000000000000000       0.11727271974086761        9.8026655284077419E-002   4.8448354482839733E-002  0.49423653538354739     
  0.75000000000000000       0.12323231250047684        9.7419714540210992E-002   4.8186050732503073E-002  0.49462319777804098     
  0.75000000000000000       0.12919192016124725        9.6829970305863808E-002   4.7938978115193188E-002  0.49508409394080038     
  0.75000000000000000       0.13515150547027588        9.6262825777789648E-002   4.7701722738498813E-002  0.49553628156119273     
  0.75000000000000000       0.14111110568046570        9.5687261110733446E-002   4.7470861772472901E-002  0.49610430083830659     
  0.75000000000000000       0.14707070589065552        9.4963303041829192E-002   4.7180708316867395E-002  0.49683095264794397     
  0.75000000000000000       0.15303029119968414        9.4248007512741094E-002   4.6850618519443138E-002  0.49709929955929888     
  0.75000000000000000       0.15898989140987396        9.3549947784527868E-002   4.6529153266036211E-002  0.49737230610973809     
  0.75000000000000000       0.16494949162006378        9.2949222036863677E-002   4.6268267557119602E-002  0.49778004100743950     
  0.75000000000000000       0.17090909183025360        9.2215403155770509E-002   4.5946259053896474E-002  0.49824928896405657     
  0.75000000000000000       0.17686867713928223        9.1471520814192811E-002   4.5629992432159129E-002  0.49884370595354893     
  0.75000000000000000       0.18282827734947205        9.0734489563566861E-002   4.5315974342847135E-002  0.49943493990892651     
  0.75000000000000000       0.18878787755966187        8.9962078542089818E-002   4.5001997758443463E-002  0.50023297024410951     
  0.75000000000000000       0.19474746286869049        8.9100624751935614E-002   4.4623995254649558E-002  0.50082696253687209     
  0.75000000000000000       0.20070706307888031        8.8239055376767558E-002   4.4241683740948876E-002  0.50138437624976273     
  0.75000000000000000       0.20666666328907013        8.7375305613333093E-002   4.3861526374858649E-002  0.50198996234658744     
  0.75000000000000000       0.21262624859809875        8.6523019570155166E-002   4.3482768358607406E-002  0.50255722205060605     
  0.75000000000000000       0.21858584880828857        8.5671448926770144E-002   4.3104929826612591E-002  0.50314229964124491     
  0.75000000000000000       0.22454544901847839        8.4915224649980817E-002   4.2777617022553185E-002  0.50376851970752989     
  0.75000000000000000       0.23050503432750702        8.4045202107631903E-002   4.2394745834527126E-002  0.50442791225886507     
  0.75000000000000000       0.23646463453769684        8.3171078373944302E-002   4.2012643373095633E-002  0.50513524886864136     
  0.75000000000000000       0.24242423474788666        8.2252300795708444E-002   4.1622182954993578E-002  0.50603062227245610     
  0.75000000000000000       0.24838383495807648        8.1300588045811778E-002   4.1191952964076226E-002  0.50666242341156398     
  0.75000000000000000       0.25434342026710510        8.0344465898487538E-002   4.0762690562029136E-002  0.50734907633254278     
  0.75000000000000000       0.26030299067497253        7.9387180267351629E-002   4.0334418552036191E-002  0.50807219019748862     
  0.75000000000000000       0.26626259088516235        7.8427183657429345E-002   3.9906773487491561E-002  0.50883853820130420     
  0.75000000000000000       0.27222219109535217        7.7463295880631097E-002   3.9479690488255462E-002  0.50965673535363931     
  0.75000000000000000       0.27818179130554199        7.6503429802471809E-002   3.9053304307061810E-002  0.51047782312368961     
  0.75000000000000000       0.28414139151573181        7.5539642080977271E-002   3.8627284675674223E-002  0.51135117418568654     
  0.75000000000000000       0.29010099172592163        7.4570573599161111E-002   3.8201650554758215E-002  0.51228854373715005     
  0.75000000000000000       0.29606056213378906        7.3598050541011525E-002   3.7820012527471379E-002  0.51387247691291338     
  0.75000000000000000       0.30202016234397888        7.2620432532916876E-002   3.7384782563926133E-002  0.51479702419812257     
  0.75000000000000000       0.30797976255416870        7.1638870814612093E-002   3.6941340958028777E-002  0.51566056999454957     
  0.75000000000000000       0.31393936276435852        7.0655404242181835E-002   3.6497904807217721E-002  0.51656211154232112     
  0.75000000000000000       0.31989896297454834        6.9669967997148086E-002   3.6049022724057959E-002  0.51742556743435875     
  0.75000000000000000       0.32585856318473816        6.8684237271510656E-002   3.5599864113261506E-002  0.51831199599020483     
  0.75000000000000000       0.33181816339492798        6.7696735375388770E-002   3.5151263317695948E-002  0.51924606294198394     
  0.75000000000000000       0.33777773380279541        6.6709132892489920E-002   3.4699533190258820E-002  0.52016165831718186     
  0.75000000000000000       0.34373733401298523        6.5723019770267760E-002   3.4248814269409227E-002  0.52110834817275009     
  0.75000000000000000       0.34969693422317505        6.4736950844055702E-002   3.3794404230137652E-002  0.52202650556626784     
  0.75000000000000000       0.35565653443336487        6.3753509202336398E-002   3.3342550375648629E-002  0.52299160929053157     
  0.75000000000000000       0.36161613464355469        6.2771243394676449E-002   3.2888735169164310E-002  0.52394589290473670     
  0.75000000000000000       0.36757573485374451        6.1790155131800625E-002   3.2435026170450652E-002  0.52492223237286872     
  0.75000000000000000       0.37353530526161194        6.0814816600923256E-002   3.1982265915587484E-002  0.52589595271593648     
  0.75000000000000000       0.37949490547180176        5.9842270908844974E-002   3.1529424938816199E-002  0.52687547547858848     
  0.75000000000000000       0.38545450568199158        5.8874883409545622E-002   3.1078890073896439E-002  0.52788028228787109     
  0.75000000000000000       0.39141410589218140        5.7911266163367649E-002   3.0627756043921754E-002  0.52887388021392712     
  0.75000000000000000       0.39737370610237122        5.6953724238159656E-002   3.0179307556970212E-002  0.52989173158846259     
  0.75000000000000000       0.40333330631256104        5.6000859010858717E-002   2.9729834541196574E-002  0.53088175907144353     
  0.75000000000000000       0.40929290652275085        5.5052590135437798E-002   2.9284279781753585E-002  0.53193282477190951     
  0.75000000000000000       0.41525247693061829        5.4114498778559637E-002   2.8839075341359197E-002  0.53292696028416964     
  0.75000000000000000       0.42121207714080811        5.3179479543429137E-002   2.8395851596500519E-002  0.53396257053081886     
  0.75000000000000000       0.42717167735099792        5.2255347548619983E-002   2.7956079418457250E-002  0.53498982840839504     
  0.75000000000000000       0.43313127756118774        5.1335061308276184E-002   2.7516527432499632E-002  0.53601820532088162     
  0.75000000000000000       0.43909087777137756        5.0424064080808989E-002   2.7080283924145392E-002  0.53705079941090950     
  0.75000000000000000       0.44505047798156738        4.9522098605333721E-002   2.6647861748294473E-002  0.53810041372972828     
  0.75000000000000000       0.45101004838943481        4.8627787006594564E-002   2.6218224343996573E-002  0.53916137167502687     
  0.75000000000000000       0.45696964859962463        4.7743079524452781E-002   2.5790335578816395E-002  0.54019003038141367     
  0.75000000000000000       0.46292924880981445        4.6866584246513153E-002   2.5364890852093164E-002  0.54121483909893220     
  0.75000000000000000       0.46888884902000427        4.5998086723035826E-002   2.4944443184264874E-002  0.54229305958877427     
  0.75000000000000000       0.47484844923019409        4.5142537423962611E-002   2.4526281177363201E-002  0.54330754487770849     
  0.75000000000000000       0.48080804944038391        4.4293333867943645E-002   2.4112637197684691E-002  0.54438524021637702     
  0.75000000000000000       0.48676764965057373        4.3457458759855204E-002   2.3702580337066178E-002  0.54542030329122615     
  0.75000000000000000       0.49272722005844116        4.2628362849634456E-002   2.3293636960120052E-002  0.54643517608886538     
  0.75000000000000000       0.49868682026863098        4.1809622075297551E-002   2.2891065122953781E-002  0.54750710450641815     
  0.75000000000000000       0.50464642047882080        4.1004593325518535E-002   2.2491486124492227E-002  0.54851138129676369     
  0.75000000000000000       0.51060599088668823        4.0206936511158926E-002   2.2096816896940839E-002  0.54957723254563673     
  0.75000000000000000       0.51656562089920044        3.9423212246103019E-002   2.1706232682749394E-002  0.55059523174434000     
  0.75000000000000000       0.52252519130706787        3.8647138456233646E-002   2.1317596026958343E-002  0.55159571648751371     
  0.75000000000000000       0.52848482131958008        3.7883220485123451E-002   2.0935415544611650E-002  0.55263030113379308     
  0.75000000000000000       0.53444439172744751        3.7131065501391856E-002   2.0557558122698036E-002  0.55364848396088817     
  0.75000000000000000       0.54040402173995972        3.6389258358800122E-002   2.0183291476254941E-002  0.55464970671417813     
  0.75000000000000000       0.54636359214782715        3.5659332325632724E-002   1.9813056564310996E-002  0.55562051424246461     
  0.75000000000000000       0.55232316255569458        3.4939872409444697E-002   1.9447816627590934E-002  0.55660811807469390     
  0.75000000000000000       0.55828279256820679        3.4230489384291921E-002   1.9087812210086499E-002  0.55762603904943686     
  0.75000000000000000       0.56424236297607422        3.3535357188659534E-002   1.8732402612037024E-002  0.55858664354324084     
  0.75000000000000000       0.57020199298858643        3.2848489436522348E-002   1.8380947643297302E-002  0.55956751615069955     
  0.75000000000000000       0.57616156339645386        3.2174025892340502E-002   1.8034827228566339E-002  0.56053996130026718     
  0.75000000000000000       0.58212113380432129        3.1511490951979165E-002   1.7692376033235108E-002  0.56145791578687232     
  0.75000000000000000       0.58808076381683350        3.0859481817403358E-002   1.7355064300367165E-002  0.56239001040450687     
  0.75000000000000000       0.59404033422470093        3.0219345084481788E-002   1.7023080516982037E-002  0.56331732105351662     
  0.75000000000000000       0.59999996423721313        2.9589670994761837E-002   1.6695844265256842E-002  0.56424568790279728     
