 x kt FF(p) FF(Pb) ratio
  0.75000000000000000        9.9999997764825821E-003  0.10461394677749407        3.9916490081696607E-002  0.38155992877886497     
  0.75000000000000000        1.5959594398736954E-002  0.10322336302139191        3.9174582211082255E-002  0.37951274851376188     
  0.75000000000000000        2.1919190883636475E-002  0.10360606422524926        3.9453491136468954E-002  0.38080291372417524     
  0.75000000000000000        2.7878785505890846E-002  0.10311488517405640        3.9278132072339177E-002  0.38091621792564934     
  0.75000000000000000        3.3838383853435516E-002  0.10270011998816336        3.9095315545214171E-002  0.38067448752465016     
  0.75000000000000000        3.9797976613044739E-002  0.10306223729144007        3.9287563573507621E-002  0.38120231625100465     
  0.75000000000000000        4.5757569372653961E-002  0.10291691730582722        3.9337154595743301E-002  0.38222243364372521     
  0.75000000000000000        5.1717169582843781E-002  0.10231116620318462        3.9093378104464616E-002  0.38210275139301231     
  0.75000000000000000        5.7676762342453003E-002  0.10196772924920024        3.8985587577692986E-002  0.38233260527372942     
  0.75000000000000000        6.3636362552642822E-002  0.10173753252685509        3.8965919887216038E-002  0.38300437330667930     
  0.75000000000000000        6.9595955312252045E-002  0.10184423009530909        3.9099220922359283E-002  0.38391198878688543     
  0.75000000000000000        7.5555548071861267E-002  0.10133247091730681        3.8948795514905446E-002  0.38436638485495855     
  0.75000000000000000        8.1515140831470490E-002  0.10079238137703257        3.8783020484465393E-002  0.38478126972107468     
  0.75000000000000000        8.7474741041660309E-002  0.10028557425980152        3.8665905527478964E-002  0.38555800086770614     
  0.75000000000000000        9.3434333801269531E-002   9.9875382192938830E-002   3.8587009720398621E-002  0.38635156004566173     
  0.75000000000000000        9.9393934011459351E-002   9.9520327146571705E-002   3.8533199341547510E-002  0.38718923506749053     
  0.75000000000000000       0.10535352677106857        9.9078256821187358E-002   3.8470360762845386E-002  0.38828257578527264     
  0.75000000000000000       0.11131311953067780        9.8635285714422399E-002   3.8376675351316315E-002  0.38907653658983521     
  0.75000000000000000       0.11727271974086761        9.8026655284077419E-002   3.8212394551327633E-002  0.38981636617703219     
  0.75000000000000000       0.12323231250047684        9.7419714540210992E-002   3.8070031058655057E-002  0.39078364413541017     
  0.75000000000000000       0.12919192016124725        9.6829970305863808E-002   3.7944856197491168E-002  0.39187098867873260     
  0.75000000000000000       0.13515150547027588        9.6262825777789648E-002   3.7832168100578337E-002  0.39300911639461977     
  0.75000000000000000       0.14111110568046570        9.5687261110733446E-002   3.7728892939604242E-002  0.39429379106109780     
  0.75000000000000000       0.14707070589065552        9.4963303041829192E-002   3.7578992439628506E-002  0.39572120214769496     
  0.75000000000000000       0.15303029119968414        9.4248007512741094E-002   3.7397470295016430E-002  0.39679852425485795     
  0.75000000000000000       0.15898989140987396        9.3549947784527868E-002   3.7225958899987144E-002  0.39792602541830502     
  0.75000000000000000       0.16494949162006378        9.2949222036863677E-002   3.7118941188321056E-002  0.39934644287393473     
  0.75000000000000000       0.17090909183025360        9.2215403155770509E-002   3.6950507991316869E-002  0.40069778721131838     
  0.75000000000000000       0.17686867713928223        9.1471520814192811E-002   3.6790113834238726E-002  0.40220293165313081     
  0.75000000000000000       0.18282827734947205        9.0734489563566861E-002   3.6634352103411712E-002  0.40375332775467238     
  0.75000000000000000       0.18878787755966187        8.9962078542089818E-002   3.6481063261265968E-002  0.40551601132912768     
  0.75000000000000000       0.19474746286869049        8.9100624751935614E-002   3.6275653704295877E-002  0.40713130581621232     
  0.75000000000000000       0.20070706307888031        8.8239055376767558E-002   3.6068071185122577E-002  0.40875404922590469     
  0.75000000000000000       0.20666666328907013        8.7375305613333093E-002   3.5863819680152467E-002  0.41045715867206994     
  0.75000000000000000       0.21262624859809875        8.6523019570155166E-002   3.5662244037180990E-002  0.41217059014295143     
  0.75000000000000000       0.21858584880828857        8.5671448926770144E-002   3.5462947476380700E-002  0.41394125955186728     
  0.75000000000000000       0.22454544901847839        8.4915224649980817E-002   3.5317561502718711E-002  0.41591553986104529     
  0.75000000000000000       0.23050503432750702        8.4045202107631903E-002   3.5116087886241945E-002  0.41782382581781136     
  0.75000000000000000       0.23646463453769684        8.3171078373944302E-002   3.4916821692390368E-002  0.41981927341859560     
  0.75000000000000000       0.24242423474788666        8.2252300795708444E-002   3.4711532775278130E-002  0.42201290954148268     
  0.75000000000000000       0.24838383495807648        8.1300588045811778E-002   3.4473178559214772E-002  0.42402126956067776     
  0.75000000000000000       0.25434342026710510        8.0344465898487538E-002   3.4235974173978959E-002  0.42611490151960102     
  0.75000000000000000       0.26030299067497253        7.9387180267351629E-002   3.3999931121165512E-002  0.42827986844556254     
  0.75000000000000000       0.26626259088516235        7.8427183657429345E-002   3.3764660557573517E-002  0.43052241560857091     
  0.75000000000000000       0.27222219109535217        7.7463295880631097E-002   3.3530043818170936E-002  0.43285072545634840     
  0.75000000000000000       0.27818179130554199        7.6503429802471809E-002   3.3296165407038128E-002  0.43522447938618219     
  0.75000000000000000       0.28414139151573181        7.5539642080977271E-002   3.3062600461084182E-002  0.43768542648959879     
  0.75000000000000000       0.29010099172592163        7.4570573599161111E-002   3.2829271919263728E-002  0.44024432607600383     
  0.75000000000000000       0.29606056213378906        7.3598050541011525E-002   3.2641658027263445E-002  0.44351253582558303     
  0.75000000000000000       0.30202016234397888        7.2620432532916876E-002   3.2393702731944113E-002  0.44606871099619139     
  0.75000000000000000       0.30797976255416870        7.1638870814612093E-002   3.2128862191538952E-002  0.44848364897713699     
  0.75000000000000000       0.31393936276435852        7.0655404242181835E-002   3.1864776825280758E-002  0.45098852900281383     
  0.75000000000000000       0.31989896297454834        6.9669967997148086E-002   3.1601512991048887E-002  0.45358873987630488     
  0.75000000000000000       0.32585856318473816        6.8684237271510656E-002   3.1338521486234096E-002  0.45626948381696469     
  0.75000000000000000       0.33181816339492798        6.7696735375388770E-002   3.1075735497877222E-002  0.45904333976457667     
  0.75000000000000000       0.33777773380279541        6.6709132892489920E-002   3.0813156627330748E-002  0.46190312017681279     
  0.75000000000000000       0.34373733401298523        6.5723019770267760E-002   3.0550759330672896E-002  0.46484107756250209     
  0.75000000000000000       0.34969693422317505        6.4736950844055702E-002   3.0288535770670973E-002  0.46787090488139876     
  0.75000000000000000       0.35565653443336487        6.3753509202336398E-002   3.0026556102156234E-002  0.47097887595269566     
  0.75000000000000000       0.36161613464355469        6.2771243394676449E-002   2.9764791163247074E-002  0.47417877285144538     
  0.75000000000000000       0.36757573485374451        6.1790155131800625E-002   2.9492740550871959E-002  0.47730484715506671     
  0.75000000000000000       0.37353530526161194        6.0814816600923256E-002   2.9251983421216651E-002  0.48100093128904647     
  0.75000000000000000       0.37949490547180176        5.9842270908844974E-002   2.8968774216045642E-002  0.48408547630440807     
  0.75000000000000000       0.38545450568199158        5.8874883409545622E-002   2.8691651111049526E-002  0.48733261875806333     
  0.75000000000000000       0.39141410589218140        5.7911266163367649E-002   2.8413557413023226E-002  0.49063954728374609     
  0.75000000000000000       0.39737370610237122        5.6953724238159656E-002   2.8137779960271465E-002  0.49404635669845848     
  0.75000000000000000       0.40333330631256104        5.6000859010858717E-002   2.7860962417856721E-002  0.49750955449548384     
  0.75000000000000000       0.40929290652275085        5.5052590135437798E-002   2.7583205847124086E-002  0.50103375298537589     
  0.75000000000000000       0.41525247693061829        5.4114498778559637E-002   2.7303353874268178E-002  0.50454784744464576     
  0.75000000000000000       0.42121207714080811        5.3179479543429137E-002   2.7022056017672578E-002  0.50812938091289439     
  0.75000000000000000       0.42717167735099792        5.2255347548619983E-002   2.6742083238793860E-002  0.51175782945299908     
  0.75000000000000000       0.43313127756118774        5.1335061308276184E-002   2.6460397172657652E-002  0.51544493175450312     
  0.75000000000000000       0.43909087777137756        5.0424064080808989E-002   2.6179439130805369E-002  0.51918542481721663     
  0.75000000000000000       0.44505047798156738        4.9522098605333721E-002   2.5896299555425828E-002  0.52292411437985176     
  0.75000000000000000       0.45101004838943481        4.8627787006594564E-002   2.5614740216964693E-002  0.52675109836873724     
  0.75000000000000000       0.45696964859962463        4.7743079524452781E-002   2.5331923090358879E-002  0.53058837726176666     
  0.75000000000000000       0.46292924880981445        4.6866584246513153E-002   2.5050131565342283E-002  0.53449876853796952     
  0.75000000000000000       0.46888884902000427        4.5998086723035826E-002   2.4768359958322651E-002  0.53846500415241538     
  0.75000000000000000       0.47484844923019409        4.5142537423962611E-002   2.4483960770784539E-002  0.54237006087717032     
  0.75000000000000000       0.48080804944038391        4.4293333867943645E-002   2.4202497712311956E-002  0.54641399955283110     
  0.75000000000000000       0.48676764965057373        4.3457458759855204E-002   2.3921316949074168E-002  0.55045365356641651     
  0.75000000000000000       0.49272722005844116        4.2628362849634456E-002   2.3640503634541437E-002  0.55457216872085802     
  0.75000000000000000       0.49868682026863098        4.1809622075297551E-002   2.3359141573664515E-002  0.55870252860921787     
  0.75000000000000000       0.50464642047882080        4.1004593325518535E-002   2.3077743878027798E-002  0.56280874912776524     
  0.75000000000000000       0.51060599088668823        4.0206936511158926E-002   2.2798523836997750E-002  0.56702961765491156     
  0.75000000000000000       0.51656562089920044        3.9423212246103019E-002   2.2519052274542904E-002  0.57121302378826089     
  0.75000000000000000       0.52252519130706787        3.8647138456233646E-002   2.2241284474168316E-002  0.57549628155149679     
  0.75000000000000000       0.52848482131958008        3.7883220485123451E-002   2.1962884855925947E-002  0.57975231711228614     
  0.75000000000000000       0.53444439172744751        3.7131065501391856E-002   2.1688329238994511E-002  0.58410198969866689     
  0.75000000000000000       0.54040402173995972        3.6389258358800122E-002   2.1410951846076162E-002  0.58838659570807894     
  0.75000000000000000       0.54636359214782715        3.5659332325632724E-002   2.1136968338617054E-002  0.59274717051904335     
  0.75000000000000000       0.55232316255569458        3.4939872409444697E-002   2.0864101492531494E-002  0.59714303612888009     
  0.75000000000000000       0.55828279256820679        3.4230489384291921E-002   2.0590216018280982E-002  0.60151684619880597     
  0.75000000000000000       0.56424236297607422        3.3535357188659534E-002   2.0319785522712901E-002  0.60592124927729496     
  0.75000000000000000       0.57020199298858643        3.2848489436522348E-002   2.0050659940306473E-002  0.61039823395998527     
  0.75000000000000000       0.57616156339645386        3.2174025892340502E-002   1.9782904345563821E-002  0.61487189734230407     
  0.75000000000000000       0.58212113380432129        3.1511490951979165E-002   1.9514510597645012E-002  0.61928236361089573     
  0.75000000000000000       0.58808076381683350        3.0859481817403358E-002   1.9249669022636074E-002  0.62378458382862823     
  0.75000000000000000       0.59404033422470093        3.0219345084481788E-002   1.8986366423210801E-002  0.62828517196954947     
  0.75000000000000000       0.59999996423721313        2.9589670994761837E-002   1.8724649513936237E-002  0.63281033159344691     
