 x kt PDF(p) PDF(Pb) ratio
   4.0000001899898052E-003   9.9999997764825821E-003   62.726800171018297        42.826326425642868       0.68274368067367064     
   8.0000003799796104E-003   9.9999997764825821E-003   33.210160835808381        24.569769074549246       0.73982686190598768     
   1.2000000104308128E-002   9.9999997764825821E-003   23.560457341477022        18.528300362716351       0.78641514017209646     
   1.6000000759959221E-002   9.9999997764825821E-003   18.661577314299841        15.418978489141010       0.82624197459053372     
   2.0000001415610313E-002   9.9999997764825821E-003   15.643866689460223        13.476651382081419       0.86146549632521952     
   2.4000000208616257E-002   9.9999997764825821E-003   13.574959861886512        12.122269012165766       0.89298746629819759     
   2.8000000864267349E-002   9.9999997764825821E-003   12.055189301483534        11.108593857201585       0.92147817669147192     
   3.2000001519918442E-002   9.9999997764825821E-003   10.882437144956526        10.308196311338065       0.94723233169468901     
   3.6000002175569534E-002   9.9999997764825821E-003   9.9495958767477077        9.6480430525941063       0.96969195252861140     
   4.0000002831220627E-002   9.9999997764825821E-003   9.1871766997329800        9.0852123534818698       0.98890144931531865     
   4.4000003486871719E-002   9.9999997764825821E-003   8.5497136405831355        8.5995780470021916        1.0058322896549849     
   4.8000000417232513E-002   9.9999997764825821E-003   8.0080600555854797        8.1641846960827884        1.0194959377693995     
   5.2000001072883606E-002   9.9999997764825821E-003   7.5419996438976948        7.7697983395937626        1.0302040183574368     
   5.6000001728534698E-002   9.9999997764825821E-003   7.1359837039667351        7.4048574362283217        1.0376785799149353     
   6.0000002384185791E-002   9.9999997764825821E-003   6.7788025477268992        7.0688402322655204        1.0427859762098954     
   6.4000003039836884E-002   9.9999997764825821E-003   6.4619274533367799        6.7596745216924319        1.0460771295415741     
   6.8000003695487976E-002   9.9999997764825821E-003   6.1785440176953879        6.4832944573938480        1.0493239894100703     
   7.2000004351139069E-002   9.9999997764825821E-003   5.9232595552082499        6.2282792904694517        1.0514952506163606     
   7.6000005006790161E-002   9.9999997764825821E-003   5.6918760849605201        5.9943941387177038        1.0531490934169347     
   8.0000005662441254E-002   9.9999997764825821E-003   5.4812812762599945        5.7773409584369828        1.0540128607264243     
   8.4000006318092346E-002   9.9999997764825821E-003   5.2883939250915688        5.5757960808963407        1.0543458297312440     
   8.8000006973743439E-002   9.9999997764825821E-003   5.1106601331324466        5.3885500769283974        1.0543745693426938     
   9.2000007629394531E-002   9.9999997764825821E-003   4.9460891234657156        5.2133544870491759        1.0540356950535876     
   9.6000000834465027E-002   9.9999997764825821E-003   4.7936771795161253        5.0476621382453288        1.0529833255803096     
  0.10000000149011612        9.9999997764825821E-003   4.6518662283209249        4.8922290643114108        1.0516701951847063     
  0.10400000214576721        9.9999997764825821E-003   4.5191627902229721        4.7459646864427496        1.0501867064205905     
  0.10800000280141830        9.9999997764825821E-003   4.3943653650508878        4.6075703715014855        1.0485178151426033     
  0.11200000345706940        9.9999997764825821E-003   4.2765354195410019        4.4764281942910298        1.0467417559168684     
  0.11600000411272049        9.9999997764825821E-003   4.1654471739447958        4.3516708269796220        1.0447067614252006     
  0.12000000476837158        9.9999997764825821E-003   4.0605276146156495        4.2323811486940093        1.0423229566177021     
  0.12400000542402267        9.9999997764825821E-003   3.9611068167511134        4.1193173564554666        1.0399409930162189     
  0.12800000607967377        9.9999997764825821E-003   3.8666195641578600        4.0119459652102103        1.0375848719122700     
  0.13199999928474426        9.9999997764825821E-003   3.7765846781478696        3.9096192876627072        1.0352261688410178     
  0.13600000739097595        9.9999997764825821E-003   3.6905841243327582        3.8111420438958961        1.0326663518569528     
  0.14000000059604645        9.9999997764825821E-003   3.6080555571716770        3.7157129942022991        1.0298380763058466     
  0.14400000870227814        9.9999997764825821E-003   3.5287158539535719        3.6239236094605096        1.0269808506684570     
  0.14800000190734863        9.9999997764825821E-003   3.4524705020359567        3.5358654170721961        1.0241551419446047     
  0.15200001001358032        9.9999997764825821E-003   3.3791018882274608        3.4512361637161377        1.0213471738570499     
  0.15600000321865082        9.9999997764825821E-003   3.3082993222174046        3.3696144529536896        1.0185337313115876     
  0.16000001132488251        9.9999997764825821E-003   3.2400177933147458        3.2909814270760434        1.0157294302106774     
  0.16400000452995300        9.9999997764825821E-003   3.1739639756961857        3.2145269362748339        1.0127799057863442     
  0.16800001263618469        9.9999997764825821E-003   3.1099053911203551        3.1397258793875960        1.0095888731381948     
  0.17200000584125519        9.9999997764825821E-003   3.0478473106227444        3.0671487424050028        1.0063328079838469     
  0.17600001394748688        9.9999997764825821E-003   2.9875480323528478        2.9968334866084558        1.0031080518723225     
  0.18000000715255737        9.9999997764825821E-003   2.9288952584090020        2.9291943417697412        1.0001021147341751     
  0.18400001525878906        9.9999997764825821E-003   2.8718886958985750        2.8642978367487055       0.99735684075754394     
  0.18800000846385956        9.9999997764825821E-003   2.8163476345431473        2.8003677004005625       0.99432600793077275     
  0.19200000166893005        9.9999997764825821E-003   2.7622040852821907        2.7367711306571700       0.99079251429663195     
  0.19600000977516174        9.9999997764825821E-003   2.7094755072927397        2.6751403905944793       0.98732776265891864     
  0.20000000298023224        9.9999997764825821E-003   2.6579767037725972        2.6160165951562311       0.98421351528145073     
  0.20400001108646393        9.9999997764825821E-003   2.6075873965744942        2.5581410923606462       0.98103752753261342     
  0.20800000429153442        9.9999997764825821E-003   2.5583887156707252        2.5008875598483131       0.97752446472648813     
  0.21200001239776611        9.9999997764825821E-003   2.5102564368048195        2.4450868216550306       0.97403866226801117     
  0.21600000560283661        9.9999997764825821E-003   2.4630535427070375        2.3915047471166586       0.97095118138936487     
  0.22000001370906830        9.9999997764825821E-003   2.4167947006644215        2.3392389192224763       0.96790965264007589     
  0.22400000691413879        9.9999997764825821E-003   2.3714909178200241        2.2875870788792718       0.96461979326579916     
  0.22800001502037048        9.9999997764825821E-003   2.3270553679540811        2.2367719461773929       0.96120271867185347     
  0.23200000822544098        9.9999997764825821E-003   2.2834227978332566        2.1870805678978198       0.95780797580419352     
  0.23600001633167267        9.9999997764825821E-003   2.2406506109263300        2.1386113907721556       0.95446000386825625     
  0.24000000953674316        9.9999997764825821E-003   2.1986962690695733        2.0912300372678829       0.95112274791498730     
  0.24400001764297485        9.9999997764825821E-003   2.1574831145030235        2.0448419608847463       0.94779048194580007     
  0.24800001084804535        9.9999997764825821E-003   2.1169554956754166        1.9993980968067186       0.94446864891168103     
  0.25200000405311584        9.9999997764825821E-003   2.0771760281824836        1.9549312803996883       0.94114858532728274     
  0.25600001215934753        9.9999997764825821E-003   2.0381085550193054        1.9114355290500462       0.93784775317423696     
  0.26000002026557922        9.9999997764825821E-003   1.9996869313869490        1.8689069019375970       0.93459974789221378     
  0.26399999856948853        9.9999997764825821E-003   1.9618537520638788        1.8272517360649423       0.93139039245033706     
  0.26800000667572021        9.9999997764825821E-003   1.9246397865360338        1.7863906314259537       0.92816881575595978     
  0.27200001478195190        9.9999997764825821E-003   1.8880552898721272        1.7462522250745149       0.92489464394487286     
  0.27600002288818359        9.9999997764825821E-003   1.8520579762468421        1.7068760476301881       0.92161048386246402     
  0.28000000119209290        9.9999997764825821E-003   1.8166101500711089        1.6682601270368080       0.91833689631840165     
  0.28400000929832458        9.9999997764825821E-003   1.7816882322244370        1.6303835267278639       0.91507790040928250     
  0.28800001740455627        9.9999997764825821E-003   1.7473205984330289        1.5932742535138154       0.91183853434947193     
  0.29200002551078796        9.9999997764825821E-003   1.7134994817344278        1.5569144268954245       0.90861680641974529     
  0.29600000381469727        9.9999997764825821E-003   1.6802115585068707        1.5212715982123155       0.90540479293226739     
  0.30000001192092896        9.9999997764825821E-003   1.6474434065476613        1.4863197534675900       0.90219776142858965     
  0.30400002002716064        9.9999997764825821E-003   1.6151982203310218        1.4520425147868377       0.89898719334228416     
  0.30800002813339233        9.9999997764825821E-003   1.5834946735784354        1.4184488991996831       0.89577118437299430     
  0.31200000643730164        9.9999997764825821E-003   1.5522984161800235        1.3855217041742596       0.89256143646904140     
  0.31600001454353333        9.9999997764825821E-003   1.5215746418843294        1.3532287870031534       0.88936076466633585     
  0.32000002264976501        9.9999997764825821E-003   1.4912923650457390        1.3215317384463316       0.88616542900747652     
  0.32400000095367432        9.9999997764825821E-003   1.4614289405665046        1.2904311117815848       0.88299271758048348     
  0.32800000905990601        9.9999997764825821E-003   1.4319995287076743        1.2599462191259336       0.87985100125206583     
  0.33200001716613770        9.9999997764825821E-003   1.4030086725529787        1.2300965794612420       0.87675621934888115     
  0.33600002527236938        9.9999997764825821E-003   1.3744558305495118        1.2008338684224324       0.87367948953465846     
  0.34000000357627869        9.9999997764825821E-003   1.3463399535509550        1.1721208414350062       0.87059797812844508     
  0.34400001168251038        9.9999997764825821E-003   1.3186587201352724        1.1439435873898745       0.86750542041122281     
  0.34800001978874207        9.9999997764825821E-003   1.2914076946836994        1.1163229445514460       0.86442333365906077     
  0.35200002789497375        9.9999997764825821E-003   1.2645785293060525        1.0892898062802434       0.86138565619803764     
  0.35600000619888306        9.9999997764825821E-003   1.2381638626032299        1.0628102838108400       0.85837611313924933     
  0.36000001430511475        9.9999997764825821E-003   1.2121557795526710        1.0368509483991490       0.85537763865778405     
  0.36400002241134644        9.9999997764825821E-003   1.1865470308387309        1.0113670150777498       0.85236150678565847     
  0.36800003051757812        9.9999997764825821E-003   1.1613302633273150       0.98639558963835228       0.84936698955234380     
  0.37200000882148743        9.9999997764825821E-003   1.1364908975307588       0.96194130980208881       0.84641356291729919     
  0.37600001692771912        9.9999997764825821E-003   1.1120229780995199       0.93800158191503213       0.84350917237169376     
  0.38000002503395081        9.9999997764825821E-003   1.0879307360906612       0.91453990155349651       0.84062327794853720     
  0.38400000333786011        9.9999997764825821E-003   1.0642173998902948       0.89152485314177954       0.83772813076884722     
  0.38800001144409180        9.9999997764825821E-003   1.0408847444080471       0.86896011200493184       0.83482836757215695     
  0.39200001955032349        9.9999997764825821E-003   1.0179342295473290       0.84686596511750822       0.83194566066818076     
  0.39600002765655518        9.9999997764825821E-003  0.99535858249682463       0.82525277473719405       0.82910097853084697     
  0.40000000596046448        9.9999997764825821E-003  0.97313495851279053       0.80408107910416748       0.82627910144448780     
   4.0000001899898052E-003  0.25000000000000000        54.529613012797938        37.896755825025444       0.69497569726253494     
   8.0000003799796104E-003  0.25000000000000000        28.833752734159788        21.727162043732729       0.75353223161937666     
   1.2000000104308128E-002  0.25000000000000000        20.439572602641114        16.378235467380478       0.80130029065598718     
   1.6000000759959221E-002  0.25000000000000000        16.180745037043881        13.626237894314572       0.84212672921543041     
   2.0000001415610313E-002  0.25000000000000000        13.558780082358222        11.907466464945816       0.87821075293042150     
   2.4000000208616257E-002  0.25000000000000000        11.761954307420682        10.709178359905666       0.91049311024352353     
   2.8000000864267349E-002  0.25000000000000000        10.442541896157220        9.8127564656054300       0.93969040901970946     
   3.2000001519918442E-002  0.25000000000000000        9.4248288945732721        9.1047285101812836       0.96603647790610825     
   3.6000002175569534E-002  0.25000000000000000        8.6154429956987304        8.5208438887604601       0.98901982092093244     
   4.0000002831220627E-002  0.25000000000000000        7.9540404013125734        8.0232692405171289        1.0087036066843627     
   4.4000003486871719E-002  0.25000000000000000        7.4011814933328965        7.5939205531254572        1.0260416610464400     
   4.8000000417232513E-002  0.25000000000000000        6.9315074478949139        7.2087903467077954        1.0400032606034482     
   5.2000001072883606E-002  0.25000000000000000        6.5274318423470605        6.8605007093206449        1.0510260198831618     
   5.6000001728534698E-002  0.25000000000000000        6.1754592855911961        6.5380363607323284        1.0587125683084189     
   6.0000002384185791E-002  0.25000000000000000        5.8658506606888317        6.2411817101486111        1.0639857833366158     
   6.4000003039836884E-002  0.25000000000000000        5.5912019324646716        5.9678834889652608        1.0673704081967477     
   6.8000003695487976E-002  0.25000000000000000        5.3456026719390399        5.7237704734982060        1.0707437168019058     
   7.2000004351139069E-002  0.25000000000000000        5.1243688556528353        5.4983964686404097        1.0729899863814398     
   7.6000005006790161E-002  0.25000000000000000        4.9238562426167096        5.2918837086156891        1.0747437471495709     
   8.0000005662441254E-002  0.25000000000000000        4.7413686621756170        5.1001500642629507        1.0756704292896524     
   8.4000006318092346E-002  0.25000000000000000        4.5742329300595896        4.9221043019433104        1.0760502093362327     
   8.8000006973743439E-002  0.25000000000000000        4.4202328390842167        4.7566907169424919        1.0761176820558580     
   9.2000007629394531E-002  0.25000000000000000        4.2776413800061608        4.6019157419255716        1.0758068134077532     
   9.6000000834465027E-002  0.25000000000000000        4.1455901559647330        4.4557531388314704        1.0748175702850100     
  0.10000000149011612       0.25000000000000000        4.0227280717946838        4.3185392808792802        1.0735349752220822     
  0.10400000214576721       0.25000000000000000        3.9077594567995835        4.1893100883693863        1.0720491203929912     
  0.10800000280141830       0.25000000000000000        3.7996420765888752        4.0670120611436529        1.0703671501592615     
  0.11200000345706940       0.25000000000000000        3.6975618547092863        3.9511554518870655        1.0685840040389851     
  0.11600000411272049       0.25000000000000000        3.6013222817525601        3.8409686921049024        1.0665440056744158     
  0.12000000476837158       0.25000000000000000        3.5104280430846098        3.7356264247538657        1.0641512598763809     
  0.12400000542402267       0.25000000000000000        3.4242999149187510        3.6357598549328025        1.0617527510054763     
  0.12800000607967377       0.25000000000000000        3.3424490046062392        3.5409320267174147        1.0593825131924661     
  0.13199999928474426       0.25000000000000000        3.2644589616413393        3.4506298854680670        1.0570296413630278     
  0.13600000739097595       0.25000000000000000        3.1899677434951892        3.3636683963067591        1.0544521659085020     
  0.14000000059604645       0.25000000000000000        3.1184821237722593        3.2793304147536473        1.0515790325540870     
  0.14400000870227814       0.25000000000000000        3.0497591850162280        3.1982989249324509        1.0487053996413924     
  0.14800000190734863       0.25000000000000000        2.9837212428420496        3.1205956729009627        1.0458737324699066     
  0.15200001001358032       0.25000000000000000        2.9201774653870221        3.0457988010954113        1.0430183909017119     
  0.15600000321865082       0.25000000000000000        2.8588567607653257        2.9736697872045319        1.0401604683434613     
  0.16000001132488251       0.25000000000000000        2.7997195121969476        2.9043107627253661        1.0373577603301931     
  0.16400000452995300       0.25000000000000000        2.7425136128049541        2.8368507849849380        1.0343980688881609     
  0.16800001263618469       0.25000000000000000        2.6870389153258398        2.7707551539074808        1.0311555735587437     
  0.17200000584125519       0.25000000000000000        2.6332990618167802        2.7066697175898682        1.0278626369624981     
  0.17600001394748688       0.25000000000000000        2.5810848911810753        2.6446749568168588        1.0246369524121639     
  0.18000000715255737       0.25000000000000000        2.5302993596235703        2.5850263388982246        1.0216286579161116     
  0.18400001525878906       0.25000000000000000        2.4809416601808354        2.5277451031335616        1.0188651928837837     
  0.18800000846385956       0.25000000000000000        2.4328542863259770        2.4713046544017230        1.0158046325634293     
  0.19200000166893005       0.25000000000000000        2.3859774268725640        2.4151545374947183        1.0122285778119864     
  0.19600000977516174       0.25000000000000000        2.3403264133749513        2.3606974481846970        1.0087043562356623     
  0.20000000298023224       0.25000000000000000        2.2957421213572005        2.3083963007216801        1.0055120212530659     
  0.20400001108646393       0.25000000000000000        2.2521210224511914        2.2572422296978045        1.0022739485114522     
  0.20800000429153442       0.25000000000000000        2.2095322503503829        2.2067614251558152       0.99874596752587419     
  0.21200001239776611       0.25000000000000000        2.1678690388939121        2.1575712033615702       0.99524978891824756     
  0.21600000560283661       0.25000000000000000        2.1270136684750685        2.1102484503438639       0.99211795467998842     
  0.22000001370906830       0.25000000000000000        2.0869788048119053        2.0640804708234639       0.98902799878194969     
  0.22400000691413879       0.25000000000000000        2.0477731641468093        2.0185081786391375       0.98570887341427538     
  0.22800001502037048       0.25000000000000000        2.0093210881860353        1.9736907277658806       0.98226746306021162     
  0.23200000822544098       0.25000000000000000        1.9715656530698791        1.9298308484305333       0.97883164348376561     
  0.23600001633167267       0.25000000000000000        1.9345562616250591        1.8870208851220416       0.97542827911187913     
  0.24000000953674316       0.25000000000000000        1.8982562028222481        1.8451810664066641       0.97204005637559665     
  0.24400001764297485       0.25000000000000000        1.8625992608445543        1.8042451121275607       0.96867058312342813     
  0.24800001084804535       0.25000000000000000        1.8275372825760485        1.7641489540226201       0.96531489170821294     
  0.25200000405311584       0.25000000000000000        1.7931237123458184        1.7249156380649848       0.96196131153070208     
  0.25600001215934753       0.25000000000000000        1.7593276004078560        1.6865329396462345       0.95862358963461614     
  0.26000002026557922       0.25000000000000000        1.7260922848311067        1.6489822679870310       0.95532682839630401     
  0.26399999856948853       0.25000000000000000        1.6933685654585009        1.6121898545517224       0.95206081383422969     
  0.26800000667572021       0.25000000000000000        1.6611826078790322        1.5761072324230654       0.94878625922734072     
  0.27200001478195190       0.25000000000000000        1.6295429025785833        1.5406863976833471       0.94547151550620123     
  0.27600002288818359       0.25000000000000000        1.5984129816559869        1.5059425793442560       0.94214861655094306     
  0.28000000119209290       0.25000000000000000        1.5677603241905262        1.4718616030363159       0.93883075131160421     
  0.28400000929832458       0.25000000000000000        1.5375646369803919        1.4384298692254125       0.93552481283019806     
  0.28800001740455627       0.25000000000000000        1.5078504199166862        1.4056776045645198       0.93223942242373636     
  0.29200002551078796       0.25000000000000000        1.4786103980543914        1.3735913740169345       0.92897451270757692     
  0.29600000381469727       0.25000000000000000        1.4498325122964264        1.3421383861396206       0.92571960882141735     
  0.30000001192092896       0.25000000000000000        1.4215046797726802        1.3112923191741022       0.92246781725952343     
  0.30400002002716064       0.25000000000000000        1.3936290638091777        1.2810409178327609       0.91921225747927360     
  0.30800002813339233       0.25000000000000000        1.3662215733588867        1.2513944517173858       0.91595278256425439     
  0.31200000643730164       0.25000000000000000        1.3392533694790378        1.2223392609073469       0.91270202395147237     
  0.31600001454353333       0.25000000000000000        1.3126951605435553        1.1938438161064844       0.90946005743796798     
  0.32000002264976501       0.25000000000000000        1.2865208586632317        1.1658711163709834       0.90622014289172870     
  0.32400000095367432       0.25000000000000000        1.2607113594347530        1.1384234509299278       0.90300086725667827     
  0.32800000905990601       0.25000000000000000        1.2352791648102166        1.1115204997878523       0.89981320130063225     
  0.33200001716613770       0.25000000000000000        1.2102277253979821        1.0851829002555018       0.89667661505493979     
  0.33600002527236938       0.25000000000000000        1.1855562224963117        1.0593639246758557       0.89355857155829777     
  0.34000000357627869       0.25000000000000000        1.1612634326542655        1.0340285506840823       0.89043409239248483     
  0.34400001168251038       0.25000000000000000        1.1373470641161758        1.0091639226972577       0.88729637112262805     
  0.34800001978874207       0.25000000000000000        1.1138030104775907       0.98479014740099968       0.88416904797081564     
  0.35200002789497375       0.25000000000000000        1.0906241131705032       0.96093531481191297       0.88108753805050399     
  0.35600000619888306       0.25000000000000000        1.0678042411852524       0.93756945621955023       0.87803496189419250     
  0.36000001430511475       0.25000000000000000        1.0453367590351923       0.91466303919123504       0.87499366236334752     
  0.36400002241134644       0.25000000000000000        1.0232155822838387       0.89217671531754605       0.87193425390003232     
  0.36800003051757812       0.25000000000000000        1.0014345144985182       0.87014303183627895       0.86889658708439343     
  0.37200000882148743       0.25000000000000000       0.97998083863980434       0.84856599927777521       0.86590060317461870     
  0.37600001692771912       0.25000000000000000       0.95884914684219924       0.82744325848369993       0.86295457550203647     
  0.38000002503395081       0.25000000000000000       0.93804299269531821       0.80674256560182100       0.86002728220779501     
  0.38400000333786011       0.25000000000000000       0.91756507065313986       0.78643619860381497       0.85709038383949721     
  0.38800001144409180       0.25000000000000000       0.89741682672430734       0.76652733246286398       0.85414860701998685     
  0.39200001955032349       0.25000000000000000       0.87759944121384337       0.74703377060851262       0.85122407276748024     
  0.39600002765655518       0.25000000000000000       0.85810645957383824       0.72796437022856830       0.84833806121223876     
  0.40000000596046448       0.25000000000000000       0.83891792001186893       0.70928456655783956       0.84547552226301792     
   4.0000001899898052E-003  0.50000000000000000        35.944371784498614        26.390146135876783       0.73419411233827181     
   8.0000003799796104E-003  0.50000000000000000        18.909739342436556        15.078816786291831       0.79741008129353186     
   1.2000000104308128E-002  0.50000000000000000        13.361600967487885        11.341139351194030       0.84878596350765578     
   1.6000000759959221E-002  0.50000000000000000        10.553760096883851        9.4202156121394438       0.89259330567130268     
   2.0000001415610313E-002  0.50000000000000000        8.8289084569497600        8.2216858834224116       0.93122336962851082     
   2.4000000208616257E-002  0.50000000000000000        7.6489426747162677        7.3868456562973135       0.96573421588250086     
   2.8000000864267349E-002  0.50000000000000000        6.7838132512062090        6.7627731836134446       0.99689848956425453     
   3.2000001519918442E-002  0.50000000000000000        6.1175351357187688        6.2702443898581821        1.0249625463117951     
   3.6000002175569534E-002  0.50000000000000000        5.5880989562989649        5.8644314867315801        1.0494501855807565     
   4.0000002831220627E-002  0.50000000000000000        5.1558150419296123        5.5191416639579138        1.0704692893506753     
   4.4000003486871719E-002  0.50000000000000000        4.7948180496530783        5.2212057373886935        1.0889267712184545     
   4.8000000417232513E-002  0.50000000000000000        4.4883701697089498        4.9542740177829456        1.1038024562274924     
   5.2000001072883606E-002  0.50000000000000000        4.2248655465218281        4.7131904988852318        1.1155835486327899     
   5.6000001728534698E-002  0.50000000000000000        3.9954603930870571        4.4902148231351404        1.1238291414186228     
   6.0000002384185791E-002  0.50000000000000000        3.7937481622953229        4.2850899326700000        1.1295135442193933     
   6.4000003039836884E-002  0.50000000000000000        3.6148745320750306        4.0965509991127442        1.1332484607041724     
   6.8000003695487976E-002  0.50000000000000000        3.4549782690509323        3.9280060857298320        1.1369119513474795     
   7.2000004351139069E-002  0.50000000000000000        3.3109815692493751        3.7725464891688691        1.1394042552837691     
   7.6000005006790161E-002  0.50000000000000000        3.1804955722222839        3.6300564447130621        1.1413493156277719     
   8.0000005662441254E-002  0.50000000000000000        3.0617681442746156        3.4979126474255886        1.1424485730464424     
   8.4000006318092346E-002  0.50000000000000000        2.9530505908156144        3.3752552153857316        1.1429723641996621     
   8.8000006973743439E-002  0.50000000000000000        2.8528918418821489        3.2612522354517917        1.1431391080358075     
   9.2000007629394531E-002  0.50000000000000000        2.7601626449760461        3.1545632581914429        1.1428903524700877     
   9.6000000834465027E-002  0.50000000000000000        2.6743014194737023        3.0539816113840037        1.1419735969721101     
  0.10000000149011612       0.50000000000000000        2.5944270252995483        2.9595443556648378        1.1407313934078118     
  0.10400000214576721       0.50000000000000000        2.5196928778897729        2.8705691312618900        1.1392535798513561     
  0.10800000280141830       0.50000000000000000        2.4494182778027103        2.7863603857663519        1.1375600529387333     
  0.11200000345706940       0.50000000000000000        2.3830715708366226        2.7065796926381713        1.1357525832461570     
  0.11600000411272049       0.50000000000000000        2.3205223618149038        2.6307291387041216        1.1336797188399435     
  0.12000000476837158       0.50000000000000000        2.2614513163722294        2.5582620732959160        1.1312479091523509     
  0.12400000542402267       0.50000000000000000        2.2054847999237741        2.4895701709299161        1.1288085825918912     
  0.12800000607967377       0.50000000000000000        2.1523069285217189        2.4243425688849349        1.1263925868370734     
  0.13199999928474426       0.50000000000000000        2.1016482990522030        2.3622182892062211        1.1239836324048746     
  0.13600000739097595       0.50000000000000000        2.0532738041197542        2.3024141646168972        1.1213381089250054     
  0.14000000059604645       0.50000000000000000        2.0068469281838843        2.2444368697366515        1.1183896679991316     
  0.14400000870227814       0.50000000000000000        1.9622153440761934        2.1887490348320298        1.1154479254480032     
  0.14800000190734863       0.50000000000000000        1.9193385863700028        2.1353528745532553        1.1125462123865257     
  0.15200001001358032       0.50000000000000000        1.8780875853423540        2.0839244536095660        1.1095991847630953     
  0.15600000321865082       0.50000000000000000        1.8382837688087146        2.0343311652339966        1.1066469713499831     
  0.16000001132488251       0.50000000000000000        1.7999000164099497        1.9866672374648719        1.1037653310473574     
  0.16400000452995300       0.50000000000000000        1.7627755406780927        1.9403210637931905        1.1007193026100197     
  0.16800001263618469       0.50000000000000000        1.7267820871413975        1.8949214708670188        1.0973715125826720     
  0.17200000584125519       0.50000000000000000        1.6919202182020490        1.8509239763111480        1.0939782836084715     
  0.17600001394748688       0.50000000000000000        1.6580548971380988        1.8083843167066145        1.0906661292264768     
  0.18000000715255737       0.50000000000000000        1.6251233545907913        1.7674245091596457        1.0875632942981648     
  0.18400001525878906       0.50000000000000000        1.5931237844569381        1.7280452221439178        1.0846898646566698     
  0.18800000846385956       0.50000000000000000        1.5619529544685589        1.6892797269611675        1.0815176744781858     
  0.19200000166893005       0.50000000000000000        1.5315706158014615        1.6507765768642813        1.0778324941944908     
  0.19600000977516174       0.50000000000000000        1.5019864623881722        1.6134192830827505        1.0741902963075973     
  0.20000000298023224       0.50000000000000000        1.4730994263815689        1.5774918817752266        1.0708658584234745     
  0.20400001108646393       0.50000000000000000        1.4448433414710751        1.5423697020127023        1.0674996089488360     
  0.20800000429153442       0.50000000000000000        1.4172606885357424        1.5077699406448548        1.0638621058505637     
  0.21200001239776611       0.50000000000000000        1.3902837078936978        1.4740567701319522        1.0602560914456605     
  0.21600000560283661       0.50000000000000000        1.3638377836852755        1.4415726465544012        1.0569971471673674     
  0.22000001370906830       0.50000000000000000        1.3379305962759707        1.4098795354284535        1.0537762865672908     
  0.22400000691413879       0.50000000000000000        1.3125663108454728        1.3786311146126773        1.0503325456560360     
  0.22800001502037048       0.50000000000000000        1.2876954951462045        1.3479186610611005        1.0467681731759559     
  0.23200000822544098       0.50000000000000000        1.2632808008338683        1.3178605240809507        1.0432047437205214     
  0.23600001633167267       0.50000000000000000        1.2393530985507755        1.2885171556955810        1.0396691283559907     
  0.24000000953674316       0.50000000000000000        1.2158888040070728        1.2598401091537346        1.0361474708886340     
  0.24400001764297485       0.50000000000000000        1.1928455185968030        1.2317858633235277        1.0326449184908135     
  0.24800001084804535       0.50000000000000000        1.1701922311751709        1.2043105588527376        1.0291561734633148     
  0.25200000405311584       0.50000000000000000        1.1479617682359373        1.1774317448463238        1.0256715662714733     
  0.25600001215934753       0.50000000000000000        1.1261345833242065        1.1511368526381105        1.0222018484150450     
  0.26000002026557922       0.50000000000000000        1.1046750560525866        1.1254078988746079        1.0187682728132808     
  0.26399999856948853       0.50000000000000000        1.0835521990084451        1.1001975084960696        1.0153617975237894     
  0.26800000667572021       0.50000000000000000        1.0627817697795192        1.0754794121299134        1.0119475537795763     
  0.27200001478195190       0.50000000000000000        1.0423684777641991        1.0512255862259845        1.0084970992990725     
  0.27600002288818359       0.50000000000000000        1.0222891138079393        1.0274403619434382        1.0050389347454860     
  0.28000000119209290       0.50000000000000000        1.0025229481297984        1.0041110093573538        1.0015840647144465     
  0.28400000929832458       0.50000000000000000       0.98305698917345619       0.98122845535551084       0.99813995135777145     
  0.28800001740455627       0.50000000000000000       0.96390639922030985       0.95881311795513913       0.99471600015386286     
  0.29200002551078796       0.50000000000000000       0.94506575002395665       0.93685576178223318       0.99131278618284990     
  0.29600000381469727       0.50000000000000000       0.92652662520149975       0.91533379717416530       0.98791958296406190     
  0.30000001192092896       0.50000000000000000       0.90828065499121236       0.89422870561630230       0.98452906676180829     
  0.30400002002716064       0.50000000000000000       0.89032826139671073       0.87353258853155535       0.98113541533680282     
  0.30800002813339233       0.50000000000000000       0.87267888120715942       0.85325261386257201       0.97773950102044926     
  0.31200000643730164       0.50000000000000000       0.85531521306277836       0.83337988074988523       0.97435409545172780     
  0.31600001454353333       0.50000000000000000       0.83821959936897350       0.81389233678796136       0.97097745912965272     
  0.32000002264976501       0.50000000000000000       0.82137628942762153       0.79476452124264196       0.96760100269813720     
  0.32400000095367432       0.50000000000000000       0.80477360728554759       0.77599786169849572       0.96424367632518326     
  0.32800000905990601       0.50000000000000000       0.78841830328847318       0.75760531780943208       0.96091797292056658     
  0.33200001716613770       0.50000000000000000       0.77231192120648795       0.73960080465672506       0.95764520053159052     
  0.33600002527236938       0.50000000000000000       0.75645350291713409       0.72195266692646420       0.95439133290066969     
  0.34000000357627869       0.50000000000000000       0.74084186472131797       0.70463731547161212       0.95113053004459336     
  0.34400001168251038       0.50000000000000000       0.72547516852656047       0.68764591729737046       0.94785589794062675     
  0.34800001978874207       0.50000000000000000       0.71035015874545915       0.67099133131897160       0.94459235780843820     
  0.35200002789497375       0.50000000000000000       0.69546205338586498       0.65469136295650376       0.94137611070098126     
  0.35600000619888306       0.50000000000000000       0.68080728128260870       0.63872655218785745       0.93818995440901698     
  0.36000001430511475       0.50000000000000000       0.66638190201380698       0.62307769506188360       0.93501593182369147     
  0.36400002241134644       0.50000000000000000       0.65218228705478254       0.60771949583825913       0.93182459551712937     
  0.36800003051757812       0.50000000000000000       0.63820469688520953       0.59267218782283959       0.92865532127138262     
  0.37200000882148743       0.50000000000000000       0.62444057505320771       0.57793717031833358       0.92552789393784729     
  0.37600001692771912       0.50000000000000000       0.61088589246417779       0.56351208286616195       0.92245064064760041     
  0.38000002503395081       0.50000000000000000       0.59754280806540438       0.54937648155067376       0.91939267636627875     
  0.38400000333786011       0.50000000000000000       0.58441293354639345       0.53551269848439975       0.91632588490940414     
  0.38800001144409180       0.50000000000000000       0.57149708471202165       0.52192258069829012       0.91325501854709856     
  0.39200001955032349       0.50000000000000000       0.55879591162624265       0.50861723525159797       0.91020214119210074     
  0.39600002765655518       0.50000000000000000       0.54630495548755797       0.49560156270256589       0.90718848094698123     
  0.40000000596046448       0.50000000000000000       0.53401085613023103       0.48285234132180554       0.90419948542029405     
   4.0000001899898052E-003  0.75000000000000000        18.469062880666506        14.476611859027097       0.78383034117996730     
   8.0000003799796104E-003  0.75000000000000000        9.5832517096192404        8.1967138994509234       0.85531656141551915     
   1.2000000104308128E-002  0.75000000000000000        6.7120050274069305        6.1276685288403039       0.91294158806785408     
   1.6000000759959221E-002  0.75000000000000000        5.2685583935362317        5.0673604992164423       0.96181158501220554     
   2.0000001415610313E-002  0.75000000000000000        4.3870823840718369        4.4075398873349041        1.0046631226569489     
   2.4000000208616257E-002  0.75000000000000000        3.7869184467684716        3.9490286835358868        1.0428079556098575     
   2.8000000864267349E-002  0.75000000000000000        3.3487112452962915        3.6069613827869360        1.0771192612839913     
   3.2000001519918442E-002  0.75000000000000000        3.0126448134140587        3.3375215010726733        1.1078377000209496     
   3.6000002175569534E-002  0.75000000000000000        2.7462300862717814        3.1160741753642052        1.1346733804065614     
   4.0000002831220627E-002  0.75000000000000000        2.5291925947313127        2.9284575034613503        1.1578625959769795     
   4.4000003486871719E-002  0.75000000000000000        2.3484223152793704        2.7665378371553109        1.1780410274402460     
   4.8000000417232513E-002  0.75000000000000000        2.1952896344069530        2.6219600086993897        1.1943572126452917     
   5.2000001072883606E-002  0.75000000000000000        2.0638132224360421        2.4918125833869338        1.2073827981612106     
   5.6000001728534698E-002  0.75000000000000000        1.9495204590698059        2.3718173562814191        1.2166157812024747     
   6.0000002384185791E-002  0.75000000000000000        1.8491378931425604        2.2616226941775865        1.2230687081610876     
   6.4000003039836884E-002  0.75000000000000000        1.7602073485292571        2.1607885156508022        1.2275761247424919     
   6.8000003695487976E-002  0.75000000000000000        1.6807925303417353        2.0704438922081914        1.2318259718748470     
   7.2000004351139069E-002  0.75000000000000000        1.6093254830412183        1.9873340165158777        1.2348863157006120     
   7.6000005006790161E-002  0.75000000000000000        1.5445970785375294        1.9111085699311743        1.2372861482689510     
   8.0000005662441254E-002  0.75000000000000000        1.4857414508750246        1.8406072252761518        1.2388475963917744     
   8.4000006318092346E-002  0.75000000000000000        1.4318785190323975        1.7752518992707207        1.2398062235547471     
   8.8000006973743439E-002  0.75000000000000000        1.3822761811529909        1.7144541298081399        1.2403122857677191     
   9.2000007629394531E-002  0.75000000000000000        1.3363667751477823        1.6575268142774175        1.2403232743451884     
   9.6000000834465027E-002  0.75000000000000000        1.2938765479332501        1.6040931648515375        1.2397575080975123     
  0.10000000149011612       0.75000000000000000        1.2543657769820638        1.5539078304661453        1.2387996061282567     
  0.10400000214576721       0.75000000000000000        1.2174098008142971        1.5065809197581923        1.2375298102171310     
  0.10800000280141830       0.75000000000000000        1.1826675645074178        1.4617812887927122        1.2360035335893780     
  0.11200000345706940       0.75000000000000000        1.1498727241956976        1.4193253265821961        1.2343325454345155     
  0.11600000411272049       0.75000000000000000        1.1189570535437188        1.3790047101401419        1.2324018207605525     
  0.12000000476837158       0.75000000000000000        1.0897662774770422        1.3405633690518146        1.2301384221168983     
  0.12400000542402267       0.75000000000000000        1.0621196254741341        1.3041268482773365        1.2278530751139916     
  0.12800000607967377       0.75000000000000000        1.0358635416661890        1.2695171191573900        1.2255640517238098     
  0.13199999928474426       0.75000000000000000        1.0108665187440620        1.2365365675250499        1.2232441619110788     
  0.13600000739097595       0.75000000000000000       0.98701261509548865        1.2048214810690723        1.2206748552575608     
  0.14000000059604645       0.75000000000000000       0.96411342405812051        1.1741131178268949        1.2178163777502955     
  0.14400000870227814       0.75000000000000000       0.94210130149899396        1.1446501065927881        1.2149968424536886     
  0.14800000190734863       0.75000000000000000       0.92097007040345458        1.1164094604560346        1.2122103598512846     
  0.15200001001358032       0.75000000000000000       0.90064897535264199        1.0891607842557312        1.2093066378377646     
  0.15600000321865082       0.75000000000000000       0.88104651774296738        1.0628803377621294        1.2063839040928024     
  0.16000001132488251       0.75000000000000000       0.86214737756616977        1.0376513341814035        1.2035660737154696     
  0.16400000452995300       0.75000000000000000       0.84387630061458019        1.0131430554892138        1.2005824251153394     
  0.16800001263618469       0.75000000000000000       0.82617240910094025       0.98916024666438063        1.1972806593006506     
  0.17200000584125519       0.75000000000000000       0.80903347268177328       0.96594525473118564        1.1939496786570316     
  0.17600001394748688       0.75000000000000000       0.79239400547399663       0.94352266148791275        1.1907241283627752     
  0.18000000715255737       0.75000000000000000       0.77622339103269578       0.92188993606169356        1.1876605970804377     
  0.18400001525878906       0.75000000000000000       0.76051895309621664       0.90103071162083692        1.1847577341137525     
  0.18800000846385956       0.75000000000000000       0.74522849933649626       0.88055002249507586        1.1815839346979633     
  0.19200000166893005       0.75000000000000000       0.73033024141562120       0.86030027732279080        1.1779606382658410     
  0.19600000977516174       0.75000000000000000       0.71582857355358620       0.84063363116764978        1.1743504830975020     
  0.20000000298023224       0.75000000000000000       0.70167679018341111       0.82165134084364633        1.1709826409234301     
  0.20400001108646393       0.75000000000000000       0.68784373254355269       0.80311682346000945        1.1675861615983509     
  0.20800000429153442       0.75000000000000000       0.67434699882879179       0.78493777941224985        1.1639968455046623     
  0.21200001239776611       0.75000000000000000       0.66115534582574320       0.76722781261607986        1.1604350134352441     
  0.21600000560283661       0.75000000000000000       0.64823450609902444       0.75009775238832066        1.1571395001822620     
  0.22000001370906830       0.75000000000000000       0.63558749556549710       0.73338298850677852        1.1538662947644533     
  0.22400000691413879       0.75000000000000000       0.62321430368639719       0.71694915751464439        1.1504054917767337     
  0.22800001502037048       0.75000000000000000       0.61109015946895295       0.70082160374874725        1.1468383067365580     
  0.23200000822544098       0.75000000000000000       0.59919613126198923       0.68503651966528945        1.1432592500597569     
  0.23600001633167267       0.75000000000000000       0.58754574775957080       0.66962164737028318        1.1396927812407531     
  0.24000000953674316       0.75000000000000000       0.57612772912321109       0.65455864116448825        1.1361345897386999     
  0.24400001764297485       0.75000000000000000       0.56492200432009665       0.63982673953496305        1.1325930564609832     
  0.24800001084804535       0.75000000000000000       0.55391364258846842       0.62540442490979975        1.1290648520358715     
  0.25200000405311584       0.75000000000000000       0.54311622409566951       0.61130485810267532        1.1255507218929892     
  0.25600001215934753       0.75000000000000000       0.53252086597913029       0.59751399027482466        1.1220480331342386     
  0.26000002026557922       0.75000000000000000       0.52211162324716542       0.58401408257466436        1.1185617338731311     
  0.26399999856948853       0.75000000000000000       0.51187454193425952       0.57078459117605562        1.1150868902743007     
  0.26800000667572021       0.75000000000000000       0.50181567498197488       0.55782154766994996        1.1116064632496521     
  0.27200001478195190       0.75000000000000000       0.49193623437581341       0.54511695582142539        1.1081049081759338     
  0.27600002288818359       0.75000000000000000       0.48222543812610563       0.53266506933731117        1.1045976160179571     
  0.28000000119209290       0.75000000000000000       0.47267360964272115       0.52045558541682568        1.1010887318422991     
  0.28400000929832458       0.75000000000000000       0.46327460296226497       0.50848371136772519        1.0975859848918648     
  0.28800001740455627       0.75000000000000000       0.45403484595069216       0.49675925228923135        1.0940993994614656     
  0.29200002551078796       0.75000000000000000       0.44495069095823081       0.48527710641034472        1.0906312008759180     
  0.29600000381469727       0.75000000000000000       0.43601718293217773       0.47402572592560771        1.0871721218366346     
  0.30000001192092896       0.75000000000000000       0.42722947514128035       0.46299517653280092        1.0837154350825005     
  0.30400002002716064       0.75000000000000000       0.41858641907542321       0.45218165642865676        1.0802587848584264     
  0.30800002813339233       0.75000000000000000       0.41009142648314767       0.44158872014009631        1.0768055404792594     
  0.31200000643730164       0.75000000000000000       0.40173793098342175       0.43121211708854257        1.0733666996117852     
  0.31600001454353333       0.75000000000000000       0.39351910517241578       0.42104003377805105        1.0699354319622609     
  0.32000002264976501       0.75000000000000000       0.38542882247550592       0.41105922172927817        1.0664983980418359     
  0.32400000095367432       0.75000000000000000       0.37746232985643102       0.40127014906853431        1.0630733647544608     
  0.32800000905990601       0.75000000000000000       0.36962106299932590       0.39167870552381273        1.0596763678603647     
  0.33200001716613770       0.75000000000000000       0.36190482274463937       0.38229173117469939        1.0563322375077744     
  0.33600002527236938       0.75000000000000000       0.35431255023803715       0.37309328649188966        1.0530061276159568     
  0.34000000357627869       0.75000000000000000       0.34684312658365885       0.36407165684990278        1.0496723992657482     
  0.34400001168251038       0.75000000000000000       0.33949516436963245       0.35522219071872474        1.0463247433237934     
  0.34800001978874207       0.75000000000000000       0.33226624324817594       0.34655023984848926        1.0429896111644550     
  0.35200002789497375       0.75000000000000000       0.32515381718492892       0.33806302219256074        1.0397018405608622     
  0.35600000619888306       0.75000000000000000       0.31815669102680777       0.32975188715469284        1.0364449230675084     
  0.36000001430511475       0.75000000000000000       0.31127343009023162       0.32160826045861390        1.0332017749326901     
  0.36400002241134644       0.75000000000000000       0.30450269000552599       0.31362133435289391        1.0299460223067403     
  0.36800003051757812       0.75000000000000000       0.29784301887977954       0.30579860424522703        1.0267106658916141     
  0.37200000882148743       0.75000000000000000       0.29128978483315932       0.29813872833114913        1.0235124740193435     
  0.37600001692771912       0.75000000000000000       0.28484028600162031       0.29063933537760983        1.0203589508260658     
  0.38000002503395081       0.75000000000000000       0.27849538116285211       0.28329230494508878        1.0172244285065239     
  0.38400000333786011       0.75000000000000000       0.27225567402603945       0.27609048276570780        1.0140853216499046     
  0.38800001144409180       0.75000000000000000       0.26612139644368482       0.26903431818491941        1.0109458381782204     
  0.39200001955032349       0.75000000000000000       0.26009270792650763       0.26212790445307260        1.0078248888359456     
  0.39600002765655518       0.75000000000000000       0.25416704202194462       0.25537194868188390        1.0047406093660061     
  0.40000000596046448       0.75000000000000000       0.24833726488820193       0.24875504280503269        1.0016823005480826     
   4.0000001899898052E-003   1.0000000000000000        8.0912491749691267        6.3249405746900731       0.78170137118712657     
   8.0000003799796104E-003   1.0000000000000000        4.0527259268027738        3.4903111419745465       0.86122555657941557     
   1.2000000104308128E-002   1.0000000000000000        2.7725652680255375        2.5637768357224262       0.92469485400002915     
   1.6000000759959221E-002   1.0000000000000000        2.1395070906300848        2.0926253935681109       0.97808761781286402     
   2.0000001415610313E-002   1.0000000000000000        1.7586275946744570        1.8015432859133993        1.0244029443009430     
   2.4000000208616257E-002   1.0000000000000000        1.5024351025456841        1.6005852602907480        1.0653273859075583     
   2.8000000864267349E-002   1.0000000000000000        1.3173865696693385        1.4515120693165970        1.1018118012854221     
   3.2000001519918442E-002   1.0000000000000000        1.1770329257097565        1.3346889050232318        1.1339435591560940     
   3.6000002175569534E-002   1.0000000000000000        1.0664732771462810        1.2393819257152296        1.1621312528632932     
   4.0000002831220627E-002   1.0000000000000000       0.97695246999799235        1.1596345944629789        1.1869918241420301     
   4.4000003486871719E-002   1.0000000000000000       0.90291957440901038        1.0907064283873131        1.2079773872453869     
   4.8000000417232513E-002   1.0000000000000000       0.84056484167047429        1.0298076158352842        1.2251376274419512     
   5.2000001072883606E-002   1.0000000000000000       0.78724989809229895       0.97544912817723928        1.2390590720189276     
   5.6000001728534698E-002   1.0000000000000000       0.74109355330705751       0.92586303699002015        1.2493200525877561     
   6.0000002384185791E-002   1.0000000000000000       0.70068219256161168       0.88054158486818557        1.2566918272163148     
   6.4000003039836884E-002   1.0000000000000000       0.66497849508000451       0.83961753598651445        1.2626235918884849     
   6.8000003695487976E-002   1.0000000000000000       0.63318626997173066       0.80270796676608580        1.2677280049075033     
   7.2000004351139069E-002   1.0000000000000000       0.60463351562609047       0.76902551008980724        1.2718870029781444     
   7.6000005006790161E-002   1.0000000000000000       0.57881062243882087       0.73809635584269784        1.2751949035294583     
   8.0000005662441254E-002   1.0000000000000000       0.55537577358885748       0.70967691744508754        1.2778319674607532     
   8.4000006318092346E-002   1.0000000000000000       0.53396360875093385       0.68344486470361465        1.2799465235137513     
   8.8000006973743439E-002   1.0000000000000000       0.51426819742816743       0.65900275523668117        1.2814378927810914     
   9.2000007629394531E-002   1.0000000000000000       0.49605460954839564       0.63607630485109090        1.2822707270680742     
   9.6000000834465027E-002   1.0000000000000000       0.47921895669685510       0.61481031581341639        1.2829423945395670     
  0.10000000149011612        1.0000000000000000       0.46358288594548636       0.59483014495926900        1.2831149789882801     
  0.10400000214576721        1.0000000000000000       0.44897173040690946       0.57594600646287064        1.2828112940226384     
  0.10800000280141830        1.0000000000000000       0.43524564217422756       0.55806054744780675        1.2821737735501939     
  0.11200000345706940        1.0000000000000000       0.42229543244434670       0.54109855352657732        1.2813270330549631     
  0.11600000411272049        1.0000000000000000       0.41008983003406463       0.52505259925220671        1.2803355772285125     
  0.12000000476837158        1.0000000000000000       0.39857189849494012       0.50986375199108958        1.2792265433574272     
  0.12400000542402267        1.0000000000000000       0.38767465020271141       0.49545479763115063        1.2780170108416478     
  0.12800000607967377        1.0000000000000000       0.37734034528941662       0.48174067837806306        1.2766741865584830     
  0.13199999928474426        1.0000000000000000       0.36751890634516293       0.46864105391207406        1.2751481510775400     
  0.13600000739097595        1.0000000000000000       0.35816484435660201       0.45609341658336522        1.2734176002189146     
  0.14000000059604645        1.0000000000000000       0.34917894862844939       0.44400448225412115        1.2715671548876009     
  0.14400000870227814        1.0000000000000000       0.34054304846928479       0.43245492674659763        1.2698979723428501     
  0.14800000190734863        1.0000000000000000       0.33227016486168243       0.42139910821107229        1.2682423906055258     
  0.15200001001358032        1.0000000000000000       0.32432458266136072       0.41066517196051078        1.2662166049537524     
  0.15600000321865082        1.0000000000000000       0.31666667579053592       0.40029869326744288        1.2641011002124729     
  0.16000001132488251        1.0000000000000000       0.30928823061221250       0.39036741743175413        1.2621476629067054     
  0.16400000452995300        1.0000000000000000       0.30216418968862280       0.38075821347363875        1.2601037001307347     
  0.16800001263618469        1.0000000000000000       0.29527328647098611       0.37140943806192139        1.2578497787622129     
  0.17200000584125519        1.0000000000000000       0.28861182505356947       0.36238486600839720        1.2556133690680715     
  0.17600001394748688        1.0000000000000000       0.28215538157556341       0.35367650545820439        1.2534813388398445     
  0.18000000715255737        1.0000000000000000       0.27589230578543450       0.34522454868415908        1.2513018356976047     
  0.18400001525878906        1.0000000000000000       0.26981952945888593       0.33700964902446068        1.2490187411575517     
  0.18800000846385956        1.0000000000000000       0.26391521036901239       0.32901115851608620        1.2466547799804912     
  0.19200000166893005        1.0000000000000000       0.25816865449027110       0.32121624615637984        1.2442108697920360     
  0.19600000977516174        1.0000000000000000       0.25258110105080073       0.31362720307104508        1.2416891119972051     
  0.20000000298023224        1.0000000000000000       0.24713772521632793       0.30622568726112737        1.2390892041798871     
  0.20400001108646393        1.0000000000000000       0.24182793904811098       0.29902013030458441        1.2364995189620964     
  0.20800000429153442        1.0000000000000000       0.23665487821481546       0.29203332734189452        1.2340051028942287     
  0.21200001239776611        1.0000000000000000       0.23160870607519149       0.28523152594330775        1.2315233342338507     
  0.21600000560283661        1.0000000000000000       0.22667880088158385       0.27859025428886081        1.2290088583731096     
  0.22000001370906830        1.0000000000000000       0.22186544478249257       0.27210907157614117        1.2264599015989412     
  0.22400000691413879        1.0000000000000000       0.21716633278856753       0.26578114027204292        1.2238597800093010     
  0.22800001502037048        1.0000000000000000       0.21257135227245949       0.25959590632141660        1.2212177395789638     
  0.23200000822544098        1.0000000000000000       0.20807253396126196       0.25354432318966774        1.2185381624509437     
  0.23600001633167267        1.0000000000000000       0.20367324558315997       0.24763250219415150        1.2158322586018935     
  0.24000000953674316        1.0000000000000000       0.19936945053638755       0.24185816271731397        1.2131154600998997     
  0.24400001764297485        1.0000000000000000       0.19515422689547285       0.23621457838200163        1.2103994985900113     
  0.24800001084804535        1.0000000000000000       0.19102213233167764       0.23069729586006196        1.2076993018772040     
  0.25200000405311584        1.0000000000000000       0.18697555580711064       0.22531753635694099        1.2050641346368562     
  0.25600001215934753        1.0000000000000000       0.18301184454479311       0.22005971974038957        1.2024343030241893     
  0.26000002026557922        1.0000000000000000       0.17912654930401919       0.21490688228372601        1.1997489100232670     
  0.26399999856948853        1.0000000000000000       0.17531567384036756       0.20985560982290813        1.1970156759286148     
  0.26800000667572021        1.0000000000000000       0.17157965067616893       0.20491486615003965        1.1942842017832638     
  0.27200001478195190        1.0000000000000000       0.16791771276141809       0.20008851152346194        1.1915866898910954     
  0.27600002288818359        1.0000000000000000       0.16432638596596358       0.19536672695864099        1.1888944420593945     
  0.28000000119209290        1.0000000000000000       0.16080249645327502       0.19074280011415581        1.1861930276037764     
  0.28400000929832458        1.0000000000000000       0.15734392305032766       0.18621413794247871        1.1834847786457994     
  0.28800001740455627        1.0000000000000000       0.15395197572716768       0.18178248126419888        1.1807739420399006     
  0.29200002551078796        1.0000000000000000       0.15062415693513817       0.17744519701204470        1.1780659930163540     
  0.29600000381469727        1.0000000000000000       0.14735764639056906       0.17319908800965744        1.1753654611895474     
  0.30000001192092896        1.0000000000000000       0.14414975868331809       0.16904094431668701        1.1726758744567325     
  0.30400002002716064        1.0000000000000000       0.14099853766111714       0.16496905662906786        1.1700054437838401     
  0.30800002813339233        1.0000000000000000       0.13790391258304499       0.16098382168032904        1.1673622500259770     
  0.31200000643730164        1.0000000000000000       0.13486548262786924       0.15708369329833868        1.1647434928311164     
  0.31600001454353333        1.0000000000000000       0.13188265211470981       0.15326458641125240        1.1621284828117109     
  0.32000002264976501        1.0000000000000000       0.12895483448054501       0.14952205012877007        1.1594916214740902     
  0.32400000095367432        1.0000000000000000       0.12608127252471676       0.14585578473858241        1.1568394085647342     
  0.32800000905990601        1.0000000000000000       0.12326040744891008       0.14226665842168820        1.1541959122653069     
  0.33200001716613770        1.0000000000000000       0.12049110065232643       0.13875646098180680        1.1515909492949570     
  0.33600002527236938        1.0000000000000000       0.11777229451352204       0.13532023201938828        1.1489988590130717     
  0.34000000357627869        1.0000000000000000       0.11510296355117230       0.13195448287864120        1.1464038701312593     
  0.34400001168251038        1.0000000000000000       0.11248203626251004       0.12865745247714494        1.1438044398208154     
  0.34800001978874207        1.0000000000000000       0.10990764925902434       0.12542929860283383        1.1412244684373962     
  0.35200002789497375        1.0000000000000000       0.10737857968593677       0.12227007507727393        1.1386821788376429     
  0.35600000619888306        1.0000000000000000       0.10489498673432771       0.11917839259717031        1.1361686226151002     
  0.36000001430511475        1.0000000000000000       0.10245687194647782       0.11615282178254803        1.1336752681969913     
  0.36400002241134644        1.0000000000000000       0.10006420158502091       0.11319228276746091        1.1311965815395584     
  0.36800003051757812        1.0000000000000000        9.7716841103462487E-002  0.11029572164859452        1.1287278672037047     
  0.37200000882148743        1.0000000000000000        9.5412508123839473E-002  0.10745996768773210        1.1262670880452674     
  0.37600001692771912        1.0000000000000000        9.3149343096158188E-002  0.10468267860789787        1.1238155324384178     
  0.38000002503395081        1.0000000000000000        9.0927454833631627E-002  0.10196417173835291        1.1213793669350469     
  0.38400000333786011        1.0000000000000000        8.8746868448340760E-002   9.9304524884835293E-002   1.1189637067885962     
  0.38800001144409180        1.0000000000000000        8.6607486145872603E-002   9.6703216175344386E-002   1.1165687918994391     
  0.39200001955032349        1.0000000000000000        8.4509191987255733E-002   9.4159501469686588E-002   1.1141924239896430     
  0.39600002765655518        1.0000000000000000        8.2450571648541110E-002   9.1671132240305014E-002   1.1118313725108910     
  0.40000000596046448        1.0000000000000000        8.0428219228631526E-002   8.9234872055752340E-002   1.1094970510547590     
