 kt up dp u1 d1 u2 d2
   0.0000000000000000        0.0000000000000000        0.0000000000000000        0.0000000000000000        0.0000000000000000        0.0000000000000000        0.0000000000000000     
   9.9999997764825821E-003   1.0235770160339623        1.4440421187057705E-002  0.84121869323485032        1.0490244703419169E-002  0.79208307646201803        9.7189855714550875E-003
   1.9999999552965164E-002   1.0227932060402161        1.4429363351386306E-002  0.84064303881967672        1.0483066123427615E-002  0.79156369766946943        9.7126127109043465E-003
   2.9999999329447746E-002   1.0215579948256091        1.4411937236971373E-002  0.83975000682229595        1.0471929751571105E-002  0.79076379044713363        9.7027977218161910E-003
   3.9999999105930328E-002   1.0197681771738065        1.4386686845124747E-002  0.83844221384562445        1.0455621188224826E-002  0.78958663687209574        9.6883538598638800E-003
   4.9999997019767761E-002   1.0175661568744725        1.4355621180219493E-002  0.83685256034976607        1.0435797741243315E-002  0.78816380116927287        9.6708954390526958E-003
   5.9999998658895493E-002   1.0148526827085378        1.4317340025775322E-002  0.83487593150790962        1.0411148597797430E-002  0.78638684571709128        9.6490919124857469E-003
   7.0000000298023224E-002   1.0116562228675752        1.4272245005383145E-002  0.83256048985482101        1.0382274358871537E-002  0.78431081103644540        9.6236186361254410E-003
   7.9999998211860657E-002   1.0079807311938225        1.4220391899063730E-002  0.82989587807736476        1.0349045865722340E-002  0.78192209094933252        9.5943086599994676E-003
   8.9999996125698090E-002   1.0038314022562178        1.4161853990763668E-002  0.82688727418802332        1.0311527689689555E-002  0.77922348546382592        9.5611963406530640E-003
   9.9999994039535522E-002  0.99921315751149375        1.4096700711416756E-002  0.82353657995883522        1.0269743546430269E-002  0.77621850233104517        9.5243247187514653E-003
  0.10999999940395355       0.99413328992793581        1.4025034948770693E-002  0.81984912253932463        1.0223759867066995E-002  0.77290994465860619        9.4837281888718108E-003
  0.11999999731779099       0.98859764263271233        1.3946939136502698E-002  0.81582808451904976        1.0173616339428272E-002  0.76930206488197694        9.4394589290749328E-003
  0.12999999523162842       0.98261615877285391        1.3862553550555668E-002  0.81147998120155351        1.0119394211266942E-002  0.76539933110643454        9.3915717637246161E-003
  0.14000000059604645       0.97619449434798156        1.3771957984648560E-002  0.80680931294753844        1.0061149603405586E-002  0.76120573208346409        9.3401156354372041E-003
  0.14999999105930328       0.96934355232596325        1.3675306255685964E-002  0.80182117024517952        9.9989459957300266E-003  0.75672702161101246        9.2851611442304038E-003
  0.15999999642372131       0.96207171191225072        1.3572716575833681E-002  0.79652250299072513        9.9328700554920952E-003  0.75196677433988124        9.2267521516392198E-003
  0.17000000178813934       0.95438943078270388        1.3464336479905111E-002  0.79091979779566823        9.8630026726463146E-003  0.74693182734173869        9.1649725496225128E-003
  0.17999999225139618       0.94630635452089840        1.3350302045877034E-002  0.78501891511199584        9.7894169287539076E-003  0.74162808359598964        9.0998947686782780E-003
  0.18999999761581421       0.93783488494642275        1.3230788236156326E-002  0.77882794883701889        9.7122137570966223E-003  0.73606025418114873        9.0315766144906245E-003
  0.19999998807907104       0.92898466147143210        1.3105931041654601E-002  0.77235374892638253        9.6314785786375413E-003  0.73023580064287896        8.9601096414138846E-003
  0.20999999344348907       0.91976839209243189        1.2975909744261842E-002  0.76560325575735455        9.5472979419239743E-003  0.72416070423766377        8.8855672404182448E-003
  0.21999999880790710       0.91019952937045590        1.2840914130036478E-002  0.75858544898457714        9.4597838258923209E-003  0.71784274188881780        8.8080448355920965E-003
  0.22999998927116394       0.90028822449200174        1.2701087409900870E-002  0.75130866006746799        9.3690401262937519E-003  0.71128825190775891        8.7276201990265784E-003
  0.23999999463558197       0.89004867965575296        1.2556629945652485E-002  0.74378089361886779        9.2751666630064185E-003  0.70450350287255936        8.6443702471735630E-003
  0.25000000000000000       0.87949485723034315        1.2407738715614090E-002  0.73601084609119793        9.1782718833516592E-003  0.69749799092887899        8.5584114992535813E-003
  0.25999999046325684       0.86863901312206793        1.2254586623676792E-002  0.72800685909534080        9.0784598096723991E-003  0.69027780942674899        8.4698187216425153E-003
  0.26999998092651367       0.85749567108582803        1.2097378568089304E-002  0.71977919409266511        8.9758584054122001E-003  0.68285160616211216        8.3786980241746644E-003
  0.28000000119209290       0.84607984212229093        1.1936326321066766E-002  0.71133651275039922        8.8705756841108135E-003  0.67522746735936734        8.2851486261119964E-003
  0.28999999165534973       0.83440394905003590        1.1771605141265667E-002  0.70268799426712791        8.7627261130763402E-003  0.66741274816460661        8.1892607762691499E-003
  0.29999998211860657       0.82248397948361540        1.1603440578775805E-002  0.69384385712153462        8.6524371197455961E-003  0.65941674947732098        8.0911485981650239E-003
  0.31000000238418579       0.81033340085707939        1.1432022629481189E-002  0.68481346766095741        8.5398255052267329E-003  0.65124704922960830        7.9909050742340594E-003
  0.31999999284744263       0.79796760441231052        1.1257568429964509E-002  0.67560671489490332        8.4250145883789426E-003  0.64291235495011889        7.8886370472403926E-003
  0.32999998331069946       0.78540139184305147        1.1080286799580398E-002  0.66623350110016510        8.3081278535084239E-003  0.63442188683063916        7.7844576504065297E-003
  0.34000000357627869       0.77264962385055247        1.0900387390149721E-002  0.65670380279715601        8.1892897107611450E-003  0.62578383806825799        7.6784674155663899E-003
  0.34999999403953552       0.75972855335731526        1.0718099494674130E-002  0.64702661414363982        8.0686123199316950E-003  0.61700633300888952        7.5707660297390095E-003
  0.35999998450279236       0.74665055307714934        1.0533597664941967E-002  0.63721471319518885        7.9462550271340877E-003  0.60809952837745607        7.4614781175577115E-003
  0.37000000476837158       0.73343177625228950        1.0347109787685499E-002  0.62727619439952897        7.8223187725139122E-003  0.59907153238881827        7.3507031681109445E-003
  0.37999999523162842       0.72008716121730632        1.0158846609961013E-002  0.61722168301597158        7.6969360561821671E-003  0.58993062370577276        7.2385427619104563E-003
  0.38999998569488525       0.70663144959787771        9.9690161036948433E-003  0.60706127622978223        7.5702327930110367E-003  0.58068690824718283        7.1251209001911573E-003
  0.39999997615814209       0.69307931725558047        9.7778253130264628E-003  0.59680507437632135        7.4423349371553447E-003  0.57134859048190800        7.0105382530933867E-003
  0.40999999642372131       0.67944633931636900        9.5854939687384979E-003  0.58646213650780432        7.3133554576625898E-003  0.56192446109534910        6.8949026837278379E-003
  0.41999998688697815       0.66574482088285103        9.3921956687738634E-003  0.57604484179010862        7.1834487263748737E-003  0.55242246899142355        6.7783117264123205E-003
  0.42999997735023499       0.65199002852641541        9.1981457908887031E-003  0.56556136507815202        7.0527166861391495E-003  0.54285316953906171        6.6608948972056515E-003
  0.43999999761581421       0.63819592883850207        9.0035413729802807E-003  0.55502153491925288        6.9212819018333446E-003  0.53322427159602259        6.5427467850209826E-003
  0.44999998807907104       0.62437638708811694        8.8085780235091001E-003  0.54443618425687990        6.7892794634510211E-003  0.52354391626394148        6.4239672824727145E-003
  0.45999997854232788       0.61054526593311076        8.6134513140980282E-003  0.53381385990963215        6.6568159523357215E-003  0.51382165761290022        6.3046736195232662E-003
  0.46999999880790710       0.59671505392891289        8.4183374308059358E-003  0.52316350908618703        6.5240029428131098E-003  0.50406533792107078        6.1849620221755101E-003
  0.47999998927116394       0.58289976133187449        8.2234340275459932E-003  0.51249625170784285        6.3909791035747388E-003  0.49428283536294032        6.0649291568858387E-003
  0.48999997973442078       0.56911088200297522        8.0289032574254095E-003  0.50182068292718185        6.2578516187031573E-003  0.48448330204327578        5.9446873214381900E-003
  0.50000000000000000       0.55536076955398228        7.8349194027446840E-003  0.49114484681216825        6.1247208000935081E-003  0.47467426073299496        5.8243288214305236E-003
  0.50999999046325684       0.54166367280803107        7.6416834830697767E-003  0.48047857599980431        5.9917092636232894E-003  0.46486368557727670        5.7039515008949120E-003
  0.51999998092651367       0.52802821901265373        7.4493172098948988E-003  0.46983046160065467        5.8589241429698943E-003  0.45505855489575248        5.5836409849252767E-003
  0.52999997138977051       0.51446788773261776        7.2580107502417919E-003  0.45920758846075183        5.7264537882486567E-003  0.44526871570132570        5.4635180979391122E-003
  0.53999996185302734       0.50099210209002065        7.0678970436448994E-003  0.44862056918253174        5.5944305417355905E-003  0.43549817779667521        5.3436320408542818E-003
  0.55000001192092896       0.48761280907964422        6.8791446359330764E-003  0.43807515222323917        5.4629260883845019E-003  0.42575724616223520        5.2241092574228706E-003
  0.56000000238418579       0.47434001833456807        6.6918947410211926E-003  0.42758012250295901        5.3320499787345424E-003  0.41605226012931051        5.1050275322502090E-003
  0.56999999284744263       0.46118177521765713        6.5062608612901588E-003  0.41714359600681122        5.2019034215089769E-003  0.40638905720320445        4.9864584924566042E-003
  0.57999998331069946       0.44814928832328305        6.3224011253625529E-003  0.40677158110320832        5.0725613428303611E-003  0.39677495722392597        4.8684919536454247E-003
  0.58999997377395630       0.43525005124019306        6.1404212512996617E-003  0.39647177696052510        4.9441197535944528E-003  0.38721643068539335        4.7512073098081673E-003
  0.59999996423721313       0.42249434589945567        5.9604662945422692E-003  0.38625158489469591        4.8166709503894107E-003  0.37772033249605208        4.6346886717638178E-003
  0.61000001430511475       0.40988793184816374        5.7826175096365147E-003  0.37611625015617345        4.6902803430322300E-003  0.36829145206008695        4.5189948062649612E-003
  0.62000000476837158       0.39744034278064372        5.6070093960478859E-003  0.36607278222239875        4.5650353417697265E-003  0.35893633086308002        4.4042059783821015E-003
  0.62999999523162842       0.38515735102745091        5.4337233886690558E-003  0.35612711324109708        4.4410099222300641E-003  0.34966051312737045        4.2903902166068495E-003
  0.63999998569488525       0.37304700278904701        5.2628730016975982E-003  0.34628590379758339        4.3182871438725481E-003  0.34046993385449137        4.1776203443537972E-003
  0.64999997615814209       0.36111431013207085        5.0945289443738960E-003  0.33655273205783703        4.1969116274801176E-003  0.33136860496244508        4.0659455884961559E-003
  0.65999996662139893       0.34936641038422400        4.9287919086991811E-003  0.32693337263973032        4.0769553842373071E-003  0.32236200717013413        3.9554331983282440E-003
  0.66999995708465576       0.33780786152968223        4.7657261978086675E-003  0.31743431957209134        3.9584993965950110E-003  0.31345481688644616        3.8461405541323317E-003
  0.68000000715255737       0.32644407148927779        4.6054081055750705E-003  0.30805798252373284        3.8415737138325664E-003  0.30465195467419798        3.7381280319982967E-003
  0.68999999761581421       0.31527891332861302        4.4478922724384166E-003  0.29880972611116258        3.7262452342968167E-003  0.29595665868459775        3.6314353645574876E-003
  0.69999998807907104       0.30431767975356927        4.2932533668417908E-003  0.28969409035296462        3.6125705733557802E-003  0.28737338277869734        3.5261172013947586E-003
  0.70999997854232788       0.29356291597600742        4.1415272961284671E-003  0.28071380255310852        3.5005837412926898E-003  0.27890585753230390        3.4222193172697493E-003
  0.71999996900558472       0.28302006045854672        3.9927907850486038E-003  0.27187290758097843        3.3903351788193161E-003  0.27055757731800056        3.3197845886909112E-003
  0.72999995946884155       0.27268899925295992        3.8470422260432516E-003  0.26317465221043429        3.2818653741613231E-003  0.26233230181818457        3.2188591475603850E-003
  0.74000000953674316       0.26257373026573777        3.7043380207829163E-003  0.25462246327661631        3.1752170609615341E-003  0.25423200144134545        3.1194671711043298E-003
  0.75000000000000000       0.25267652280227493        3.5647101841772655E-003  0.24621813425235844        3.0704126043540818E-003  0.24626007308355563        3.0216503397788746E-003
  0.75999999046325684       0.24299962869956315        3.4281904846951900E-003  0.23796456725170551        2.9674881945552776E-003  0.23841903192693908        2.9254395152694896E-003
  0.76999998092651367       0.23354422770819971        3.2947955660237471E-003  0.22986443698712999        2.8664771860169263E-003  0.23071169334551678        2.8308692426640566E-003
  0.77999997138977051       0.22431067842517083        3.1645304871779651E-003  0.22191868457376535        2.7673913147217327E-003  0.22313920763411532        2.7379536362634070E-003
  0.78999996185302734       0.21529949522303379        3.0374025048237026E-003  0.21412948554183756        2.6702577101719522E-003  0.21570395103521048        2.6467218529413858E-003
  0.79999995231628418       0.20651158689538543        2.9134244400404576E-003  0.20649827361040290        2.5750942512662062E-003  0.20840759865010294        2.5571944464578937E-003
  0.81000000238418579       0.19794744826947566        2.7926032737527798E-003  0.19902666738755395        2.4819211225238138E-003  0.20125157030593838        2.4693888383182589E-003
  0.81999999284744263       0.18960587730656372        2.6749220478369143E-003  0.19171477456546782        2.3907396668979321E-003  0.19423720465144756        2.3833214539557349E-003
  0.82999998331069946       0.18148758614575206        2.5603908090098436E-003  0.18456375656759405        2.3015643676808127E-003  0.18736595313454807        2.2990101028675688E-003
  0.83999997377395630       0.17359056999969347        2.4489812741299607E-003  0.17757412494060357        2.2144016040100125E-003  0.18063777000171835        2.2164542236507534E-003
  0.84999996423721313       0.16591350242254646        2.3406747299628654E-003  0.17074662853015340        2.1292607142112865E-003  0.17405376069936032        2.1356673803088104E-003
  0.85999995470046997       0.15845550031991928        2.2354587179883195E-003  0.16408117312393736        2.0461405234294423E-003  0.16761439140843029        2.0566552929563524E-003
  0.87000000476837158       0.15121536876767830        2.1333163804540460E-003  0.15757588859116370        1.9650177105830662E-003  0.16132033968907791        1.9794262753643922E-003
  0.87999999523162842       0.14419110911792365        2.0342195208325445E-003  0.15123387502381494        1.8859309347316416E-003  0.15517091661854629        1.9039718743409215E-003
  0.88999998569488525       0.13737947237319198        1.9381223029130876E-003  0.14505156039972597        1.8088356517074050E-003  0.14916645276653426        1.8302961460288229E-003
  0.89999997615814209       0.13077942625804889        1.8450101635589270E-003  0.13902943642600415        1.7337379932427066E-003  0.14330671392743935        1.7583962166880266E-003
  0.90999996662139893       0.12438748222923485        1.7548338870948298E-003  0.13316666004268127        1.6606274461316095E-003  0.13759172302135719        1.6882723675517646E-003
  0.91999995708465576       0.11820142686923227        1.6675622470662039E-003  0.12746265051941086        1.5894967684957572E-003  0.13202009277033677        1.6199075764985040E-003
  0.93000000715255737       0.11221882249523311        1.5831608531282847E-003  0.12191535552178678        1.5203203671210407E-003  0.12659151582191752        1.5532980722645731E-003
  0.93999999761581421       0.10643651665124426        1.5015852310582265E-003  0.11652395935671625        1.4530880700745028E-003  0.12130521860720829        1.4884343630364087E-003
  0.94999998807907104       0.10085024629074577        1.4227752386426692E-003  0.11128697554455823        1.3877813405174986E-003  0.11616059896454405        1.4253090601944218E-003
  0.95999997854232788        9.5457920665334442E-002   1.3467013800185135E-003  0.10620322869315509        1.3243855209638731E-003  0.11115574256760247        1.3638986746495750E-003
  0.96999996900558472        9.0255172649116339E-002   1.2733020446412677E-003  0.10127018211575368        1.2628689781831741E-003  0.10628983201687241        1.3041931767796126E-003
  0.97999995946884155        8.5238916736609965E-002   1.2025337028125976E-003   9.6486420396992650E-002   1.2032140615292433E-003  0.10156152613333876        1.2461761101042919E-003
  0.98999994993209839        8.0405953178233555E-002   1.1343512131011047E-003   9.1850407011641544E-002   1.1454016100802095E-003   9.6969765108712358E-002   1.1898344706070200E-003
   1.0000000000000000        7.5752335023196060E-002   1.0686988927091708E-003   8.7359262623611267E-002   1.0893957176675542E-003   9.2512183232280776E-002   1.1351392306403613E-003
