 x up dp u1 d1 u2 d2
   0.0000000000000000        0.0000000000000000        0.0000000000000000        0.0000000000000000        0.0000000000000000        0.0000000000000000        0.0000000000000000     
   4.0000001899898052E-003   86.598000305917481        65.505314250335886        55.605693780183202        42.611221356619133        45.360357859819239        34.801405256981873     
   8.0000003799796104E-003   44.354584307156927        28.776026911237189        29.953278439077415        19.520587362745427        25.136700356866722        16.337674701151546     
   1.2000000104308128E-002   30.779222524746217        17.848210645102395        21.809818393986891        12.534654435086475        18.739650262056891        10.699319092514271     
   1.6000000759959221E-002   23.990173675061108        12.700912259847941        17.765195350885808        9.1789352503799257        15.563145884632371        7.9583254260827889     
   2.0000001415610313E-002   19.865947877984411        9.7229142676373357        15.312567848526431        7.1969492315948695        13.632830774381134        6.3194595975033918     
   2.4000000208616257E-002   17.070466935753458        7.7850395892924489        13.646084758689760        5.8806750572656794        12.314956829776914        5.2180913417308386     
   2.8000000864267349E-002   15.037622710166987        6.4243735904782877        12.425108715732701        4.9380268224094035        11.343518409205071        4.4205106994185002     
   3.2000001519918442E-002   13.484364778150260        5.4162560784097931        11.480897375359925        4.2261137708301240        10.583811021502825        3.8117687329961232     
   3.6000002175569534E-002   12.255769091313045        4.6404311710566999        10.721066029603634        3.6682558050405079        9.9646990049011013        3.3300516657011623     
   4.0000002831220627E-002   11.257778206945579        4.0268446932234712        10.087141924882513        3.2196561850650682        9.4448333394766344        2.9391506338395628     
   4.4000003486871719E-002   10.428251528485514        3.5286405065801012        9.5432938385469672        2.8495798280840541        8.9938380449653348        2.6139135217504665     
   4.8000000417232513E-002   9.7279492323925645        3.1183718634948119        9.0692469162578568        2.5403535501303032        8.5930719807225877        2.3400874738041426     
   5.2000001072883606E-002   9.1276331760497396        2.7743863516590137        8.6481822778340707        2.2774854407060148        8.2293476868335311        2.1056602787728171     
   5.6000001728534698E-002   8.6063721362719203        2.4826559517363944        8.2660053244745590        2.0515680597468231        7.8926163327127838        1.9028234219642084     
   6.0000002384185791E-002   8.1501337286396343        2.2332658432816563        7.9131005051491652        1.8561386328845522        7.5752449427625583        1.7263144572221416     
   6.4000003039836884E-002   7.7460463219611562        2.0172276018893340        7.5854019006593063        1.6848000667043226        7.2757068701267658        1.5706394770202112     
   6.8000003695487976E-002   7.3855208519407540        1.8291601994517366        7.2801337519446534        1.5339077164885322        6.9929245924874541        1.4327662214077663     
   7.2000004351139069E-002   7.0621949934010866        1.6646113255241659        6.9920490458785212        1.4003479004653947        6.7223709054456364        1.3100525624328156     
   7.6000005006790161E-002   6.7697198812032733        1.5193376538996235        6.7212554497905730        1.2811950517534008        6.4656266883323825        1.2000341677112167     
   8.0000005662441254E-002   6.5035076095007343        1.3903431291652628        6.4688753633174318        1.1744213912043675        6.2250395219737209        1.1010237548861106     
   8.4000006318092346E-002   6.2602048779229387        1.2756859158293308        6.2344106871515423        1.0787265967314406        6.0007953865149339        1.0119485755764570     
   8.8000006973743439E-002   6.0370263679933638        1.1732592995305016        6.0195636422844911       0.99221032488772298        5.7958398121801933       0.93100299317722812     
   9.2000007629394531E-002   5.8308256974425055        1.0812534789846016        5.8198716795219587       0.91408221703354831        5.6052017646921604       0.85772253314251612     
   9.6000000834465027E-002   5.6396046885864966       0.99820536428984652        5.6335956952184336       0.84337450225509314        5.4271384286196689       0.79130621364117693     
  0.10000000149011612        5.4616607867766209       0.92320481343872818        5.4593825243412599       0.77945301831631308        5.2603626522474123       0.73121670711489306     
  0.10400000214576721        5.2956696443580062       0.85539836647604928        5.2964093604054483       0.72176999505034345        5.1040239147489350       0.67700874519683041     
  0.10800000280141830        5.1403260295078184       0.79380436847255464        5.1435740778970738       0.66951810462070815        4.9570833771511245       0.62793862452381710     
  0.11200000345706940        4.9939481319836911       0.73765070696009238        4.9989836130083969       0.62192197063359422        4.8178486536494951       0.58324082733030902     
  0.11600000411272049        4.8558578733601845       0.68622239822684261        4.8620597345898444       0.57837307547078298        4.6858044187282282       0.54234666107398655     
  0.12000000476837158        4.7253337189731486       0.63914580532900744        4.7321162364096372       0.53854853620655485        4.5603172946954871       0.50495403479822010     
  0.12400000542402267        4.6016056097238573       0.59612709026948263        4.6083854391647270       0.50219714347553013        4.4406432508800551       0.47082875264863527     
  0.12800000607967377        4.4841866733066906       0.55676350726348212        4.4904055518716293       0.46897838156382538        4.3263225700692907       0.43965295125588510     
  0.13199999928474426        4.3725244029369588       0.52056173545240769        4.3777651256727230       0.43845635410027772        4.2170725165646230       0.41101301158494585     
  0.13600000739097595        4.2660436168253018       0.48710547038377494        4.2699575077100818       0.41027421670616426        4.1124363545370519       0.38457351219503688     
  0.14000000059604645        4.1637700753762950       0.45616344246218382        4.1660338307999583       0.38423124973531159        4.0115213806246803       0.36014533712833768     
  0.14400000870227814        4.0658980805493332       0.42762621133977508        4.0662180657899825       0.36022993510818041        3.9145614808135183       0.33763612149469407     
  0.14800000190734863        3.9718658183514775       0.40118387081711654        3.9700155860259132       0.33800586094886487        3.8211384201248237       0.31679818937039628     
  0.15200001001358032        3.8814240327212586       0.37666999099473197        3.8772341180612080       0.31741553375382170        3.7311425269042413       0.29749747651470354     
  0.15600000321865082        3.7942889135360724       0.35392391490536523        3.7875575522051768       0.29832101640579745        3.6441433677708783       0.27960123624191624     
  0.16000001132488251        3.7102335387088319       0.33278612481398090        3.7007802722601459       0.28058583910204588        3.5599363767910659       0.26298083517039800     
  0.16400000452995300        3.6290299825298340       0.31312676517776444        3.6166916445942698       0.26409884133210959        3.4783131508479350       0.24753150914155903     
  0.16800001263618469        3.5504404962809120       0.29481773684383150        3.5350717647430838       0.24875071349632588        3.3990577260934325       0.23315036075499673     
  0.17200000584125519        3.4743263704349991       0.27774747604261968        3.4557989195569978       0.23444631254146545        3.3220496282258538       0.21974786827242376     
  0.17600001394748688        3.4005224503323923       0.26182146188361677        3.3786526504151420       0.22110541806272679        3.2470494264074081       0.20724787267621639     
  0.18000000715255737        3.3288610683029192       0.24694630276577983        3.3034528945778820       0.20864870122255633        3.1738724743065352       0.19557564290612162     
  0.18400001525878906        3.2592379964721472       0.23303931562563135        3.2302400213062894       0.19700527796054862        3.1026023824349855       0.18466592630697731     
  0.18800000846385956        3.1915240170988746       0.22002941386436639        3.1589113178366515       0.18611476777081551        3.0331443652665926       0.17446210916332450     
  0.19200000166893005        3.1255733619651549       0.20784457888972638        3.0893453821922088       0.17591612072159674        2.9653853107015831       0.16490694695708333     
  0.19600000977516174        3.0613277574101865       0.19642254357774105        3.0215049061241035       0.16635660599531599        2.8992925031878136       0.15595098844946803     
  0.20000000298023224        2.9986911759988506       0.18571171556436089        2.9553113774510127       0.15739258873117568        2.8347931207663803       0.14755330648727108     
  0.20400001108646393        2.9375424932951915       0.17565826146877381        2.8906601146268049       0.14897859597274182        2.7717889975121310       0.13967125195718430     
  0.20800000429153442        2.8778557523547534       0.16621193284595262        2.8276235793591318       0.14107265091725096        2.7103548464889733       0.13226563536737523     
  0.21200001239776611        2.8195418950621938       0.15733476637387836        2.7660830788183373       0.13364253592769390        2.6503768749959171       0.12530612799761232     
  0.21600000560283661        2.7625242202057305       0.14898694289046452        2.7059047336287616       0.12665438390334663        2.5917257230151085       0.11876081806742879     
  0.22000001370906830        2.7067523519536585       0.14112845006980049        2.6470388119902060       0.12007448759503346        2.5343547178917607       0.11259807718431793     
  0.22400000691413879        2.6521855058298680       0.13372737332765477        2.5894443940794134       0.11387603120502218        2.4782254212044696       0.10679274442740383     
  0.22800001502037048        2.5987709767048361       0.12675569078012405        2.5330687251451551       0.10803552081085356        2.4232878956831052       0.10132277831716507     
  0.23200000822544098        2.5464299513634825       0.12018354085303147        2.4778342581194610       0.10252790007069894        2.3694684530698193        9.6164675609059072E-002
  0.23600001633167267        2.4951591417095886       0.11398164239810224        2.4237377584123809        9.7328586642471099E-002   2.3167644929051079        9.1295378182251627E-002
  0.24000000953674316        2.4449093252686587       0.10812851951859531        2.3707303421458588        9.2419653908914989E-002   2.2651295153102931        8.6698074387219812E-002
  0.24400001764297485        2.3956456059545266       0.10260347049240819        2.3187115216637428        8.7783638280073267E-002   2.2144396652263620        8.2356758227224061E-002
  0.24800001084804535        2.3473025022606611        9.7384196941960210E-002   2.2676820680445875        8.3402087014497042E-002   2.1647233763188098        7.8253737077892613E-002
  0.25200000405311584        2.2998856466603965        9.2449055309148681E-002   2.2176608951429979        7.9256918458935677E-002   2.1160045932331317        7.4371984392743437E-002
  0.25600001215934753        2.2533601932228691        8.7782371496829520E-002   2.1686171333061033        7.5335118744798979E-002   2.0682553934357113        7.0699289367135723E-002
  0.26000002026557922        2.2076983529971121        8.3369497029932751E-002   2.1205263715981912        7.1624539502602239E-002   2.0214537423625996        6.7224259187469548E-002
  0.26399999856948853        2.1628527802501654        7.9194046666564502E-002   2.0733452341076473        6.8111514876165680E-002   1.9755593132589482        6.3934080174848640E-002
  0.26800000667572021        2.1188177651998457        7.5239544096589811E-002   2.0270700815927021        6.4782269418001318E-002   1.9305694349786615        6.0815837395402465E-002
  0.27200001478195190        2.0755833898162628        7.1493443688263381E-002   1.9816924830178062        6.1626389128664180E-002   1.8864766090903369        5.7859774484223685E-002
  0.27600002288818359        2.0331186095491609        6.7945383914637503E-002   1.9371832386004657        5.8635329601437886E-002   1.8432533289869741        5.5057893328327556E-002
  0.28000000119209290        1.9913979732121312        6.4583884802754746E-002   1.8935086682767985        5.5799643870954416E-002   1.8008878873595375        5.2401315134713994E-002
  0.28400000929832458        1.9503897632659930        6.1396604644567768E-002   1.8506143808987339        5.3109224699069833E-002   1.7593786944841878        4.9880496149278947E-002
  0.28800001740455627        1.9101059495715469        5.8372496747161738E-002   1.8085509194992524        5.0554511872819868E-002   1.7186927896380035        4.7486622011401976E-002
  0.29200002551078796        1.8705249588521593        5.5503459518759658E-002   1.7672991501531952        4.8128818687134318E-002   1.6788074191922637        4.5213445906696431E-002
  0.29600000381469727        1.8316264110183975        5.2782188375979540E-002   1.7268406326394921        4.5826139291858914E-002   1.6397009922206267        4.3055359316234283E-002
  0.30000001192092896        1.7933852672764357        5.0199848775551614E-002   1.6871522200759583        4.3639120282545761E-002   1.6013479061084384        4.1005484662810822E-002
  0.30400002002716064        1.7557850011208926        4.7747436910874477E-002   1.6482185582766726        4.1560236494354551E-002   1.5637304002958488        3.9056780206128690E-002
  0.30800002813339233        1.7188333765348203        4.5417298134230698E-002   1.6100466254078392        3.9583118296610265E-002   1.5268522661013599        3.7203288153042836E-002
  0.31200000643730164        1.6825165866241696        4.3203676856730461E-002   1.5726226361475397        3.7703041817009557E-002   1.4906979108754259        3.5440597056313063E-002
  0.31600001454353333        1.6468148477526356        4.1101424938723929E-002   1.5359267953388509        3.5915805992889301E-002   1.4552463515501146        3.3764786155448409E-002
  0.32000002264976501        1.6117107452632840        3.9104231593351017E-002   1.4999415313857354        3.4216171788157439E-002   1.4204790351862391        3.2170955898994880E-002
  0.32400000095367432        1.5771925740703057        3.7205468082103316E-002   1.4646963078559290        3.2598583650360925E-002   1.3863440190132377        3.0653713943155012E-002
  0.32800000905990601        1.5432625811992793        3.5399299136220377E-002   1.4301727015496382        3.1058190247481625E-002   1.3528571223700594        2.9208620664471326E-002
  0.33200001716613770        1.5099139629518084        3.3681383966469178E-002   1.3963305191502959        2.9591445317211449E-002   1.3200381126873313        2.7832509520355254E-002
  0.33600002527236938        1.4771330509271945        3.2047954762822399E-002   1.3631521526648147        2.8195285532064542E-002   1.2878739971117537        2.6522528636912731E-002
  0.34000000357627869        1.4449007025314196        3.0495086115084561E-002   1.3306152104919255        2.6866496260654616E-002   1.2563467992067718        2.5275680023387582E-002
  0.34400001168251038        1.4132081979951450        2.9017747727294697E-002   1.2987071527037619        2.5600868805776521E-002   1.2254473993407771        2.4088025881048192E-002
  0.34800001978874207        1.3820501627048118        2.7611303944245998E-002   1.2674187276447775        2.4394524875132693E-002   1.1951693846417251        2.2955936060896596E-002
  0.35200002789497375        1.3514250223644955        2.6272205841667371E-002   1.2367442464268852        2.3244536832610702E-002   1.1655093037583550        2.1876673201886104E-002
  0.35600000619888306        1.3213303202401516        2.4997469310741080E-002   1.2066773405941349        2.2148467757700168E-002   1.1364627082321677        2.0847960016441961E-002
  0.36000001430511475        1.2917490435579553        2.3784638677080739E-002   1.1771984093918337        2.1104344046402126E-002   1.1080123468844156        1.9867954226088096E-002
  0.36400002241134644        1.2626669168474902        2.2630664997889929E-002   1.1482906447612689        2.0109651101294510E-002   1.0801433394256488        1.8934301822272220E-002
  0.36800003051757812        1.2340834291341722        2.1531911154060616E-002   1.1199469609443951        1.9161354158482455E-002   1.0528549688902507        1.8044185010240625E-002
  0.37200000882148743        1.2059921775010285        2.0485141417200564E-002   1.0921145815868070        1.8257020288634060E-002   1.0261758232168352        1.7195727855764835E-002
  0.37600001692771912        1.1783880833102380        1.9487871170794615E-002   1.0648362902111093        1.7394260843131327E-002   1.0000549138918335        1.6386190616207708E-002
  0.38000002503395081        1.1512714370542920        1.8537905295729892E-002   1.0381106226163301        1.6571271590588375E-002  0.97448786078785998        1.5613872877619315E-002
  0.38400000333786011        1.1246298923921381        1.7633513448966586E-002   1.0119245495048113        1.5786661538811673E-002  0.94945964612033729        1.4877466646083628E-002
  0.38800001144409180        1.0984450178666101        1.6772764008084570E-002  0.98625949041549865        1.5038853285598648E-002  0.92495025681252274        1.4175490206418154E-002
  0.39200001955032349        1.0727197581517733        1.5952931866320855E-002  0.96111605929162891        1.4325543605665394E-002  0.90095789093101353        1.3505778118717626E-002
  0.39600002765655518        1.0474511572310856        1.5171534223027619E-002  0.93648941867342828        1.3644637715655975E-002  0.87747580426325866        1.2866362501769040E-002
  0.40000000596046448        1.0226270376749742        1.4426750980323606E-002  0.91236642041765670        1.2994631944459906E-002  0.85448964207572708        1.2255834283728614E-002
  0.40400001406669617       0.99824910663656996        1.3716968209025189E-002  0.88874622430505590        1.2374203614320496E-002  0.83199673245648520        1.1672956182259166E-002
  0.40800002217292786       0.97431792794363148        1.3040709219363256E-002  0.86562690818875754        1.1782148015724650E-002  0.80999353968201759        1.1116602878301293E-002
  0.41200003027915955       0.95080941672964903        1.2397046795932268E-002  0.84298460374667883        1.1217756324508769E-002  0.78845613509119639        1.0586118194789426E-002
  0.41600000858306885       0.92772060253605471        1.1784222179643278E-002  0.82081421669690513        1.0679555552552854E-002  0.76737829354693166        1.0080124085199369E-002
  0.42000001668930054       0.90505660390315557        1.1200280297984829E-002  0.79912387997917744        1.0165788839754985E-002  0.74674573033316616        9.5967869434276810E-003
  0.42400002479553223       0.88280985227009656        1.0643594012813045E-002  0.77790135251086789        9.6751385463908299E-003  0.72655556262614485        9.1349764354135624E-003
  0.42800003290176392       0.86096768023518555        1.0113005738439606E-002  0.75712855708108928        9.2067254772812985E-003  0.70680402118014873        8.6940054875536271E-003
  0.43200001120567322       0.83953379896756175        9.6073531640582174E-003  0.73680587042487888        8.7595955484277739E-003  0.68749128137043158        8.2729901247776388E-003
  0.43600001931190491       0.81850894842537392        9.1255603201068885E-003  0.71693100253963049        8.3328682265415253E-003  0.66861497310591589        7.8711140777118736E-003
  0.44000002741813660       0.79786911823703333        8.6671204666696599E-003  0.69748008829068364        7.9261817635650315E-003  0.65015258868267056        7.4880501459758135E-003
  0.44400003552436829       0.77761141213407392        8.2307923729116415E-003  0.67844779815508405        7.5384925430142073E-003  0.63209887587372671        7.1228245602005438E-003
  0.44800001382827759       0.75774242344307219        7.8151340138416098E-003  0.65983707549592130        7.1685640036388536E-003  0.61445625251544644        6.7742794165691327E-003
  0.45200002193450928       0.73825963224320346        7.4188921844999100E-003  0.64164288425384797        6.8153267299567982E-003  0.59721966136820048        6.4414135414137506E-003
  0.45600003004074097       0.71914341496675693        7.0413194147786184E-003  0.62384543293826167        6.4781735201570522E-003  0.58037030759624153        6.1236620261120086E-003
  0.46000000834465027       0.70039628507529728        6.6815887243356206E-003  0.60644422211073556        6.1564189648606465E-003  0.56390733444623586        5.8203849457865936E-003
  0.46400001645088196       0.68202137450728750        6.3388872188262276E-003  0.58943925656271945        5.8493862345031815E-003  0.54783031851926411        5.5309496116843241E-003
  0.46800002455711365       0.66400920778658834        6.0127085934207052E-003  0.57281970226700751        5.5566796048862948E-003  0.53212875262480364        5.2549887351237981E-003
  0.47200003266334534       0.64633955513674013        5.7026405566117664E-003  0.55656495401299810        5.2780382550098454E-003  0.51678457239464992        4.9923165182497644E-003
  0.47600001096725464       0.62901908342540624        5.4076143609894265E-003  0.54067753122033146        5.0125853685340557E-003  0.50180134685456601        4.7421637252224166E-003
  0.48000001907348633       0.61205387523512911        5.1266003003898131E-003  0.52516153375979546        4.7593010065225209E-003  0.48717869983487505        4.5034362767664088E-003
  0.48400002717971802       0.59543391281762792        4.8588640449738129E-003  0.51000589685589559        4.5175573499518012E-003  0.47290575610424573        4.2755421530776220E-003
  0.48800003528594971       0.57914278259566432        4.6039655744341572E-003  0.49519417776912078        4.2869997920492202E-003  0.45896668020523856        4.0581486932831454E-003
  0.49200001358985901       0.56318397004659615        4.3613022832264614E-003  0.48072701362047027        4.0671187411816098E-003  0.44536148425770733        3.8507766970313421E-003
  0.49600002169609070       0.54756002850970653        4.1302947535152654E-003  0.46660422555032355        3.8574237130076564E-003  0.43208942135365225        3.6529653356925872E-003
  0.50000000000000000       0.53226220401761215        3.9106426673630136E-003  0.45281607265340651        3.6576845624864823E-003  0.41914090924093333        3.4645008598485974E-003
  0.50400000810623169       0.51727075154637281        3.7021619535396104E-003  0.43934354449254320        3.4677797360643183E-003  0.40649780608122787        3.2852728402019827E-003
  0.50800001621246338       0.50259155177639248        3.5040391008909146E-003  0.42618943126735293        3.2869908887505107E-003  0.39416215140272787        3.1146047897173228E-003
  0.51200002431869507       0.48823038321259138        3.3154875675844488E-003  0.41335641644271970        3.1146208583613887E-003  0.38213588276690019        2.9518401185013258E-003
  0.51600003242492676       0.47418467538079884        3.1358612091045772E-003  0.40084013297340815        2.9501016321385291E-003  0.37041442532196728        2.7964446144681963E-003
  0.52000004053115845       0.46043205424884270        2.9649396172599187E-003  0.38861959186622697        2.7932662160178754E-003  0.35897787296146894        2.6482646088636231E-003
  0.52400004863739014       0.44697326102658763        2.8023988600618006E-003  0.37669339990913808        2.6438478638897067E-003  0.34782444275020785        2.5070517687636662E-003
  0.52799999713897705       0.43381093354621003        2.6479107650436342E-003  0.36506152240047635        2.5015706135105968E-003  0.33695365045892978        2.3725317542522047E-003
  0.53200000524520874       0.42094616818363007        2.5012009693825858E-003  0.35372194730547951        2.3662004568272364E-003  0.32636328607976922        2.2444288185200366E-003
  0.53600001335144043       0.40836674391145572        2.3629201931077213E-003  0.34266393674606166        2.2384126539070968E-003  0.31604280561530834        2.1234783181589278E-003
  0.54000002145767212       0.39606235103767723        2.2322120656944459E-003  0.33187694552772756        2.1174272054366029E-003  0.30598200548360333        2.0089451338350852E-003
  0.54400002956390381       0.38402757140708332        2.1076094811972017E-003  0.32135450750107197        2.0018746016635656E-003  0.29617444261060111        1.8995332046416607E-003
  0.54800003767013550       0.37225709121104744        1.9877429986001629E-003  0.31109029145199646        1.8904715106076689E-003  0.28661381272427033        1.7940273689000777E-003
  0.55200004577636719       0.36076013333097939        1.8737839832882490E-003  0.30109044633359122        1.7843672228758291E-003  0.27730538758653200        1.6935233813741945E-003
  0.55600005388259888       0.34953858246555164        1.7670096075911650E-003  0.29135502006036734        1.6848175848646224E-003  0.26824882636197800        1.5992183096328206E-003
  0.56000000238418579       0.33857311536124440        1.6655152075801165E-003  0.28186603953866191        1.5900217839486578E-003  0.25942712205595053        1.5094040013359301E-003
  0.56400001049041748       0.32786481830327069        1.5691648520996446E-003  0.27262280011742568        1.4998740500436355E-003  0.25083922717148827        1.4239826694101673E-003
  0.56800001859664917       0.31740871183083447        1.4777602573755038E-003  0.26361959328415285        1.4142072936106293E-003  0.24247950159809151        1.3427979398047058E-003
  0.57200002670288086       0.30720073131123354        1.3911614576225849E-003  0.25485151800634459        1.3329094035687613E-003  0.23434306099977842        1.2657454352056766E-003
  0.57600003480911255       0.29723862474680712        1.3091015841897983E-003  0.24631520017152281        1.2557445414154227E-003  0.22642643259157416        1.1926029077963609E-003
  0.58000004291534424       0.28751691754070441        1.2313652088138513E-003  0.23800464312135580        1.1825250346446238E-003  0.21872374561236657        1.1231936674079711E-003
  0.58400005102157593       0.27803226676296211        1.1577595441574782E-003  0.22991566236211811        1.1130837943985191E-003  0.21123080760447194        1.0573603965956799E-003
  0.58799999952316284       0.26878178729150748        1.0880848362004637E-003  0.22204399856965551        1.0472388892963523E-003  0.20394326342045807        9.9494573562819433E-004
  0.59200000762939453       0.25976015390066803        1.0221438169963383E-003  0.21438307931134862        9.8480597910070183E-004  0.19685457014350730        9.3579755032135190E-004
  0.59600001573562622       0.25096445179614185        9.5975091194516716E-004  0.20693070899467711        9.2564228541773194E-004  0.18996271626714364        8.7973709666094770E-004
  0.60000002384185791       0.24239040214403393        9.0076109379127111E-004  0.19968213396540307        8.6962246071714262E-004  0.18326303981596884        8.2664584205880212E-004
