 pt up dp u1 d1 u2 d2
   0.0000000000000000        0.0000000000000000        0.0000000000000000        0.0000000000000000        0.0000000000000000        0.0000000000000000        0.0000000000000000     
   9.9999997764825821E-003   1.2451866457964289       0.73108539122268101       0.93218191492558300       0.55435291658177255       0.81275438477390860       0.49557650954332638     
   1.9999999552965164E-002   1.2436570475568689       0.73018731949089888       0.93126901958001351       0.55381003306381615       0.81202705275574449       0.49513301927173442     
   2.9999999329447746E-002   1.2407804798113842       0.72849840268257460       0.92945932408017218       0.55273383756763739       0.81054753128157953       0.49423088192040532     
   3.9999999105930328E-002   1.2370489050853837       0.72630748634272779       0.92717992870812560       0.55137831945223015       0.80871044644874401       0.49311072052079030     
   4.9999997019767761E-002   1.2320995567481341       0.72340157960364493       0.92410952638850452       0.54955240280043860       0.80621739287680894       0.49159058256714777     
   5.9999998658895493E-002   1.2262427949572652       0.71996290396443063       0.92051426403900560       0.54741436071078886       0.80331350237920029       0.48981993703897742     
   7.0000000298023224E-002   1.2192091583356273       0.71583325079266913       0.91615213984404087       0.54482027877114514       0.79977323510823417       0.48766126114640262     
   7.9999998211860657E-002   1.2111843696750584       0.71112166335539828       0.91117799492260187       0.54186223839238501       0.79573810061575379       0.48520084025568333     
   8.9999996125698090E-002   1.2022584694300089       0.70588100702913925       0.90566220433068734       0.53858209043743732       0.79127125985806213       0.48247718672289019     
   9.9999994039535522E-002   1.1922621586883564       0.70001188148557925       0.89944723725368825       0.53488615397865158       0.78622459467182571       0.47939998558478186     
  0.10999999940395355        1.1813368613819997       0.69359732083926406       0.89264640062947043       0.53084181074749981       0.78070049076235348       0.47603166646513478     
  0.11999999731779099        1.1695857618152476       0.68669790760426275       0.88533875585572819       0.52649607722831748       0.77476943839450629       0.47241521076161480     
  0.12999999523162842        1.1568638820324444       0.67922852099503672       0.87738559602944388       0.52176646675728289       0.76830013925704410       0.46847055940593268     
  0.14000000059604645        1.1433072112565115       0.67126900425001024       0.86889315354614538       0.51671615395444792       0.76138783276866451       0.46425578457779326     
  0.14999999105930328        1.1289496928389018       0.66283928650065904       0.85987783507318583       0.51135489558912384       0.75404445608066839       0.45977816494820334     
  0.15999999642372131        1.1138933629268724       0.65399927614456255       0.85041510068599691       0.50572756649982775       0.74633647939690184       0.45507823068498182     
  0.17000000178813934        1.0980344300255180       0.64468803416834841       0.84039994092335624       0.49977171932498110       0.73816316953945815       0.45009455979196689     
  0.17999999225139618        1.0814946342449847       0.63497703774080461       0.82992410926257520       0.49354191831533895       0.72960579701297457       0.44487670691170661     
  0.18999999761581421        1.0643155814261427       0.62489071486439307       0.81900909200894434       0.48705094101551283       0.72068052425392370       0.43943452708036346     
  0.19999998807907104        1.0466013234895317       0.61449015745597113       0.80773078579633606       0.48034392187798614       0.71145381145964071       0.43380854436429156     
  0.20999999344348907        1.0282637568125450       0.60372363730947320       0.79599687745443348       0.47336596381198359       0.70183632370632765       0.42794428684608865     
  0.21999999880790710        1.0094203829082393       0.59266014298973391       0.78389484563858702       0.46616908890348963       0.69190513520009589       0.42188875047773750     
  0.22999998927116394       0.99011643296657303       0.58132623104738412       0.77144897852001992       0.45876774091969214       0.68167879131977938       0.41565324329310782     
  0.23999999463558197       0.97045918266038800       0.56978488615826717       0.75873800434651251       0.45120873822627272       0.67122624967123612       0.40927981215193709     
  0.25000000000000000       0.95036217301675996       0.55798534573810765       0.74567144882188563       0.44343827727999635       0.66045985907352789       0.40271501179804353     
  0.25999999046325684       0.92995332843948841       0.54600271793484012       0.73233710084015136       0.43550856466056515       0.64945698682700381       0.39600601689744963     
  0.26999998092651367       0.90926793670665429       0.53385772123201991       0.71876005533746790       0.42743452390471515       0.63823703665916920       0.38916465886162399     
  0.28000000119209290       0.88834705159596361       0.52157445949972692       0.70496783579128486       0.41923252276186557       0.62681962317217055       0.38220289768272392     
  0.28999999165534973       0.86723614187025011       0.50917962877455525       0.69098877150423310       0.41091940819213080       0.61522634847934288       0.37513390523668894     
  0.29999998211860657       0.84597956567225963       0.49669927301566269       0.67684067268258064       0.40250577162582157       0.60347857643743674       0.36797070812264582     
  0.31000000238418579       0.82461955114445684       0.48415818559692242       0.66255030061077025       0.39400752754898860       0.59159212058589883       0.36072294863699894     
  0.31999999284744263       0.80319696360324599       0.47158035973728923       0.64814080805593521       0.38543844452309273       0.57958518271742565       0.35340172531217284     
  0.32999998331069946       0.78175200218360341       0.45898939752117335       0.63363813729940144       0.37681394998679668       0.56747737586751790       0.34601899718506357     
  0.34000000357627869       0.76032437181071244       0.44640861086800432       0.61906455832300511       0.36814728752398218       0.55528854371019043       0.33858686392426468     
  0.34999999403953552       0.73895236181754831       0.43386048056174542       0.60444506957890698       0.35945332329397212       0.54303767566289085       0.33111690431593199     
  0.35999998450279236       0.71767084296146955       0.42136548024092341       0.58980092463886846       0.35074469643866080       0.53074183669803165       0.32361952371698643     
  0.37000000476837158       0.69651647553696205       0.40894513423350037       0.57515569346517181       0.34203542361845019       0.51841955404526086       0.31610601909484265     
  0.37999999523162842       0.67551798100945393       0.39661630574938855       0.56052951574498833       0.33333748156679138       0.50608837410824692       0.30858708935884871     
  0.38999998569488525       0.65470995381747554       0.38439930619227380       0.54594380578284885       0.32466360501065478       0.49376577651203130       0.30107339270012395     
  0.39999997615814209       0.63412217598646281       0.37231162145777835       0.53141917171524278       0.31602604926242556       0.48146680115816304       0.29357409968981946     
  0.40999999642372131       0.61377809649997017       0.36036701912795277       0.51697342628669340       0.30743540726187424       0.46920848868917403       0.28609960084972624     
  0.41999998688697815       0.59370681408133441       0.34858258391182978       0.50262623671902917       0.29890337477525258       0.45700585880668337       0.27865905443410033     
  0.42999997735023499       0.57393245862844311       0.33697248317612316       0.48839376207239038       0.29043956132402304       0.44487411874212851       0.27126173304339329     
  0.43999999761581421       0.55447306954527442       0.32554730838096330       0.47429371289214772       0.28205449907183588       0.43282621149722394       0.26391552866531104     
  0.44999998807907104       0.53535327683543577       0.31432152051971640       0.46034065677153607       0.27375685112153458       0.42087612101245270       0.25662896799936352     
  0.45999997854232788       0.51658747546023076       0.30330357129394042       0.44655041782291205       0.26555602780676385       0.40903622802282008       0.24940960019146077     
  0.46999999880790710       0.49819244386589961       0.29250331181870859       0.43293558455419651       0.25745951530159517       0.39731912921985513       0.24226510606687621     
  0.47999998927116394       0.48018561862274656       0.28193097961292218       0.41951020280369911       0.24947566642998742       0.38573592602544104       0.23520225471109335     
  0.48999997973442078       0.46257622602960008       0.27159199170567533       0.40628501966153968       0.24161087230579578       0.37429767200947411       0.22822778603187535     
  0.50000000000000000       0.44537766428132913       0.26149421456788741       0.39327203581572712       0.23387226953647103       0.36301334715791606       0.22134717557039638     
  0.50999999046325684       0.42859601257208529       0.25164121747172263       0.38048028090201813       0.22626522789462616       0.35189311093422887       0.21456661805354571     
  0.51999998092651367       0.41224161336343262       0.24203907277796677       0.36791934675091242       0.21879545148063828       0.34094463156149046       0.20789078917584805     
  0.52999997138977051       0.39632091379192530       0.23269156578849898       0.35559791227678050       0.21146810149900780       0.33017549215488812       0.20132431273734322     
  0.53999996185302734       0.38083607425688626       0.22359996493676179       0.34352225114347906       0.20428690879218167       0.31959451335113181       0.19487256711609255     
  0.55000001192092896       0.36579174095457478       0.21476699814006947       0.33169969098072916       0.19725623097839121       0.30920664278372356       0.18853856912872238     
  0.56000000238418579       0.35118894864987782       0.20619327293906170       0.32013494302223311       0.19037886974913251       0.29901856386801839       0.18232639398382722     
  0.56999999284744263       0.33702960674919913       0.19787991040191996       0.30883360801721649       0.18365815577583186       0.28903451240200828       0.17623862445674859     
  0.57999998331069946       0.32330894294116047       0.18982410856546578       0.29779865250417797       0.17709585320907226       0.27925935958947029       0.17027823076113302     
  0.58999997377395630       0.31003080592791404       0.18202812711496721       0.28703412171279141       0.17069436767894822       0.26969732451291761       0.16444778548006950     
  0.59999996423721313       0.29718934196648050       0.17448852914721691       0.27654149321488991       0.16445457787259349       0.26035085357402904       0.15874878030554676     
  0.61000001430511475       0.28477947756023997       0.16720233586439867       0.26632325757555120       0.15837796488719857       0.25122231239450682       0.15318265767401085     
  0.62000000476837158       0.27279694920061887       0.16016704403629911       0.25637961564544182       0.15246464816527841       0.24231545396338236       0.14775170596832282     
  0.62999999523162842       0.26123830491423689       0.15338062690868168       0.24671169925397507       0.14671530078676162       0.23363038361848257       0.14245598941816112     
  0.63999998569488525       0.25009441447418135       0.14683772385907529       0.23731833697535692       0.14112922612441753       0.22516881134613526       0.13729655068668636     
  0.64999997615814209       0.23935858936266913       0.14053440786364219       0.22819949394759764       0.13570640344640694       0.21693051348168854       0.13227325339450813     
  0.65999996662139893       0.22902535105701194       0.13446746232195059       0.21935288480100332       0.13044547368178577       0.20891529577664258       0.12738597909871760     
  0.66999995708465576       0.21908381317854025       0.12863049552362082       0.21077738742257893       0.12534576952881638       0.20112472493329961       0.12263568309512492     
  0.68000000715255737       0.20952562750952422       0.12301860598657686       0.20246969268602569       0.12040532310570926       0.19355496262996669       0.11802002496932852     
  0.68999999761581421       0.20034392392779787       0.11762776006175288       0.19442679049698752       0.11562234435994462       0.18620772013498949       0.11354004816619857     
  0.69999998807907104       0.19152668636263870       0.11245090276362087       0.18664765862255411       0.11099622538679257       0.17907841441288383       0.10919295818253610     
  0.70999997854232788       0.18306604129782331       0.10748341132120295       0.17912528026455643       0.10652279341432128       0.17216701794039052       0.10497873823604996     
  0.71999996900558472       0.17494963461724358       0.10271803227266783       0.17185895542392196       0.10220163216484801       0.16547096967445121       0.10089582673223697     
  0.72999995946884155       0.16716939063072817        9.8150024144816869E-002  0.16484108738542563        9.8028223999514705E-002  0.15898697201859469        9.6942212963582353E-002
  0.74000000953674316       0.15971533447883834        9.3773530406792052E-002  0.15807027838466436        9.4001737691324624E-002  0.15271188310040787        9.3115981175224682E-002
  0.75000000000000000       0.15257487674030587        8.9581159442240765E-002  0.15153855593416365        9.0117432135979614E-002  0.14664394495276489        8.9416059447739768E-002
  0.75999999046325684       0.14573961859287499        8.5567980057694476E-002  0.14524399135558630        8.6374160380889548E-002  0.14077857624540754        8.5839654317688807E-002
  0.76999998092651367       0.13919951210649129        8.1728092820405912E-002  0.13917878174746676        8.2767282171705175E-002  0.13511198663636476        8.2384454626277526E-002
  0.77999997138977051       0.13294338488433280        7.8054938090397472E-002  0.13333885692081232        7.9294377035444688E-002  0.12964215284329159        7.9049226678282750E-002
  0.78999996185302734       0.12695875615041852        7.4541188040132642E-002  0.12771794241950368        7.5951713658515788E-002  0.12436253620756402        7.5829983530442152E-002
  0.79999995231628418       0.12123999702182896        7.1183537788303136E-002  0.12231110992288657        7.2736361251461143E-002  0.11927157764720416        7.2725774533434179E-002
  0.81000000238418579       0.11577483701581109        6.7974782976659084E-002  0.11711186830224875        6.9644459649139123E-002  0.11436252779945345        6.9732484267274297E-002
  0.81999999284744263       0.11055133101103423        6.4907910276130104E-002  0.11211519592055778        6.6673022568411150E-002  0.10963283753592015        6.6848558402420363E-002
  0.82999998331069946       0.10556417105602926        6.1979803233620991E-002  0.10731453294663118        6.3818148987931034E-002  0.10507787027780675        6.4071169787669482E-002
  0.83999997377395630       0.10080171898779394        5.9183628744246965E-002  0.10270471943744312        6.1076770376310555E-002  0.10069256517891770        6.1397232575021193E-002
  0.84999996423721313        9.6252614089971072E-002   5.6512716600139783E-002   9.8279178165519204E-002   5.8444975366921337E-002   9.6472965202286612E-002   5.8824333963505643E-002
  0.85999995470046997        9.1856323835547565E-002   5.3931526389472316E-002   9.4032762471464790E-002   5.5919703327927103E-002   9.2413929003281159E-002   5.6349339021248085E-002
  0.87000000476837158        8.7713104248922563E-002   5.1498921347782466E-002   8.9958953819045437E-002   5.3497077795393568E-002   8.8510689299902703E-002   5.3969340900844986E-002
  0.87999999523162842        8.3759112505234420E-002   4.9177417490843416E-002   8.6051837688520108E-002   5.1173581503842686E-002   8.4760307378675945E-002   5.1682547723478155E-002
  0.88999998569488525        7.9984991537620995E-002   4.6961521011834317E-002   8.2307610046357907E-002   4.8946952258472176E-002   8.1155846916346197E-002   4.9484730070110228E-002
  0.89999997615814209        7.6384894633943462E-002   4.4847799135559939E-002   7.8717864236803964E-002   4.6812190762404976E-002   7.7695063268994877E-002   4.7374519270428010E-002
  0.90999996662139893        7.2950008440629627E-002   4.2831077285127611E-002   7.5279751974907966E-002   4.4767603188455102E-002   7.4371091272745132E-002   4.5347729294783104E-002
  0.91999995708465576        6.9671842022502289E-002   4.0906370184886534E-002   7.1985158222601917E-002   4.2808363659882193E-002   7.1180600095373650E-002   4.3402329170180387E-002
  0.93000000715255737        6.6545287017572952E-002   3.9070678566546023E-002   6.8831354065324646E-002   4.0932849337064675E-002   6.8120243412356410E-002   4.1536278477203620E-002
  0.93999999761581421        6.3561360345768370E-002   3.7318728201835287E-002   6.5810458123766291E-002   3.9136373296198124E-002   6.5183397322857856E-002   3.9745538296202254E-002
  0.94999998807907104        6.0715455342181313E-002   3.5647814383449980E-002   6.2919983388720971E-002   3.7417456554709787E-002   6.2367275476654403E-002   3.8028409651761352E-002
  0.95999997854232788        5.8000169992430330E-002   3.4053591172893340E-002   6.0152751573567184E-002   3.5771830306199175E-002   5.9667445446323540E-002   3.6382189873859133E-002
  0.96999996900558472        5.5409993225265707E-002   3.2532822859523483E-002   5.7505007591668711E-002   3.4197261463759850E-002   5.7079198636143524E-002   3.4804007899015013E-002
  0.97999995946884155        5.2936742453282247E-002   3.1080705207658713E-002   5.4971365782302176E-002   3.2690547265482407E-002   5.4598970568233901E-002   3.3291690288931655E-002
  0.98999994993209839        5.0577503139407773E-002   2.9695527007591659E-002   5.2547815331296377E-002   3.1249302547593408E-002   5.2222226607601903E-002   3.1842472052581151E-002
   1.0000000000000000        4.8325827588202475E-002   2.8373502629305297E-002   5.0229231630442440E-002   2.9870479791726114E-002   4.9944883095616073E-002   3.0453863181507446E-002
