 pt up dp u1 d1 u2 d2
   0.0000000000000000        0.0000000000000000        0.0000000000000000        0.0000000000000000        0.0000000000000000        0.0000000000000000        0.0000000000000000     
   9.9999997764825821E-003   1.3378197830411287       0.64744686274028063       0.88713815743121560       0.43287186026151120       0.80125547973713029       0.39515830889283043     
   1.9999999552965164E-002   1.3353595589004592       0.64625622075568245       0.88574872894978007       0.43219389991630297       0.80003831660123836       0.39455803577322135     
   2.9999999329447746E-002   1.3311234560215746       0.64420613033696794       0.88332402266189547       0.43101078417200500       0.79790778862059419       0.39350731492928198     
   3.9999999105930328E-002   1.3254335387215499       0.64145245667191086       0.88006963824846340       0.42942283372342155       0.79504790111023271       0.39209689298422556     
   4.9999997019767761E-002   1.3179841475703808       0.63784727382793693       0.87582373499968380       0.42735107971036990       0.79132236031182357       0.39025955341046875     
   5.9999998658895493E-002   1.3089360907565899       0.63346840600713927       0.87066333677349117       0.42483310529888652       0.78679131061455898       0.38802495785242269     
   7.0000000298023224E-002   1.2983194983325939       0.62833043485060314       0.86460000291132977       0.42187455077576635       0.78146734823564801       0.38539931843595399     
   7.9999998211860657E-002   1.2861709825356042       0.62245107909624953       0.85765669939390587       0.41848662220480931       0.77536825198975412       0.38239140320884968     
   8.9999996125698090E-002   1.2725359211128027       0.61585229960937671       0.84985078127345970       0.41467778784283044       0.76851091223917001       0.37900954205735604     
   9.9999994039535522E-002   1.2574599035870888       0.60855615974556643       0.84120568047525790       0.41045948110749392       0.76091542573670212       0.37526364617590985     
  0.10999999940395355        1.2409973682649114       0.60058900528858394       0.83174866319442187       0.40584500631730575       0.75260233501151186       0.37116384660422180     
  0.11999999731779099        1.2232054223084234       0.59197847363282774       0.82150878808178784       0.40084854240498052       0.74359983561779552       0.36672404865438851     
  0.12999999523162842        1.2041404411114369       0.58275184802849433       0.81051424780389070       0.39548384575322776       0.73393018614811512       0.36195522968384120     
  0.14000000059604645        1.1838722555814736       0.57294292361194632       0.79879904665418677       0.38976750848092034       0.72362188660817683       0.35687144515222180     
  0.14999999105930328        1.1624677906960432       0.56258408917521552       0.78639545335766525       0.38371527585039145       0.71270288151861061       0.35148647656841797     
  0.15999999642372131        1.1399942251870918       0.55170785631649455       0.77333989353118471       0.37734492144560716       0.70120598077049312       0.34581650491515054     
  0.17000000178813934        1.1165278123725051       0.54035112834074639       0.75967010706735172       0.37067486014071321       0.68916236561914834       0.33987690797445608     
  0.17999999225139618        1.0921477342762980       0.52855222591992068       0.74542305450691759       0.36372312653144517       0.67660368874853194       0.33368329602467889     
  0.18999999761581421        1.0669239336933638       0.51634499833902514       0.73063787928647750       0.35650882033984110       0.66356354662073525       0.32725223796485398     
  0.19999998807907104        1.0409389930570936       0.50376941192094948       0.71535854118520259       0.34905339138318908       0.65007856993349267       0.32060179909991382     
  0.20999999344348907        1.0142756053450013       0.49086548648715167       0.69962199434541261       0.34137487113516302       0.63618234148113373       0.31374854158830950     
  0.21999999880790710       0.98700779164725150       0.47766904504100843       0.68347071118164604       0.33349398366555583       0.62191378687762333       0.30671166252781573     
  0.22999998927116394       0.95921926660213930       0.46422060184357028       0.66694988023574864       0.32543277835642548       0.60730577639493566       0.29950737267943761     
  0.23999999463558197       0.93099018757411922       0.45055894958933901       0.65009944629740490       0.31721074594354304       0.59239542738243189       0.29215397735199999     
  0.25000000000000000       0.90240444490589256       0.43672468757269228       0.63296057453230548       0.30884797263524061       0.57722198696515736       0.28467083220415829     
  0.25999999046325684       0.87353226688463559       0.42275180324454448       0.61557610150853503       0.30036536018707849       0.56181727211406662       0.27707362853632145     
  0.26999998092651367       0.84445540432786204       0.40867986046169891       0.59799052196349833       0.29178461944487155       0.54622336502249069       0.26938312018889571     
  0.28000000119209290       0.81524959159885824       0.39454551137755756       0.58024040097243246       0.28312359204016818       0.53047069611641551       0.26161431465446694     
  0.28999999165534973       0.78599115482385629       0.38038569453317067       0.56237249613250773       0.27440509296283178       0.51460023191636650       0.25378741555270579     
  0.29999998211860657       0.75674713193216003       0.36623285338434786       0.54442385829192330       0.26564720087338434       0.49864263798742536       0.24591754634066912     
  0.31000000238418579       0.72758898894506918       0.35212157439173947       0.52643198418786274       0.25686821200025683       0.48263426029456824       0.23802263190051764     
  0.31999999284744263       0.69858502347393459       0.33808491064273555       0.50843739483265904       0.24808789824238162       0.46660885445221656       0.23011931962106544     
  0.32999998331069946       0.66979509545489591       0.32415183175517953       0.49047728955411396       0.23932441070969823       0.45059646897837308       0.22222242864783931     
  0.34000000357627869       0.64128272126843688       0.31035307690769459       0.47258245944105676       0.23059277366397299       0.43463128041193816       0.21434881395863006     
  0.34999999403953552       0.61310580789096081       0.29671667057015250       0.45479691452916760       0.22191446144475013       0.41874111415453696       0.20651219831593831     
  0.35999998450279236       0.58531192854116609       0.28326563612102806       0.43714433071370884       0.21330102651287217       0.40295579750267374       0.19872729176461637     
  0.37000000476837158       0.55795997683367782       0.27002847552038173       0.41966132911017612       0.20477033784427798       0.38730452187273401       0.19100849075002416     
  0.37999999523162842       0.53109070684536963       0.25702491197723709       0.40237371010110479       0.19633498452612325       0.37181149923585133       0.18336773598496786     
  0.38999998569488525       0.50474763494706754       0.24427600553131337       0.38531258245320482       0.18801014582851805       0.35650284548635580       0.17581790714752754     
  0.39999997615814209       0.47881256286075491       0.23172455333268038       0.36850184020952303       0.17980748065574473       0.34140211053150116       0.16837061843786796     
  0.40999999642372131       0.45363927867960380       0.21954177350346735       0.35196888338414123       0.17174035862218359       0.32653130997753488       0.16103672737890667     
  0.41999998688697815       0.42909680740715289       0.20766427981510138       0.33573291081092549       0.16381814764292280       0.31191370393560547       0.15382770525092634     
  0.42999997735023499       0.40521821521518131       0.19610807486333837       0.31981757896340912       0.15605239070212987       0.29756292696776837       0.14675027626439494     
  0.43999999761581421       0.38202415477953006       0.18488315364926097       0.30423976789215201       0.14845132428340774       0.28349907549754699       0.13981435145135548     
  0.44999998807907104       0.35953733313496100       0.17400050539473969       0.28901950225077266       0.14102471925388724       0.26973812208834658       0.13302780806357531     
  0.45999997854232788       0.33777144906913931       0.16346675972000441       0.27416879671994926       0.13377843807944462       0.25629435867552902       0.12639769451089519     
  0.46999999880790710       0.31674501903604896       0.15329087778723302       0.25970386745273050       0.12672039330028328       0.24318291698606326       0.11993147336647823     
  0.47999998927116394       0.29646382283739064       0.14347565677024968       0.24563464315201869       0.11985542954636237       0.23041033512836548       0.11363236905490584     
  0.48999997973442078       0.27693972060794642       0.13402683646088104       0.23197216454376737       0.11318893405025877       0.21798876322891139       0.10750637370172673     
  0.50000000000000000       0.25817226600146803       0.12494420084686450       0.21872478005123036       0.10672498035730910       0.20592645702443724       0.10155755882102073     
  0.50999999046325684       0.24016878091014707       0.11623129340706723       0.20590169528147018       0.10046806026872936       0.19423034435424255        9.5789341042478410E-002
  0.51999998092651367       0.22292059530394015       0.10788391822226062       0.19350319381908923        9.4418312157323048E-002  0.18290585061639578        9.0204396030953343E-002
  0.52999997138977051       0.20642951354930703        9.9902948527703275E-002  0.18153531225276440        8.8578681527517591E-002  0.17195921723487773        8.4805801894000193E-002
  0.53999996185302734       0.19068484773828601        9.2283211838605134E-002  0.17000018187715082        8.2950208327233668E-002  0.16138897083349413        7.9592832000899935E-002
  0.55000001192092896       0.17568218276050174        8.5022571432668420E-002  0.15890206942939836        7.7534974476216961E-002  0.15119878888108915        7.4567299983392024E-002
  0.56000000238418579       0.16140686944306820        7.8113937744357445E-002  0.14823186464451227        7.2328534694639887E-002  0.14138918000237000        6.9729456681919127E-002
  0.56999999284744263       0.14785170623273219        7.1553825533642146E-002  0.13799404080116739        6.7333071682508114E-002  0.13195933457462949        6.5078902811673764E-002
  0.57999998331069946       0.13499589850470414        6.5332171102293390E-002  0.12818415660665886        6.2546418347110166E-002  0.12290943407490339        6.0615727872398113E-002
  0.58999997377395630       0.12282902699009884        5.9443931975205241E-002  0.11880146462230624        5.7968209981811236E-002  0.11423270587959450        5.6336591782738019E-002
  0.59999996423721313       0.11133009268000223        5.3878945541079720E-002  0.10983260155856049        5.3591926077987122E-002  0.10592741076459929        5.2240636802718322E-002
  0.61000001430511475       0.10048468150479102        4.8630236014182940E-002  0.10127870809981017        4.9418123223322868E-002   9.7988898922809736E-002   4.8325569768722591E-002
  0.62000000476837158        9.0269835432020787E-002   4.3686692700631413E-002   9.3127755047313424E-002   4.5440931867970651E-002   9.0411860675113628E-002   4.4588772085469075E-002
  0.62999999523162842        8.0669212842503793E-002   3.9040406964142856E-002   8.5378938522566783E-002   4.1659959765942334E-002   8.3191960481102611E-002   4.1028105577482883E-002
  0.63999998569488525        7.1659363371860157E-002   3.4680029843489175E-002   7.8014731223354256E-002   3.8066654612445183E-002   7.6318666044714809E-002   3.7638375990988765E-002
  0.64999997615814209        6.3220369035692586E-002   3.0595921896442439E-002   7.1032937847570116E-002   3.4659945227642895E-002   6.9786445139902578E-002   3.4416854976359559E-002
  0.65999996662139893        5.5327916225415941E-002   2.6776316388947681E-002   6.4418982362326210E-002   3.1432719354646553E-002   6.3587352509769851E-002   3.1359624140076273E-002
  0.66999995708465576        4.7963606417310137E-002   2.3212309231969472E-002   5.8166296817138308E-002   2.8381772215349804E-002   5.7711879107579224E-002   2.8461993868248218E-002
  0.68000000715255737        4.1101528879126971E-002   1.9891360752737269E-002   5.2264888327773970E-002   2.5502227863034764E-002   5.2156155588869650E-002   2.5722055901084930E-002
  0.68999999761581421        3.4723089055252114E-002   1.6804471991264600E-002   4.6700128600488423E-002   2.2786948540552025E-002   4.6903259044551018E-002   2.3131464301108667E-002
  0.69999998807907104        2.8803533084917024E-002   1.3939663150497794E-002   4.1462628596168290E-002   2.0231352942506130E-002   4.1948654869875174E-002   2.0687982719503038E-002
  0.70999997854232788        2.3322126037031560E-002   1.1286899421373902E-002   3.6540934747472831E-002   1.7829852393717469E-002   3.7281547239701389E-002   1.8386286936822913E-002
  0.71999996900558472        1.8254641087420528E-002   8.8344560697357476E-003   3.1926360304255774E-002   1.5578208264989433E-002   3.2892031123874600E-002   1.6221492050481540E-002
  0.72999995946884155        1.3583039522477228E-002   6.5736031390670321E-003   2.7600207022233317E-002   1.3467296899855539E-002   2.8772737612887959E-002   1.4189963906463453E-002
  0.74000000953674316        9.2827155430397126E-003   4.4924324877222161E-003   2.3555871395308136E-002   1.1493896171136723E-002   2.4907128937907256E-002   1.2283546508422085E-002
  0.75000000000000000        5.3347933246324954E-003   2.5818090337620062E-003   1.9780523685047839E-002   9.6517459121438203E-003   2.1289813448998100E-002   1.0499580835203704E-002
  0.75999999046325684        1.7234965290153111E-003   8.3409771241245369E-004   1.6265221031480186E-002   7.9364825269703267E-003   1.7909566915562815E-002   8.8325313889629654E-003
  0.76999998092651367       -1.5796046619747102E-003  -7.6446027763219545E-004   1.2989949202727630E-002   6.3383402336892524E-003   1.4756249062459205E-002   7.2773972504198087E-003
  0.77999997138977051       -4.5890577689952387E-003  -2.2209053066294449E-003   9.9533092687496341E-003   4.8566364357468701E-003   1.1819769064146687E-002   5.8292018875481782E-003
  0.78999996185302734       -7.3215560707210322E-003  -3.5433161988303809E-003   7.1377641199580647E-003   3.4828140429228353E-003   9.0917703237718746E-003   4.4838240446884335E-003
  0.79999995231628418       -9.7981095079157487E-003  -4.7418608560752104E-003   4.5366125527033924E-003   2.2136032573108000E-003   6.5592694098409307E-003   3.2348606319866505E-003
  0.81000000238418579       -1.2034060863687477E-002  -5.8239645212216822E-003   2.1307670200124136E-003   1.0396904653581609E-003   4.2141646415661321E-003   2.0783161117394998E-003
  0.81999999284744263       -1.4041428646493371E-002  -6.7954436320995524E-003  -7.7931999247005286E-005  -3.8026286216371728E-005   2.0470082416260233E-003   1.0095310865343733E-003
  0.82999998331069946       -1.5844343497455678E-002  -7.6679763744319446E-003  -2.1138843997102214E-003  -1.0314527278704048E-003   4.8519168797160596E-005   2.3928388854298894E-005
  0.83999997377395630       -1.7453392843471718E-002  -8.4466866045230411E-003  -3.9749565598222311E-003  -1.9395477762913882E-003  -1.7888545732028499E-003  -8.8221642893968294E-004
  0.84999996423721313       -1.8881118163030907E-002  -9.1376438550595535E-003  -5.6814396666506088E-003  -2.7722123514423175E-003  -3.4768912223087822E-003  -1.7147120866650490E-003
  0.85999995470046997       -2.0144180802689364E-002  -9.7489114965294780E-003  -7.2307224444051197E-003  -3.5281723025051793E-003  -5.0226255689141235E-003  -2.4770279595031750E-003
  0.87000000476837158       -2.1253697390189830E-002  -1.0285869495537775E-002  -8.6455921994028281E-003  -4.2185465105620571E-003  -6.4343290446756416E-003  -3.1732433018594720E-003
  0.87999999523162842       -2.2220102006337811E-002  -1.0753567495518314E-002  -9.9228646885685910E-003  -4.8417812500608061E-003  -7.7185033849663971E-003  -3.8065646000792798E-003
  0.88999998569488525       -2.3055361885568559E-002  -1.1157797119893736E-002  -1.1078739182797235E-002  -5.4057808236947112E-003  -8.8857906510593429E-003  -4.3822402412777009E-003
  0.89999997615814209       -2.3773709603387171E-002  -1.1505446319101314E-002  -1.2233487949112080E-002  -5.9692311075341259E-003  -9.9421388337075419E-003  -4.9032036193930465E-003
  0.90999996662139893       -2.4381005611735476E-002  -1.1799351298190505E-002  -1.3051562697370371E-002  -6.3684040380920150E-003  -1.0894621367979477E-002  -5.3729431681526271E-003
  0.91999995708465576       -2.4889820094279910E-002  -1.2045595481911094E-002  -1.3996566085224591E-002  -6.8295107676665376E-003  -1.1750051821410175E-002  -5.7948191613926220E-003
  0.93000000715255737       -2.5307362679493781E-002  -1.2247668018349965E-002  -1.4734088288394925E-002  -7.1893787379440546E-003  -1.2513525611897409E-002  -6.1713445263510240E-003
  0.93999999761581421       -2.5640260836460062E-002  -1.2408776315649819E-002  -1.5383523902081310E-002  -7.5062655721554452E-003  -1.3194097990119587E-002  -6.5069850765356874E-003
  0.94999998807907104       -2.5896775348748288E-002  -1.2532918235461220E-002  -1.5955263071203714E-002  -7.7852410571453215E-003  -1.3796246043432480E-002  -6.8039487946849712E-003
  0.95999997854232788       -2.6087514589073251E-002  -1.2625227770957164E-002  -1.6448863500893748E-002  -8.0260893787241164E-003  -1.4325596578656471E-002  -7.0650106751968681E-003
  0.96999996900558472       -2.6214960641355270E-002  -1.2686906143309440E-002  -1.6875390075179811E-002  -8.2342095572053905E-003  -1.4786092341083464E-002  -7.2921151772374192E-003
  0.97999995946884155       -2.6288355633899776E-002  -1.2722426142539657E-002  -1.7237337532064929E-002  -8.4108188797403262E-003  -1.5292288619340807E-002  -7.5417579819888371E-003
  0.98999994993209839       -2.6311771145138739E-002  -1.2733758236356236E-002  -1.7541988544360402E-002  -8.5594708673909781E-003  -1.5634196647525387E-002  -7.7103781058207805E-003
   1.0000000000000000       -2.6288852151012048E-002  -1.2722666435328491E-002  -1.7793005070262071E-002  -8.6819523429235625E-003  -1.5922982443486115E-002  -7.8527997299468882E-003
