 pt up dp u1 d1 u2 d2
   0.0000000000000000        0.0000000000000000        0.0000000000000000        0.0000000000000000        0.0000000000000000        0.0000000000000000        0.0000000000000000     
   9.9999997764825821E-003   4.0358529611480343        2.6516736345339296        3.0377506357020319        1.8408095705956289        2.8412045257405310        1.7077317861295847     
   1.9999999552965164E-002   4.0287109073750145        2.6469810959631093        3.0333223530164735        1.8381261294161337        2.8372186787010918        1.7053360565641009     
   2.9999999329447746E-002   4.0153943277470097        2.6382317130094473        3.0246811771046644        1.8328897682965903        2.8293587253183725        1.7006117601934732     
   3.9999999105930328E-002   3.9967791749785637        2.6260010122693336        3.0120390030361825        1.8252288909537024        2.8177315211907699        1.6936231235456600     
   4.9999997019767761E-002   3.9732338835782630        2.6105310660089924        2.9967922598005110        1.8159897024111062        2.8038897955013220        1.6853034285991664     
   5.9999998658895493E-002   3.9446513648919552        2.5917515138452543        2.9782565009368467        1.8047574432804632        2.7870342852590637        1.6751722710737731     
   7.0000000298023224E-002   3.9110972772701844        2.5697054952380296        2.9565110027637873        1.7915801532541247        2.7672172466954970        1.6632610600520550     
   7.9999998211860657E-002   3.8727143380071269        2.5444867796308044        2.9315657769587031        1.7764638991867276        2.7445711387031997        1.6496494111544822     
   8.9999996125698090E-002   3.8296406793125453        2.5161861239322780        2.9035644315422480        1.7594957043565242        2.7190625380016247        1.6343172350147124     
   9.9999994039535522E-002   3.7820131046398302        2.4848934120192769        2.8725200635075288        1.7406835052511176        2.6908348238896602        1.6173507110626180     
  0.10999999940395355        3.7300627376002429        2.4507604988756690        2.8386113619464801        1.7201355835005798        2.6599620218850593        1.5987943330079966     
  0.11999999731779099        3.6739004038371146        2.4138602001960039        2.8018983255296983        1.6978882969697620        2.6265185487366267        1.5786928297136273     
  0.12999999523162842        3.6137722601500020        2.3743542482092801        2.7624920774054882        1.6740089838241170        2.5906003553735091        1.5571038733569715     
  0.14000000059604645        3.5498086221747553        2.3323282641061369        2.7204660223522197        1.6485421257327331        2.5523517996456473        1.5341142315349017     
  0.14999999105930328        3.4823195357539887        2.2879859570886314        2.6760388560225885        1.6216202474149857        2.5118114527331583        1.5097470878055590     
  0.15999999642372131        3.4115155605430574        2.2414656710191392        2.6292922052824355        1.5932928129427761        2.4691798045420854        1.4841229484479692     
  0.17000000178813934        3.3376135567464922        2.1929098894054229        2.5803619177034411        1.5636421429342431        2.4245341213419356        1.4572882550552115     
  0.17999999225139618        3.2608162434381693        2.1424518046181142        2.5293675558694875        1.5327406896657898        2.3779785587163165        1.4293056112868272     
  0.18999999761581421        3.1814421830002146        2.0903007214752427        2.4764976582515299        1.5007027032729237        2.3296850767238966        1.4002783752979513     
  0.19999998807907104        3.0997320940470958        2.0366147991588921        2.4218778787496698        1.4676043272346899        2.2797326903015067        1.3702540397340388     
  0.20999999344348907        3.0158912899347001        1.9815289345589784        2.3656584244916257        1.4335365837419936        2.2283184953505204        1.3393510708767786     
  0.21999999880790710        2.9302500072153363        1.9252601027653633        2.3079630024353035        1.3985744364700576        2.1755293428474429        1.3076216712944477     
  0.22999998927116394        2.8430176254570489        1.8679458722884799        2.2490049558726359        1.3628471667262401        2.1215382023243148        1.2751698058953165     
  0.23999999463558197        2.7544764577993495        1.8097717311319634        2.1889083098378310        1.3264299309329530        2.0664397106528480        1.2420523570306907     
  0.25000000000000000        2.6648399503980262        1.7508779196735356        2.1278278245382904        1.2894165103464950        2.0104247164820221        1.2083840360144644     
  0.25999999046325684        2.5744206361312978        1.6914697811705113        2.0659175942200338        1.2519002826653236        1.9536048279033078        1.1742319259037279     
  0.26999998092651367        2.4834249766578793        1.6316829669814104        2.0033156809724355        1.2139649104562265        1.8961174795926881        1.1396786330587656     
  0.28000000119209290        2.3921165194838139        1.5716906355388967        1.9402026122120446        1.1757197893332603        1.8380630037722583        1.1047844630729571     
  0.28999999165534973        2.3006959189705571        1.5116246226370535        1.8766901175839554        1.1372326249854956        1.7796476048477463        1.0696733569772670     
  0.29999998211860657        2.2094184981478935        1.4516526829866894        1.8129683586602630        1.0986186511117610        1.7209662050522203        1.0344023686420363     
  0.31000000238418579        2.1185502013514981        1.3919495498077570        1.7491564973582376        1.0599500771933685        1.6621472891195606       0.99904872498355790     
  0.31999999284744263        2.0282183093513071        1.3325988502950736        1.6853931174232761        1.0213108819090995        1.6032856659874464       0.96366941177494925     
  0.32999998331069946        1.9386827846017545        1.2737713873973640        1.6217805875136151       0.98276309839742149        1.5445657618708339       0.92837528006780556     
  0.34000000357627869        1.8500631030935384        1.2155456603408252        1.5585349697729789       0.94443765552962977        1.4860609762982984       0.89321044731544530     
  0.34999999403953552        1.7626436494452884        1.1581085181515602        1.4956800965885384       0.90634899520423962        1.4279159489325757       0.85826185050088155     
  0.35999998450279236        1.6765416442890058        1.1015369782190259        1.4334054368222764       0.86861193135310233        1.3702102562324110       0.82357731977741566     
  0.37000000476837158        1.5918970354344995        1.0459229903543434        1.3717863822516714       0.83127214972273444        1.3130423554211703       0.78921603375341420     
  0.37999999523162842        1.5088926295749805       0.99138666391066943        1.3109493200815787       0.79440623815861822        1.2565500507422085       0.75526082092098501     
  0.38999998569488525        1.4276440924332965       0.93800399465659168        1.2509605560498709       0.75805437646861118        1.2007924858321743       0.72174723010012309     
  0.39999997615814209        1.3482301829274037       0.88582672950862207        1.1919532317955268       0.72229724553560049        1.1458523373704661       0.68872495485991214     
  0.40999999642372131        1.2708477883663083       0.83498422919701831        1.1340078468274200       0.68718362627814322        1.0918468458601152       0.65626446366956404     
  0.41999998688697815        1.1955349227138268       0.78550147000970760        1.0771740312806772       0.65274359345835498        1.0388085232643640       0.62438529813988297     
  0.42999997735023499        1.1224085812355846       0.73745532126383717        1.0215833875425855       0.61905689520670526       0.98684124174596999       0.59314989157774012     
  0.43999999761581421        1.0515259852739103       0.69088337905774000       0.96723198645428055       0.58612115053999003       0.93600322132477187       0.56259323765485669     
  0.44999998807907104       0.98291130104167190       0.64580152130127100       0.91421604503721554       0.55399466484110149       0.88632459303703581       0.53273344690425228     
  0.45999997854232788       0.91669192823597745       0.60229345332788209       0.86262122566585842       0.52272934761074330       0.83788948820071174       0.50362108721872345     
  0.46999999880790710       0.85285414393899228       0.56035015877851191       0.81242854170675238       0.49231369336977188       0.79073834218078276       0.47528046264165891     
  0.47999998927116394       0.79145505051954634       0.52000915558242022       0.76371183031679657       0.46279244579908380       0.74488543382372829       0.44772015560342482     
  0.48999997973442078       0.73114810898461147       0.48038572817140845       0.71653484995523287       0.43420424111213141       0.70038415492436523       0.42097225772724045     
  0.50000000000000000       0.67461796491383907       0.44324376734381865       0.67086380818129288       0.40652860183862916       0.65729165912380483       0.39507112172820802     
  0.50999999046325684       0.62058436079009316       0.40774210640297437       0.62675152902061670       0.37979753816756762       0.61557343209981175       0.36999600245946263     
  0.51999998092651367       0.56894910875921134       0.37381623305206424       0.58424209774369673       0.35403776479596344       0.57527647602581311       0.34577515100425138     
  0.52999997138977051       0.51976571161775476       0.34150130019590974       0.54330517818343205       0.32923089867878336       0.53644048912506148       0.32243242834022917     
  0.53999996185302734       0.47298193626247659       0.31076298915539513       0.50392265499891342       0.30536596232086116       0.49901882995266544       0.29993980020331190     
  0.55000001192092896       0.42855563267377100       0.28157360613276389       0.46618944712741717       0.28250047449484300       0.46304191851489246       0.27831555081456372     
  0.56000000238418579       0.38646840424725210       0.25392106401996567       0.42999517671375076       0.26056754866638515       0.42850882458060491       0.25755912105010959     
  0.56999999284744263       0.34664107021301827       0.22775333873140280       0.39537426123151848       0.23958804106182241       0.39543876312477799       0.23768206024518396     
  0.57999998331069946       0.30907321355933887       0.20307015627815184       0.36233792074974219       0.21956875079435292       0.36377161036531158       0.21864823045446646     
  0.58999997377395630       0.27366168427231752       0.17980374407907840       0.33081668410589465       0.20046757987892139       0.33351954078155421       0.20046494925934680     
  0.59999996423721313       0.24040999471877700       0.15795640986208853       0.30081455953921538       0.18228695721968802       0.30468931542883837       0.18313628045354188     
  0.61000001430511475       0.20920246926562380       0.13745215134727048       0.27233018128774056       0.16502605519516653       0.27721312804593329       0.16662146846787176     
  0.62000000476837158       0.17996600721799597       0.11824293923645716       0.24528691196695038       0.14863843324857395       0.25109230463540128       0.15092131030822056     
  0.62999999523162842       0.15267815020346126       0.10031401772099378       0.21967790936132847       0.13311994514892703       0.22632328682384745       0.13603366718193938     
  0.63999998569488525       0.12722376842167066        8.3589743149074081E-002  0.19549245559348552       0.11846409610002881       0.20283282521914889       0.12191451187658719     
  0.64999997615814209       0.10358875259234837        6.8060845310194851E-002  0.17264827027877741       0.10462102601206658       0.18061327938437335       0.10855925203814962     
  0.65999996662139893        8.1651249429180936E-002   5.3647263025292151E-002  0.15115301881697241        9.1595379947439659E-002  0.15963232520987891        9.5948458966934880E-002
  0.66999995708465576        6.1330404804837160E-002   4.0295872763912360E-002  0.13092249845638312        7.9336132904505210E-002  0.13987697970446758        8.4074329118162441E-002
  0.68000000715255737        4.2594189099789875E-002   2.7985630127648931E-002  0.11193818728412874        6.7832061014491421E-002  0.12126922016778729        7.2889966239125317E-002
  0.68999999761581421        2.5327498688503054E-002   1.6640908662314536E-002   9.4158145941450555E-002   5.7057749955340215E-002  0.10379393920784642        6.2386289894650220E-002
  0.69999998807907104        9.5104141365048335E-003   6.2486207158783695E-003   7.7573112821423096E-002   4.7007587398486164E-002   8.7413186847588947E-002   5.2540489906338042E-002
  0.70999997854232788       -4.9758340209841018E-003  -3.2692687296286653E-003   6.2071300189885617E-002   3.7613832454173608E-002   7.2120360479882198E-002   4.3348597717201502E-002
  0.71999996900558472       -1.8209936057625976E-002  -1.1964461489404714E-002   4.7663227369703416E-002   2.8882859598957554E-002   5.7812252565920846E-002   3.4748579498634309E-002
  0.72999995946884155       -3.0242294948900704E-002  -1.9870073795004502E-002   3.4263754420191000E-002   2.0763075915429589E-002   4.4469771041513971E-002   2.6728959792046238E-002
  0.74000000953674316       -4.1091801167707782E-002  -2.6998517240560179E-002   2.1848888233829487E-002   1.3239942112105873E-002   3.2107333974049079E-002   1.9298404707795820E-002
  0.75000000000000000       -5.0927027155251312E-002  -3.3460548858638181E-002   1.0393706762734430E-002   6.2983559802249492E-003   2.0611899965365860E-002   1.2388969686792886E-002
  0.75999999046325684       -5.9743877330413010E-002  -3.9253477732454654E-002  -1.8459322108261520E-004  -1.1185940150658521E-004   9.9926927810678485E-003   6.0061987571307981E-003
  0.76999998092651367       -6.7643859880609183E-002  -4.4443997715044384E-002  -9.9101119573708259E-003  -6.0053082443308082E-003   1.7379368886692137E-004   1.0446027521698076E-004
  0.77999997138977051       -7.4639677408873922E-002  -4.9040454788751311E-002  -1.8825639624994377E-002  -1.1407920448435761E-002  -8.8655024439319770E-003  -5.3286907670140153E-003
  0.78999996185302734       -8.0832508710982562E-002  -5.3109326386651848E-002  -2.6955457020009253E-002  -1.6334409638184427E-002  -1.7163765548988293E-002  -1.0316437177307222E-002
  0.79999995231628418       -8.6285491958659297E-002  -5.6692096137338388E-002  -3.4377281846437069E-002  -2.0831871020038598E-002  -2.4741863841734411E-002  -1.4871321986088811E-002
  0.81000000238418579       -9.1035198290797592E-002  -5.9812792350494720E-002  -4.1113304237491426E-002  -2.4913751323006092E-002  -3.1671480193888511E-002  -1.9036430834482084E-002
  0.81999999284744263       -9.5116133943707465E-002  -6.2494086634311330E-002  -4.7185663757758442E-002  -2.8593466632627434E-002  -3.7971597475881427E-002  -2.2823173549176054E-002
  0.82999998331069946       -9.8585286254390184E-002  -6.4773421338765555E-002  -5.2667413561708558E-002  -3.1915285541700034E-002  -4.3677776266745162E-002  -2.6252924139185695E-002
  0.83999997377395630      -0.10152883422064454       -6.6707418590212175E-002  -5.7578235604573105E-002  -3.4891134878954136E-002  -4.8808491666279388E-002  -2.9336787231049953E-002
  0.84999996423721313      -0.10394637667278168       -6.8295814808412139E-002  -6.1954124682562263E-002  -3.7542826693271129E-002  -5.3429678338322052E-002  -3.2114393453336533E-002
  0.85999995470046997      -0.10591463323068957       -6.9589017031299313E-002  -6.5787331181670197E-002  -3.9865664890290108E-002  -5.7557468020200342E-002  -3.4595438933286288E-002
  0.87000000476837158      -0.10741317982123046       -7.0573606044455020E-002  -6.9222333768936078E-002  -4.1947200340680418E-002  -6.1223228080171124E-002  -3.6798777312491697E-002
  0.87999999523162842      -0.10856717480207910       -7.1331814555656584E-002  -7.2170825649136058E-002  -4.3733921083359655E-002  -6.4442032760922710E-002  -3.8733469101436262E-002
  0.88999998569488525      -0.10936825699810028       -7.1858149027881693E-002  -7.4725363446032159E-002  -4.5281914381330758E-002  -6.7273339919575473E-002  -4.0435251985182566E-002
  0.89999997615814209      -0.10983361013310008       -7.2163899671105383E-002  -7.6920660890144765E-002  -4.6612215986055097E-002  -6.9729671071711602E-002  -4.1911652134400824E-002
  0.90999996662139893      -0.11000128936185788       -7.2274069836925678E-002  -7.8769056171307403E-002  -4.7732302567165000E-002  -7.1837675079200150E-002  -4.3178687089562469E-002
  0.91999995708465576      -0.10991982441769939       -7.2220544981921417E-002  -8.0297070562649134E-002  -4.8658245428482100E-002  -7.3608652884150583E-002  -4.4243149384565882E-002
  0.93000000715255737      -0.10962190236582470       -7.2024801465567417E-002  -8.2415209680228821E-002  -4.9941790797107297E-002  -7.5095398956565168E-002  -4.5136771615124603E-002
  0.93999999761581421      -0.10911692900678595       -7.1693019174390055E-002  -8.3369694065592012E-002  -5.0520187183864994E-002  -7.6306623385591160E-002  -4.5864789059432073E-002
  0.94999998807907104      -0.10842796690260290       -7.1240350887303697E-002  -8.4075626539708417E-002  -5.0947966620160691E-002  -7.7264204906553502E-002  -4.6440352130074268E-002
  0.95999997854232788      -0.10753696839364826       -7.0654938763188069E-002  -8.4554386223829520E-002  -5.1238084379725192E-002  -7.7975388661306433E-002  -4.6867815585368428E-002
  0.96999996900558472      -0.10654350546033985       -7.0002204510354618E-002  -8.4813323615245823E-002  -5.1394994701034091E-002  -7.8486842230150650E-002  -4.7175229398323963E-002
  0.97999995946884155      -0.10541120000420608       -6.9258246652332170E-002  -8.4897058529907185E-002  -5.1445736203805881E-002  -7.8803458458374595E-002  -4.7365534458042216E-002
  0.98999994993209839      -0.10418605664139323       -6.8453291569734065E-002  -8.4810426815234208E-002  -5.1393239304418317E-002  -7.8942657837069080E-002  -4.7449201508918827E-002
   1.0000000000000000      -0.10286864608062299       -6.7587714234910307E-002  -8.4570040999116566E-002  -5.1247570826649151E-002  -7.9718559224629421E-002  -4.7915564085225598E-002
