 pt up dp u1 d1 u2 d2
   0.0000000000000000        0.0000000000000000        0.0000000000000000        0.0000000000000000        0.0000000000000000        0.0000000000000000        0.0000000000000000     
   9.9999997764825821E-003   1.2451866457964289       0.73108539122268101       0.93673364723911046       0.55705975528256957       0.81808070272383471       0.49882422879011529     
   1.9999999552965164E-002   1.2436570475568689       0.73018731949089888       0.93580993441673122       0.55651043879297568       0.81734167239166489       0.49837360547841791     
   2.9999999329447746E-002   1.2407804798113842       0.72849840268257460       0.93398219063210053       0.55542351028519066       0.81584261451137041       0.49745955581490692     
   3.9999999105930328E-002   1.2370489050853837       0.72630748634272779       0.93167768382557059       0.55405305882177158       0.81397835508039051       0.49632282472000783     
   4.9999997019767761E-002   1.2320995567481341       0.72340157960364493       0.92857512460276037       0.55220801900015093       0.81145048092537020       0.49478145493624653     
   5.9999998658895493E-002   1.2262427949572652       0.71996290396443063       0.92494083777461245       0.55004676970897626       0.80850432105304315       0.49298503568162694     
   7.0000000298023224E-002   1.2192091583356273       0.71583325079266913       0.92053290879367722       0.54742544843300844       0.80491440328981745       0.49079608543051023     
   7.9999998211860657E-002   1.2111843696750584       0.71112166335539828       0.91550638520303029       0.54443625934005713       0.80082245608211844       0.48830102301999967     
   8.9999996125698090E-002   1.2022584694300089       0.70588100702913925       0.90993184508539116       0.54112117402962989       0.79629184709735901       0.48553848684814344     
   9.9999994039535522E-002   1.1922621586883564       0.70001188148557925       0.90365193604517002       0.53738661767686835       0.79117462479477185       0.48241826354971268     
  0.10999999940395355        1.1813368613819997       0.69359732083926406       0.89678022530874457       0.53330012680244754       0.78557344421795139       0.47900294697734502     
  0.11999999731779099        1.1695857618152476       0.68669790760426275       0.88939604502434544       0.52890887890149563       0.77955907254322498       0.47533568737531146     
  0.12999999523162842        1.1568638820324444       0.67922852099503672       0.88136092745183880       0.52413052953633765       0.77300044079410812       0.47133656551205466     
  0.14000000059604645        1.1433072112565115       0.67126900425001024       0.87278141869713688       0.51902843988531977       0.76599311234515188       0.46706385109917153     
  0.14999999105930328        1.1289496928389018       0.66283928650065904       0.86367423255765319       0.51361254936283651       0.75854933491495624       0.46252501217589692     
  0.15999999642372131        1.1138933629268724       0.65399927614456255       0.85411516187606973       0.50792793069849518       0.75073592009705492       0.45776078707221246     
  0.17000000178813934        1.0980344300255180       0.64468803416834841       0.84399950128895962       0.50191231737256681       0.74245243474604161       0.45270993673659632     
  0.17999999225139618        1.0814946342449847       0.63497703774080461       0.83341936578566200       0.49562048862093133       0.73378052353182377       0.44742224395865199     
  0.18999999761581421        1.0643155814261427       0.62489071486439307       0.82239659256137798       0.48906543065653302       0.72473670753284836       0.44190778245627466     
  0.19999998807907104        1.0466013234895317       0.61449015745597113       0.81100744764125388       0.48229249760263720       0.71538782925970912       0.43620730941110381     
  0.20999999344348907        1.0282637568125450       0.60372363730947320       0.79915995543812157       0.47524699312349172       0.70564489328582947       0.43026655991396934     
  0.21999999880790710        1.0094203829082393       0.59266014298973391       0.78694197509389285       0.46798116557404568       0.69558537120578412       0.42413277222423629     
  0.22999998927116394       0.99011643296657303       0.58132623104738412       0.77437816304130513       0.46050967772041856       0.68522819030707394       0.41781748724435980     
  0.23999999463558197       0.97045918266038800       0.56978488615826717       0.76154762599485337       0.45287957299608633       0.67464270579592878       0.41136299427067058     
  0.25000000000000000       0.95036217301675996       0.55798534573810765       0.74836022662850143       0.44503724824829338       0.66374161069529747       0.40471605792510562     
  0.25999999046325684       0.92995332843948841       0.54600271793484012       0.73490413032820689       0.43703513395017496       0.65260267237074931       0.39792409681322144     
  0.26999998092651367       0.90926793670665429       0.53385772123201991       0.72120478683102696       0.42888836463259639       0.64124566908755054       0.39099917072066587     
  0.28000000119209290       0.88834705159596361       0.52157445949972692       0.70729098060408557       0.42061405793434398       0.62969058407876832       0.38395346441208422     
  0.28999999165534973       0.86723614187025011       0.50917962877455525       0.69318864190073681       0.41222763414124830       0.61796012139118561       0.37680082166669043     
  0.29999998211860657       0.84597956567225963       0.49669927301566269       0.67891950359043218       0.40374201742548343       0.60607449767294885       0.36955356957383595     
  0.31000000238418579       0.82461955114445684       0.48415818559692242       0.66450716604101634       0.39517124252912911       0.59405061410813653       0.36222201362060319     
  0.31999999284744263       0.80319696360324599       0.47158035973728923       0.64997845877075655       0.38653126451574493       0.58190704584186836       0.35481747999083696     
  0.32999998331069946       0.78175200218360341       0.45898939752117335       0.63535634744922809       0.37783574068301828       0.56966411565482133       0.34735236048813883     
  0.34000000357627869       0.76032437181071244       0.44640861086800432       0.62066655301154605       0.36909996683874013       0.55734114550580294       0.33983843666556107     
  0.34999999403953552       0.73895236181754831       0.43386048056174542       0.60593125346089916       0.36033713186863753       0.54495785835311472       0.33228773458536370     
  0.35999998450279236       0.71767084296146955       0.42136548024092341       0.59117494403788085       0.35156180268057219       0.53253156154092307       0.32471080739050334     
  0.37000000476837158       0.69651647553696205       0.40894513423350037       0.57641851695919843       0.34278640352466061       0.52008069355446929       0.31711889793654474     
  0.37999999523162842       0.67551798100945393       0.39661630574938855       0.56168555583388269       0.33402495917679781       0.50762379897648069       0.30952331377193143     
  0.38999998569488525       0.65470995381747554       0.38439930619227380       0.54699436741729612       0.32528835635669556       0.49517823647803227       0.30193463933617254     
  0.39999997615814209       0.63412217598646281       0.37231162145777835       0.53236803606156535       0.31659032294055911       0.48275951281247387       0.29436232986303168     
  0.40999999642372131       0.61377809649997017       0.36036701912795277       0.51782397639100597       0.30794121511276190       0.47038425585809213       0.28681652419154302     
  0.41999998688697815       0.59370681408133441       0.34858258391182978       0.50338049285117314       0.29935191821941226       0.45806850710484476       0.27930700361080235     
  0.42999997735023499       0.57393245862844311       0.33697248317612316       0.48905638193483952       0.29083361021882803       0.44582606599523183       0.27184218232278218     
  0.43999999761581421       0.55447306954527442       0.32554730838096330       0.47486701423521926       0.28239543174444343       0.43367080358647597       0.26443051819649149     
  0.44999998807907104       0.53535327683543577       0.31432152051971640       0.46082942007170030       0.27404751044095038       0.42161837884083408       0.25708155927498355     
  0.45999997854232788       0.51658747546023076       0.30330357129394042       0.44695622088281234       0.26579735206570043       0.40967978137078048       0.24980200646802103     
  0.46999999880790710       0.49819244386589961       0.29250331181870859       0.43326368863219905       0.25765463328197091       0.39786804166530976       0.24259980510862778     
  0.47999998927116394       0.48018561862274656       0.28193097961292218       0.41976437508965936       0.24962681841628992       0.38619373395752177       0.23548140282923610     
  0.48999997973442078       0.46257622602960008       0.27159199170567533       0.40646904846206183       0.24172031114028864       0.37466796778692857       0.22845357366504881     
  0.50000000000000000       0.44537766428132913       0.26149421456788741       0.39338971588274030       0.23394225189434323       0.36330112830771089       0.22152264995773835     
  0.50999999046325684       0.42859601257208529       0.25164121747172263       0.38053539901427119       0.22629800570955105       0.35210161797220596       0.21469375509769026     
  0.51999998092651367       0.41224161336343262       0.24203907277796677       0.36791617736505194       0.21879356670013839       0.34107768779222802       0.20797192013452073     
  0.52999997138977051       0.39632091379192530       0.23269156578849898       0.35553916597636581       0.21143316606156595       0.33023899066864865       0.20136303091887522     
  0.53999996185302734       0.38083607425688626       0.22359996493676179       0.34341261343377188       0.20422170908902243       0.31959105930619719       0.19487046101421907     
  0.55000001192092896       0.36579174095457478       0.21476699814006947       0.33154257425886613       0.19716279630473593       0.30914108507885590       0.18849859535662028     
  0.56000000238418579       0.35118894864987782       0.20619327293906170       0.31993332033719291       0.19025896812723705       0.29889408087757685       0.18225049055339820     
  0.56999999284744263       0.33702960674919913       0.19787991040191996       0.30859153587237420       0.18351419954007139       0.28885545370030774       0.17612944351838072     
  0.57999998331069946       0.32330894294116047       0.18982410856546578       0.29751894064411122       0.17692951326732079       0.27902935358502245       0.17013798473478908     
  0.58999997377395630       0.31003080592791404       0.18202812711496721       0.28672065134372493       0.17050795211931144       0.26942064629254225       0.16427908109743061     
  0.59999996423721313       0.29718934196648050       0.17448852914721691       0.27619760950176714       0.16425007600843788       0.26003073083977202       0.15855358565604288     
  0.61000001430511475       0.28477947756023997       0.16720233586439867       0.26595114222557348       0.15815667414312587       0.25086319674460694       0.15296368711705799     
  0.62000000476837158       0.27279694920061887       0.16016704403629911       0.25598312875120471       0.15222886407347455       0.24191987012374511       0.14751049895406121     
  0.62999999523162842       0.26123830491423689       0.15338062690868168       0.24629281557809313       0.14646619770536123       0.23320246475287351       0.14219506614077351     
  0.63999998569488525       0.25009441447418135       0.14683772385907529       0.23688065331057453       0.14086894300561034       0.22471111207710456       0.13701746882577470     
  0.64999997615814209       0.23935858936266913       0.14053440786364219       0.22774476188526308       0.13543598193212716       0.21644690651241760       0.13197837432856641     
  0.65999996662139893       0.22902535105701194       0.13446746232195059       0.21888442838934272       0.13016689052764219       0.20840900638737830       0.12707726944048522     
  0.66999995708465576       0.21908381317854025       0.12863049552362082       0.21029672532236399       0.12505992785684436       0.20059663538323447       0.12231368080162706     
  0.68000000715255737       0.20952562750952422       0.12301860598657686       0.20197987228907052       0.12011403514859939       0.19301077339298220       0.11768820590117191     
  0.68999999761581421       0.20034392392779787       0.11762776006175288       0.19393013525805053       0.11532699183718906       0.18564717784794890       0.11319825783535922     
  0.69999998807907104       0.19152668636263870       0.11245090276362087       0.18614381627508855       0.11069659881139689       0.17850547519303267       0.10884360882918472     
  0.70999997854232788       0.18306604129782331       0.10748341132120295       0.17861943927892593       0.10622197828240235       0.17158491636229109       0.10462380214012910     
  0.71999996900558472       0.17494963461724358       0.10271803227266783       0.17134952149589452       0.10189868037047603       0.16488022786107287       0.10053562225792123     
  0.72999995946884155       0.16716939063072817        9.8150024144816869E-002  0.16433292897280441        9.7726030732715893E-002  0.15839139939137081        9.6579062903356938E-002
  0.74000000953674316       0.15971533447883834        9.3773530406792052E-002  0.15756162829402257        9.3699252031871377E-002  0.15211259925360729        9.2750568201038511E-002
  0.75000000000000000       0.15257487674030587        8.9581159442240765E-002  0.15103397748644043        8.9817367814133103E-002  0.14604249509439640        8.9049325749269923E-002
  0.75999999046325684       0.14573961859287499        8.5567980057694476E-002  0.14474155190935720        8.6075368087279072E-002  0.14017727799567917        8.5473013062498465E-002
  0.76999998092651367       0.13919951210649129        8.1728092820405912E-002  0.13868216596808716        8.2471953114885144E-002  0.13451263126203739        8.2018998038223809E-002
  0.77999997138977051       0.13294338488433280        7.8054938090397472E-002  0.13284715903692815        7.9001972568415332E-002  0.12904523220756395        7.8685254670662466E-002
  0.78999996185302734       0.12695875615041852        7.4541188040132642E-002  0.12723397842021164        7.5663908402661226E-002  0.12377038541833972        7.5468919933930456E-002
  0.79999995231628418       0.12123999702182896        7.1183537788303136E-002  0.12183385030148190        7.2452542976448264E-002  0.11868369655489208        7.2367314382111095E-002
  0.81000000238418579       0.11577483701581109        6.7974782976659084E-002  0.11664389018071129        6.9366160926092810E-002  0.11378255084705290        6.9378843660627548E-002
  0.81999999284744263       0.11055133101103423        6.4907910276130104E-002  0.11165588744589337        6.6399879538639642E-002  0.10906003973995144        6.6499295282198376E-002
  0.82999998331069946       0.10556417105602926        6.1979803233620991E-002  0.10686513172431886        6.3550897634611150E-002  0.10451411086627227        6.3727417817056334E-002
  0.83999997377395630       0.10080171898779394        5.9183628744246965E-002  0.10226499377367176        6.0815272915027002E-002  0.10013773760097179        6.1058926784701317E-002
  0.84999996423721313        9.6252614089971072E-002   5.6512716600139783E-002   9.7850235690762205E-002   5.8189890486899522E-002   9.5927955970589590E-002   5.8492014904054014E-002
  0.85999995470046997        9.1856323835547565E-002   5.3931526389472316E-002   9.3614249192964946E-002   5.5670820515624136E-002   9.1879957150460989E-002   5.6023749997094599E-002
  0.87000000476837158        8.7713104248922563E-002   5.1498921347782466E-002   8.9551789239776663E-002   5.3254943863773115E-002   8.7988461729538656E-002   5.3650912946032629E-002
  0.87999999523162842        8.3759112505234420E-002   4.9177417490843416E-002   8.5656448555218895E-002   5.0938450232016028E-002   8.4249408853720772E-002   5.1371027647460939E-002
  0.88999998569488525        7.9984991537620995E-002   4.6961521011834317E-002   8.1923070026474837E-002   4.8718272772042166E-002   8.0657097322144516E-002   4.9180617797496169E-002
  0.89999997615814209        7.6384894633943462E-002   4.4847799135559939E-002   7.8345323546624823E-002   4.6590647075663565E-002   7.7208072466324537E-002   4.7077576914055223E-002
  0.90999996662139893        7.2950008440629627E-002   4.2831077285127611E-002   7.4917402821916126E-002   4.4552120237578499E-002   7.3897988459676683E-002   4.5059255131926546E-002
  0.91999995708465576        6.9671842022502289E-002   4.0906370184886534E-002   7.1635697445048954E-002   4.2600545209249753E-002   7.0720405476128803E-002   4.3121725770938896E-002
  0.93000000715255737        6.6545287017572952E-002   3.9070678566546023E-002   6.8492046795676720E-002   4.0731069006922020E-002   6.7671968953819966E-002   4.1262943388964482E-002
  0.93999999761581421        6.3561360345768370E-002   3.7318728201835287E-002   6.5483919888088368E-002   3.8942186495934020E-002   6.4749377524964360E-002   3.9480894978931723E-002
  0.94999998807907104        6.0715455342181313E-002   3.5647814383449980E-002   6.2603423029784569E-002   3.7229203430034441E-002   6.1945988015950158E-002   3.7771529869626105E-002
  0.95999997854232788        5.8000169992430330E-002   3.4053591172893340E-002   5.9848195122662019E-002   3.5590715703866925E-002   5.9259738893154411E-002   3.6133591042129959E-002
  0.96999996900558472        5.5409993225265707E-002   3.2532822859523483E-002   5.7210649145616417E-002   3.4022211443504341E-002   5.6684168577511823E-002   3.4563138552397017E-002
  0.97999995946884155        5.2936742453282247E-002   3.1080705207658713E-002   5.4688651830595181E-002   3.2522422030292007E-002   5.4216686437311964E-002   3.3058592764260909E-002
  0.98999994993209839        5.0577503139407773E-002   2.9695527007591659E-002   5.2275415125281582E-002   3.1087310723611487E-002   5.1853079283057629E-002   3.1617384687896211E-002
   1.0000000000000000        4.8325827588202475E-002   2.8373502629305297E-002   4.9967537898244277E-002   2.9714854927767285E-002   4.9588866572830702E-002   3.0236782315495533E-002
