 kt up dp u1 d1 u2 d2
   0.0000000000000000        0.0000000000000000        0.0000000000000000        0.0000000000000000        0.0000000000000000        0.0000000000000000        0.0000000000000000     
   9.9999997764825821E-003   11.254372194666393        4.0250144673950441        10.172736112831545        3.3882428815796750        9.7368873121034376        3.1916177129705718     
   1.9999999552965164E-002   11.245754094356069        4.0219322893907501        10.165613761528844        3.3858706332647861        9.7303034822209451        3.1894596241072017     
   2.9999999329447746E-002   11.232172774601477        4.0170750652335059        10.154525125280548        3.3821773306549461        9.7201096775918483        3.1861182351834190     
   3.9999999105930328E-002   11.212493479640340        4.0100369607922604        10.138325460183793        3.3767816928108823        9.7051618127023982        3.1812185307067162     
   4.9999997019767761E-002   11.188281959021273        4.0013779508462815        10.118580034270542        3.3702050650430668        9.6870197458919058        3.1752718107821383     
   5.9999998658895493E-002   11.158446931733959        3.9907077495778815        10.094076327136909        3.3620435920286305        9.6644303090614674        3.1678673041463821     
   7.0000000298023224E-002   11.123301409519241        3.9781383025281891        10.065341499859187        3.3524728558080814        9.6379961412478696        3.1592025475853562     
   7.9999998211860657E-002   11.082888865424515        3.9636851574009482        10.032275368994831        3.3414594881870343        9.6075783119090339        3.1492320015785999     
   8.9999996125698090E-002   11.037266414460509        3.9473687408126295        9.9949379133309524        3.3290234663570883        9.5732135669343581        3.1379677109231499     
   9.9999994039535522E-002   10.986488168731061        3.9292084054198799        9.9533630554504633        3.3151760889451678        9.5349599050282787        3.1254286867964494     
  0.10999999940395355        10.930634315440660        3.9092328293801839        9.9076122515916492        3.2999378252389415        9.4928448877907226        3.1116239635117964     
  0.11999999731779099        10.869769100588302        3.8874649896371598        9.8577332360058101        3.2833245741308419        9.4469290978810641        3.0965733992315121     
  0.12999999523162842        10.804001850463765        3.8639439856528148        9.8038004857544365        3.2653611417664901        9.3972636284949349        3.0802937416022464     
  0.14000000059604645        10.733394753572519        3.8386920585286415        9.7458755698135615        3.2460680349832334        9.3439076568799120        3.0628043881116729     
  0.14999999105930328        10.658067689568465        3.8117520820325357        9.6840310270696985        3.2254694143769087        9.2869358506057313        3.0441298137619670     
  0.15999999642372131        10.578112788985361        3.7831570057351116        9.6183369709169995        3.2035886326823260        9.2263972080383798        3.0242860795434350     
  0.17000000178813934        10.493645035429324        3.7529479523813811        9.5488888442089994        3.1804574791413809        9.1623863651323170        3.0033042058200734     
  0.17999999225139618        10.404770483438389        3.7211628513238315        9.4757652107689623        3.1561021210813260        9.0949678771486990        2.9812053529184124     
  0.18999999761581421        10.311625492750386        3.6878504702687360        9.3990555750759466        3.1305523698440401        9.0242155155072030        2.9580137020949744     
  0.19999998807907104        10.214316050047728        3.6530487143006889        9.3188538881312564        3.1038395177787743        8.9502242457937324        2.9337603817623883     
  0.20999999344348907        10.112981881526169        3.6168075551062202        9.2352572351916020        3.0759959011642235        8.8730660385079378        2.9084689828603709     
  0.21999999880790710        10.007770899972428        3.5791798922248250        9.1483666023233354        3.0470551555254475        8.7928476173416961        2.8821744879469455     
  0.22999998927116394        9.8987947190992553        3.5402056431926274        9.0582786386701564        3.0170494718845569        8.7096530387546842        2.8549044495732527     
  0.23999999463558197        9.7862094940639732        3.4999406553511321        8.9651160047386504        2.9860197048930135        8.6235730050618944        2.8266885987103660     
  0.25000000000000000        9.6701687430590368        3.4584398329575365        8.8689809632876120        2.9539999153050398        8.5347079195932061        2.7975598461886060     
  0.25999999046325684        9.5508072214852202        3.4157513699429032        8.7699824077796613        2.9210263723696852        8.4431680131047546        2.7675543241334171     
  0.26999998092651367        9.4282846200553401        3.3719323781050603        8.6682439868956003        2.8871402598705349        8.3490487006170557        2.7367033082759242     
  0.28000000119209290        9.3027659868174482        3.3270418852395767        8.5638785497317347        2.8523791645633052        8.2524545791672335        2.7050410840859747     
  0.28999999165534973        9.1743879123962060        3.2811287416271142        8.4570063474202080        2.8167831386068269        8.1534832154458137        2.6725996325825259     
  0.29999998211860657        9.0433261828456608        3.2342558154044725        8.3477483811369062        2.7803924839777001        8.0522626556932408        2.6394209255616983     
  0.31000000238418579        8.9097288744834131        3.1864760645963459        8.2362272160967560        2.7432480235885088        7.9488924290215515        2.6055375872972153     
  0.31999999284744263        8.7737652161627722        3.1378500122217932        8.1225677493115978        2.7053913570056434        7.8434844009024944        2.5709862857518115     
  0.32999998331069946        8.6355979545729031        3.0884358630182391        8.0068949861957872        2.6668641199012204        7.7361506135723186        2.5358037468291985     
  0.34000000357627869        8.4953904851988007        3.0382920537584863        7.8893347843389066        2.6277082317821723        7.6269956080096204        2.5000242376240061     
  0.34999999403953552        8.3533215111924672        2.9874824958504531        7.7700147063654459        2.5879661800530229        7.5161509775243465        2.4636908926129473     
  0.35999998450279236        8.2095270722696032        2.9360558425476815        7.6490616922149792        2.5476802447200528        7.4037222477986164        2.4268383016629214     
  0.37000000476837158        8.0641847755837794        2.8840756132851268        7.5265950346448403        2.5068901587352697        7.2898238634842567        2.3895039781564185     
  0.37999999523162842        7.9174588702091535        2.8316005501132877        7.4027588039676795        2.4656439077345906        7.1745638935125502        2.3517233456024305     
  0.38999998569488525        7.7695114423781595        2.7786886215637909        7.2776718474128268        2.4239810762775913        7.0580720806432282        2.3135389318927637     
  0.39999997615814209        7.6205038552377609        2.7253975375639228        7.1514609736283861        2.3819439006411676        6.9404553167495031        2.2749857747129654     
  0.40999999642372131        7.4706073594723019        2.6717885442205431        7.0242519621004229        2.3395742743182386        6.8218274231416434        2.2361011831227366     
  0.41999998688697815        7.3199572514028759        2.6179100289194910        6.8961708806585138        2.2969141868405760        6.7023026292466721        2.1969225999568258     
  0.42999997735023499        7.1687213891133128        2.5638220244377359        6.7673416120226593        2.2540048999434226        6.5819934585179372        2.1574869088552848     
  0.43999999761581421        7.0170533372263773        2.5095794516378223        6.6378867451336374        2.2108872444417393        6.4610008106814965        2.1178271833602618     
  0.44999998807907104        6.8651055463105575        2.4552368329518375        6.5079287339656897        2.1676020061970740        6.3394613129006938        2.0779882079763565     
  0.45999997854232788        6.7130304382243091        2.4008486805440210        6.3775871400333886        2.1241890076766641        6.2174653843673582        2.0379996208707736     
  0.46999999880790710        6.5609653263781276        2.3464641031922069        6.2469735992245736        2.0806854315517351        6.0951208697087198        1.9978967720287297     
  0.47999998927116394        6.4090642554965873        2.2921381934625877        6.1162176522394960        2.0371344240663869        5.9725463047281266        1.9577185158558943     
  0.48999997973442078        6.2574536021858380        2.2379161486935191        5.9854267177732918        1.9935717632674610        5.8498251425739767        1.9174922071462672     
  0.50000000000000000        6.1062691961319766        2.1838465470235371        5.8547124073605676        1.9500346237148205        5.7270827953937946        1.8772589542765457     
  0.50999999046325684        5.9556677051346654        2.1299854191355925        5.7241942974120743        1.9065628328372028        5.6044112458850011        1.8370489079095567     
  0.51999998092651367        5.8057439869849983        2.0763666899767999        5.5939454029357796        1.8631807098126740        5.4819032916716601        1.7968924858298789     
  0.52999997138977051        5.6566462513794944        2.0230433652734994        5.4641093083493990        1.8199360784396534        5.3596665519076900        1.7568249641156755     
  0.53999996185302734        5.5084781068611983        1.9700524995923521        5.3347769044318598        1.7768592117962301        5.2377896491248741        1.7168753920137063     
  0.55000001192092896        5.3613709123056674        1.9174410721308965        5.2060337709932458        1.7339786140310494        5.1163677001815886        1.6770749475216489     
  0.56000000238418579        5.2154347250260873        1.8652484437944030        5.0779977016110607        1.6913335187628817        4.9954794263830253        1.6374494344003929     
  0.56999999284744263        5.0707580049103713        1.8135062513834399        4.9507353740147941        1.6489461344064349        4.8752185146334250        1.5980295619283247     
  0.57999998331069946        4.9274639920184979        1.7622585704817699        4.8243489033156362        1.6068504725388024        4.7556687993797082        1.5588428098838538     
  0.58999997377395630        4.7856350794049298        1.7115348681472191        4.6989318387202621        1.5650776916831315        4.6369185756621709        1.5199181201665370     
  0.59999996423721313        4.6453843183372445        1.6613755760431133        4.5745522170468202        1.5236504529270762        4.5190314389725685        1.4812763385037024     
  0.61000001430511475        4.5067750358398344        1.6118033424509335        4.4512963068008737        1.4825974898037453        4.4020893499492573        1.4429443304650929     
  0.62000000476837158        4.3699120562128240        1.5628556567407894        4.3292487141733886        1.4419469821775412        4.2861772560243834        1.4049499406503660     
  0.62999999523162842        4.2348588470365582        1.5145552174626040        4.2084671585250168        1.4017181546907522        4.1713369304896917        1.3673068617698885     
  0.63999998569488525        4.1017038774084646        1.4669336647106319        4.0890347751128511        1.3619386972824428        4.0576587375656095        1.3300447139720004     
  0.64999997615814209        3.9705022557009730        1.4200107074470871        3.9710034272739483        1.3226258841235554        3.9451998376208066        1.2931822336392087     
  0.65999996662139893        3.8413324578286159        1.3738144118035938        3.8544421658860131        1.2838027140555284        3.8340111745158980        1.2567361194682016     
  0.66999995708465576        3.7142445994637545        1.3283627011527559        3.7394201522024377        1.2454922226827354        3.7241564917017258        1.2207272656852644     
  0.68000000715255737        3.5892981414509553        1.2836768410752284        3.6259663514272185        1.2077040574731888        3.6156889831377415        1.1851731085385264     
  0.68999999761581421        3.4665356686872379        1.2397720616365913        3.5141524292979605        1.1704620882021990        3.5086669893101430        1.1500927712367897     
  0.69999998807907104        3.3460153752126884        1.1966691753574572        3.4040318306205535        1.1337841157820370        3.4031247780862399        1.1154974863155436     
  0.70999997854232788        3.2277652459870634        1.1543781907808102        3.2956284189592036        1.0976780884727062        3.2991132264193745        1.0814039305401910     
  0.71999996900558472        3.1118450776661288        1.1129204935868482        3.1889935379371144        1.0621611073435633        3.1966737214836756        1.0478256700570592     
  0.72999995946884155        2.9982536173732224        1.0722956356966711        3.0841708283264748        1.0272477078680620        3.0958505458643915        1.0147772200884071     
  0.74000000953674316        2.8870348226483631        1.0325193380880004        2.9811815256603467       0.99294496298537438        2.9966663742529556       0.98226601308615713     
  0.75000000000000000        2.7782136448211925       0.99360052435613289        2.8800638174911213       0.95926559185985505        2.8991606016399554       0.95030496218627758     
  0.75999999046325684        2.6718148431538049       0.95554804940531546        2.7808504542309254       0.92622050270238476        2.8033676828971226       0.91890536122173372     
  0.76999998092651367        2.5678513891687373       0.91836655237178200        2.6835537859160401       0.89381380895128071        2.7093023109503349       0.88807202633150151     
  0.77999997138977051        2.4663272256899083       0.88205744336736136        2.5882008181947671       0.86205450540347994        2.6169937312959157       0.85781454378695421     
  0.78999996185302734        2.3672480083154048       0.84662274506055113        2.4948094639636338       0.83094855832444470        2.5264681254399766       0.82814149552562188     
  0.79999995231628418        2.2706237293576970       0.81206603110269071        2.4034002115844904       0.80050279179232209        2.4377319595741973       0.79905500107618099     
  0.81000000238418579        2.1764598295114825       0.77838924730421633        2.3139821719490357       0.77072024038046782        2.3508054455712997       0.77056168561246419     
  0.81999999284744263        2.0847430921929906       0.74558766688517164        2.2265584095907793       0.74160192479596709        2.2657019916160559       0.74266594415298348     
  0.82999998331069946        1.9954813474710762       0.71366409019193811        2.1411326115737843       0.71314907309275155        2.1824362406692024       0.71537257645883090     
  0.83999997377395630        1.9086525524289601       0.68261063379419962        2.0577137853259915       0.68536468538340167        2.1010045802006565       0.68868039839233941     
  0.84999996423721313        1.8242421226094312       0.65242208170564686        1.9763027600202145       0.65824903784129463        2.0214172404560076       0.66259276328728134     
  0.85999995470046997        1.7422403482663598       0.62309496133198972        1.8969031175892561       0.63180332350419255        1.9436766113765258       0.63711045453352566     
  0.87000000476837158        1.6626340910420725       0.59462457387005963        1.8194995056293439       0.60602242893238556        1.8677874732670949       0.61223503904925136     
  0.87999999523162842        1.5854013755238765       0.56700306003170653        1.7440916623681568       0.58090626693711700        1.7937382382389826       0.58796271848394410     
  0.88999998569488525        1.5105064785310607       0.54021764377605763        1.6706702920031355       0.55645174135659781        1.7215293459921053       0.56429363696518831     
  0.89999997615814209        1.4379380500511107       0.51426426588383289        1.5992295121138609       0.53265689292747054        1.6511544289084430       0.54122570727539399     
  0.90999996662139893        1.3676577330638433       0.48912920834762280        1.5297460110750796       0.50951395722456483        1.5826182426765014       0.51876048826383137     
  0.91999995708465576        1.2996411907346321       0.46480376734017192        1.4622098402459238       0.48701962064461646        1.5158761522474282       0.49688334917551819     
  0.93000000715255737        1.2338616204006787       0.44127835715525948        1.3966037355022680       0.46516813300939885        1.4509530881619459       0.47560246189874228     
  0.93999999761581421        1.1702843603682123       0.41854058138227757        1.3329147316002596       0.44395517597282680        1.3878167702571376       0.45490724544016792     
  0.94999998807907104        1.1088625378455821       0.39657367643270391        1.2711201079273240       0.42337318195888451        1.3264495902141835       0.43479192803511951     
  0.95999997854232788        1.0495731647621949       0.37536942085134795        1.2111918356981868       0.40341281539343088        1.2668394872300686       0.41525255631828645     
  0.96999996900558472       0.99236822395915181       0.35491064177810477        1.1531046657244224       0.38406566650529061        1.2089679940904325       0.39628307699085080     
  0.97999995946884155       0.93721378987290327       0.33518520607202951        1.0968387598179041       0.36532512777029613        1.1528200001549027       0.37787853699277124     
  0.98999994993209839       0.88407468081008023       0.31618053134981738        1.0423680436935938       0.34718251460155969        1.0983648313374235       0.36002888178061465     
   1.0000000000000000       0.83290749949569276       0.29788109700697252       0.98966494719861453       0.32962864418206883        1.0455845898379899       0.34272824470175495     
