 kt up dp u1 d1 u2 d2
   0.0000000000000000        0.0000000000000000        0.0000000000000000        0.0000000000000000        0.0000000000000000        0.0000000000000000        0.0000000000000000     
   9.9999997764825821E-003   2.5218768147335820E-002   1.4996894406697528E-004   1.9967399042195254E-002   9.5413887549802007E-005   1.7027180790884007E-002   8.4571065374474620E-005
   1.9999999552965164E-002   2.5211039492038369E-002   1.4992298392065706E-004   1.9962321858481229E-002   9.5389626311022933E-005   1.7023400487018045E-002   8.4552289258257239E-005
   2.9999999329447746E-002   2.5194129768534239E-002   1.4982242653563475E-004   1.9950445255319808E-002   9.5332874158370366E-005   1.7014055799819152E-002   8.4505875811327478E-005
   3.9999999105930328E-002   2.5166262755868755E-002   1.4965670922385620E-004   1.9930267818868440E-002   9.5236456610519192E-005   1.6997811250335809E-002   8.4425191940450234E-005
   4.9999997019767761E-002   2.5131212440337822E-002   1.4944827482378252E-004   1.9904973105231705E-002   9.5115586237896321E-005   1.6977496852699614E-002   8.4324293836904340E-005
   5.9999998658895493E-002   2.5088628028096360E-002   1.4919503726276232E-004   1.9874257434578008E-002   9.4968811911426697E-005   1.6952839065120014E-002   8.4201822865873045E-005
   7.0000000298023224E-002   2.5039649053710235E-002   1.4890377303338926E-004   1.9839074586769048E-002   9.4800691252474938E-005   1.6924682226899784E-002   8.4061972714805357E-005
   7.9999998211860657E-002   2.4981468794859015E-002   1.4855779134489099E-004   1.9797041961346525E-002   9.4599839043981869E-005   1.6890901364989521E-002   8.3894189009675024E-005
   8.9999996125698090E-002   2.4915986164535421E-002   1.4816838450047333E-004   1.9749751824778415E-002   9.4373863905047203E-005   1.6852907404979304E-002   8.3705479574136587E-005
   9.9999994039535522E-002   2.4843179868089808E-002   1.4773542586682444E-004   1.9697172405289676E-002   9.4122614014767027E-005   1.6810665657672183E-002   8.3495672112941677E-005
  0.10999999940395355        2.4763083477643534E-002   1.4725911508793848E-004   1.9639316679759215E-002   9.3846151382943435E-005   1.6764180471854729E-002   8.3264788225761822E-005
  0.11999999731779099        2.4676916046799995E-002   1.4674670153383179E-004   1.9577197989987898E-002   9.3549318246686852E-005   1.6714345612757253E-002   8.3017267090089312E-005
  0.12999999523162842        2.4582171072654507E-002   1.4618327973443059E-004   1.9508679912325778E-002   9.3221905740763268E-005   1.6659251606573191E-002   8.2743624679407449E-005
  0.14000000059604645        2.4480451831933803E-002   1.4557838392694887E-004   1.9435097731603481E-002   9.2870294501749617E-005   1.6600077373422513E-002   8.2449716486281894E-005
  0.14999999105930328        2.4371850305256508E-002   1.4493256109433849E-004   1.9356508068327609E-002   9.2494755089804403E-005   1.6536863372419237E-002   8.2135743464142381E-005
  0.15999999642372131        2.4256466477466310E-002   1.4424640581843422E-004   1.9272973208813406E-002   9.2095585139059539E-005   1.6469654595401395E-002   8.1801929079675524E-005
  0.17000000178813934        2.4134408659101977E-002   1.4352056219164508E-004   1.9184561319137480E-002   9.1673110379989574E-005   1.6398500724305549E-002   8.1448520094477288E-005
  0.17999999225139618        2.4005797460756293E-002   1.4275574745135298E-004   1.9091349686998622E-002   9.1227700130590817E-005   1.6323458927994691E-002   8.1075800456413574E-005
  0.18999999761581421        2.3871722572945810E-002   1.4195844168156423E-004   1.8994233444989194E-002   9.0763631767216759E-005   1.6245313529950487E-002   8.0687665764718225E-005
  0.19999998807907104        2.3730256048607345E-002   1.4111717992159575E-004   1.8891556818176704E-002   9.0272993196615872E-005   1.6162578780421769E-002   8.0276736557055163E-005
  0.20999999344348907        2.3582689895905236E-002   1.4023964538178524E-004   1.8784383869799488E-002   8.9760869027452126E-005   1.6076188302220133E-002   7.9847649976636976E-005
  0.21999999880790710        2.3429169627861814E-002   1.3932670338728172E-004   1.8672809005956657E-002   8.9227710377715830E-005   1.5986212573166830E-002   7.9400756074626090E-005
  0.22999998927116394        2.3269845978282001E-002   1.3837925030976472E-004   1.8556930324783522E-002   8.8673986007731134E-005   1.5892725005237800E-002   7.8936419475624393E-005
  0.23999999463558197        2.3104883004261306E-002   1.3739826175078744E-004   1.8436856379845497E-002   8.8100214638923022E-005   1.5795807889919085E-002   7.8455048907226244E-005
  0.25000000000000000        2.2934448172468182E-002   1.3638473358767834E-004   1.8312697913912164E-002   8.7506925453792578E-005   1.5695545115447455E-002   7.7957061027811411E-005
  0.25999999046325684        2.2758712778934605E-002   1.3533968446991599E-004   1.8184568317843451E-002   8.6894660288696778E-005   1.5592022618227218E-002   7.7442882668653481E-005
  0.26999998092651367        2.2577849369875027E-002   1.3426414048146453E-004   1.8052581645805806E-002   8.6263964149592233E-005   1.5485326716523114E-002   7.6912942557661219E-005
  0.28000000119209290        2.2392809262339785E-002   1.3316375883811956E-004   1.7917509547895390E-002   8.5618524353757807E-005   1.5376128543036426E-002   7.6370574095017065E-005
  0.28999999165534973        2.2202150609487895E-002   1.3202996528094110E-004   1.7778100829085337E-002   8.4952362086359047E-005   1.5263299113419657E-002   7.5810169810510265E-005
  0.29999998211860657        2.2006930043280953E-002   1.3086904330397676E-004   1.7635215570766628E-002   8.4269587232161148E-005   1.5147587909204762E-002   7.5235452249429536E-005
  0.31000000238418579        2.1807334542210462E-002   1.2968210481589589E-004   1.7488978696599565E-002   8.3570796736817934E-005   1.5029090130837279E-002   7.4646894255941124E-005
  0.31999999284744263        2.1603558347848630E-002   1.2847030491687262E-004   1.7339520945442447E-002   8.2856615333811215E-005   1.4907905949230062E-002   7.4044993361663757E-005
  0.32999998331069946        2.1395795381746092E-002   1.2723479680400260E-004   1.7186972943030142E-002   8.2127667216064050E-005   1.4784135475361070E-002   7.3430246800529659E-005
  0.34000000357627869        2.1184239031742737E-002   1.2597673050055322E-004   1.7031464875397535E-002   8.1384574475400605E-005   1.4657878387396813E-002   7.2803149656771555E-005
  0.34999999403953552        2.0969088672471874E-002   1.2469729163157393E-004   1.6873131927977174E-002   8.0627983093184508E-005   1.4529238734035057E-002   7.2164218722295831E-005
  0.35999998450279236        2.0750540351557982E-002   1.2339764603732506E-004   1.6712106794292150E-002   7.9858527143230983E-005   1.4398318452581629E-002   7.1513960302089805E-005
  0.37000000476837158        2.0528794825098368E-002   1.2207898755803537E-004   1.6548526378762061E-002   7.9076860821054724E-005   1.4265223287000658E-002   7.0852899608155024E-005
  0.37999999523162842        2.0304053758763482E-002   1.2074251544291000E-004   1.6382528434319452E-002   7.8283642376775886E-005   1.4130059712294914E-002   7.0181565483435588E-005
  0.38999998569488525        2.0077145709814340E-002   1.1939315688969308E-004   1.6214781132192446E-002   7.7482064655606133E-005   1.3993406432673220E-002   6.9502832251759926E-005
  0.39999997615814209        1.9846953541182048E-002   1.1802426859742655E-004   1.6044308737735068E-002   7.6667465125605840E-005   1.3854379556172343E-002   6.8812309774447688E-005
  0.40999999642372131        1.9614369546648507E-002   1.1664115678707589E-004   1.5871834121634346E-002   7.5843298012450314E-005   1.3713606739146466E-002   6.8113115512176243E-005
  0.41999998688697815        1.9379591695717010E-002   1.1524499872777626E-004   1.5697493785145452E-002   7.5010215585139925E-005   1.3571194028672826E-002   6.7405776182457577E-005
  0.42999997735023499        1.9142825184992086E-002   1.1383701466620788E-004   1.5521422675644303E-002   7.4168862687488596E-005   1.3427246481130094E-002   6.6690813582175059E-005
  0.43999999761581421        1.8904301162777550E-002   1.1241857917653066E-004   1.5343757080081568E-002   7.3319890564446061E-005   1.3281870557161089E-002   6.5968756482949297E-005
  0.44999998807907104        1.8664158275088865E-002   1.1099051674772911E-004   1.5164640833691621E-002   7.2463986530311354E-005   1.3135173163867879E-002   6.5240135873887220E-005
  0.45999997854232788        1.8422609903626992E-002   1.0955409630095715E-004   1.4984221093681126E-002   7.1601853773373459E-005   1.2987259246941180E-002   6.4505473002103990E-005
  0.46999999880790710        1.8179820661768771E-002   1.0811029674581736E-004   1.4802617862763694E-002   7.0734065724623610E-005   1.2838252502628810E-002   6.3765382245492905E-005
  0.47999998927116394        1.7935983897465518E-002   1.0666026786837073E-004   1.4619948825222610E-002   6.9861184736471659E-005   1.2688248322933592E-002   6.3020337399652084E-005
  0.48999997973442078        1.7691295008325919E-002   1.0520517164341647E-004   1.4436353028958277E-002   6.8983875247020219E-005   1.2537333323560277E-002   6.2270768669823144E-005
  0.50000000000000000        1.7445924332788042E-002   1.0374602102589104E-004   1.4251957693070494E-002   6.8102745170642943E-005   1.2385607711911847E-002   6.1517173768865143E-005
  0.50999999046325684        1.7200063279920061E-002   1.0228395427186126E-004   1.4066880144389702E-002   6.7218355151667263E-005   1.2233187995978792E-002   6.0760131371838722E-005
  0.51999998092651367        1.6953889386531969E-002   1.0082002714296347E-004   1.3881263803662943E-002   6.6331390523771414E-005   1.2080161732291419E-002   6.0000076356903691E-005
  0.52999997138977051        1.6707552638236509E-002   9.9355131561588094E-005   1.3695214831958557E-002   6.5442358575872392E-005   1.1926634246442634E-002   5.9237531858084025E-005
  0.53999996185302734        1.6461240126332304E-002   9.7890380107236755E-005   1.3508866279747664E-002   6.4551895087455895E-005   1.1772696487322088E-002   5.8472949602802301E-005
  0.55000001192092896        1.6215104328747898E-002   9.6426679523403368E-005   1.3322334083730665E-002   6.3660554060135632E-005   1.1618449674180699E-002   5.7706832329591201E-005
  0.56000000238418579        1.5969318372119724E-002   9.4965059345658429E-005   1.3135741206124303E-002   6.2768923066839794E-005   1.1463978706332650E-002   5.6939601718677026E-005
  0.56999999284744263        1.5724026992540989E-002   9.3506380278971258E-005   1.2949193785849853E-002   6.1877509290656052E-005   1.1309388127378158E-002   5.6171777020061135E-005
  0.57999998331069946        1.5479398404956608E-002   9.2051642650460195E-005   1.2762811064063176E-002   6.0986882523484225E-005   1.1154766509569565E-002   5.5403798156819261E-005
  0.58999997377395630        1.5235559887593338E-002   9.0601603348057098E-005   1.2576695220760463E-002   6.0097531030753689E-005   1.1000196716702784E-002   5.4636076699110025E-005
  0.59999996423721313        1.4992656775416939E-002   8.9157126638058682E-005   1.2390959794471952E-002   5.9209997354461824E-005   1.0845768492281402E-002   5.3869058387411817E-005
  0.61000001430511475        1.4750841995864730E-002   8.7719121937061270E-005   1.2205700418714866E-002   5.8324738477795969E-005   1.0691568412417132E-002   5.3103173230314502E-005
  0.62000000476837158        1.4510219974703101E-002   8.6288210235821710E-005   1.2021026824579452E-002   5.7442278748964046E-005   1.0537675403881543E-002   5.2338813243457140E-005
  0.62999999523162842        1.4270955584243997E-002   8.4865371983756970E-005   1.1837028884297903E-002   5.6563047620947815E-005   1.0384167488613864E-002   5.1576365948332830E-005
  0.63999998569488525        1.4033145573134403E-002   8.3451182517947233E-005   1.1653813006623426E-002   5.5687553566222447E-005   1.0231134324241980E-002   5.0816276658890041E-005
  0.64999997615814209        1.3796910961666436E-002   8.2046361512141424E-005   1.1471448670271904E-002   5.4816128587687778E-005   1.0078642148160665E-002   5.0058874364825403E-005
  0.65999996662139893        1.3562380383238391E-002   8.0651673913096806E-005   1.1290051149431341E-002   5.3949323521153133E-005   9.9267739404363207E-003   4.9304571213793145E-005
  0.66999995708465576        1.3329632610266120E-002   7.9267588158286518E-005   1.1109678976906848E-002   5.3087418064663924E-005   9.7755837836179266E-003   4.8553635824470725E-005
  0.68000000715255737        1.3098805013900145E-002   7.7894921155430508E-005   1.0930439174511182E-002   5.2230923620190312E-005   9.6251504044218804E-003   4.7806459218857706E-005
  0.68999999761581421        1.2869962941130353E-002   7.6534061504757582E-005   1.0752386603351493E-002   5.1380102340629351E-005   9.4755525352522227E-003   4.7063432447203128E-005
  0.69999998807907104        1.2643232568357855E-002   7.5185759541951638E-005   1.0575608449286265E-002   5.0535370842170424E-005   9.3268328358105633E-003   4.6324767392875027E-005
  0.70999997854232788        1.2418667367162926E-002   7.3850333247509414E-005   1.0400189134614438E-002   4.9697132535378846E-005   9.1790669246602143E-003   4.5590839640213506E-005
  0.71999996900558472        1.2196383836000451E-002   7.2528475405082035E-005   1.0226177157062618E-002   4.8865619165842716E-005   9.0323125156470396E-003   4.4861935843920332E-005
  0.72999995946884155        1.1976442759028172E-002   7.1220547481014488E-005   1.0053648481795595E-002   4.8041193731851223E-005   8.8866215581047542E-003   4.4138314027361281E-005
  0.74000000953674316        1.1758899252248305E-002   6.9926877234720229E-005   9.8826583625556772E-003   4.7224120262502119E-005   8.7420519396362896E-003   4.3420261708259536E-005
  0.75000000000000000        1.1543856506686236E-002   6.8648078314297373E-005   9.7132733563639953E-003   4.6414716799424978E-005   8.5986527523036864E-003   4.2708022718406012E-005
  0.75999999046325684        1.1331343869256289E-002   6.7384325237618064E-005   9.5455422652637630E-003   4.5613216542379770E-005   8.4564768275089356E-003   4.2001859462247329E-005
  0.76999998092651367        1.1121451461545301E-002   6.6136153932493574E-005   9.3795229476136138E-003   4.4819895966580589E-005   8.3155662995145884E-003   4.1301981213386458E-005
  0.77999997138977051        1.0914216787411756E-002   6.4903787423856057E-005   9.2152588681297803E-003   4.4034962767458285E-005   8.1759641405588068E-003   4.0608601407506391E-005
  0.78999996185302734        1.0709673213516383E-002   6.3687424133882490E-005   9.0528013414501035E-003   4.3258662151164795E-005   8.0377252113528700E-003   3.9921992528282435E-005
  0.79999995231628418        1.0507896079773749E-002   6.2487512087923091E-005   8.8921875929060534E-003   4.2491171998333684E-005   7.9008700369166199E-003   3.9242256519942225E-005
  0.81000000238418579        1.0308893392613540E-002   6.1304098897970808E-005   8.7334547021825464E-003   4.1732669493628822E-005   7.7654442737043559E-003   3.8569620150206588E-005
  0.81999999284744263        1.0112733322161617E-002   6.0137589952652360E-005   8.5766564213621659E-003   4.0983411490491641E-005   7.6314930873280324E-003   3.7904307748867393E-005
  0.82999998331069946        9.9194305056512101E-003   5.8988072295490353E-005   8.4218030358443434E-003   4.0243447137534058E-005   7.4990331152981517E-003   3.7246401951564862E-005
  0.83999997377395630        9.7289979881628949E-003   5.7855623501921691E-005   8.2689470244783157E-003   3.9513027204073066E-005   7.3680964753960630E-003   3.6596062281770446E-005
  0.84999996423721313        9.5414874252504143E-003   5.6740550753042817E-005   8.1180941659060885E-003   3.8792179303254336E-005   7.2387196017263426E-003   3.5953469701387159E-005
  0.85999995470046997        9.3568896609837141E-003   5.5642799601104554E-005   7.9692903982393169E-003   3.8081122949587967E-005   7.1109202143201924E-003   3.5318712222748649E-005
  0.87000000476837158        9.1752469193083514E-003   5.4562621140073617E-005   7.8225364884761690E-003   3.7379861808162203E-005   6.9847247664793213E-003   3.4691921234834480E-005
  0.87999999523162842        8.9965453417293981E-003   5.3499932957365975E-005   7.6778731159379641E-003   3.6688590264443990E-005   6.8601515672046141E-003   3.4073187675288962E-005
  0.88999998569488525        8.8208192945554709E-003   5.2454939419784241E-005   7.5352964354902588E-003   3.6007289944521791E-005   6.7372174498243854E-003   3.3462595152345706E-005
  0.89999997615814209        8.6480513912556740E-003   5.1427537134503624E-005   7.3948397276981468E-003   3.5336119879027944E-005   6.6159500945432584E-003   3.2860281148799053E-005
  0.90999996662139893        8.4782546598712160E-003   5.0417803575632693E-005   7.2564988428445677E-003   3.4675060238607799E-005   6.4963492407754519E-003   3.2266244370364445E-005
  0.91999995708465576        8.3114291833361210E-003   4.9425739236356789E-005   7.1202912066767520E-003   3.4024194291907539E-005   6.3784415679209189E-003   3.1680617329012387E-005
  0.93000000715255737        8.1475504187279741E-003   4.8451198166797066E-005   6.9862141039042248E-003   3.3383509063956335E-005   6.2622227866833326E-003   3.1103378720548903E-005
  0.93999999761581421        7.9866395211354510E-003   4.7494306170334883E-005   6.8542835641548037E-003   3.2753081152066800E-005   6.1477133107796919E-003   3.0534629936379721E-005
  0.94999998807907104        7.8286632433863280E-003   4.6554865535358028E-005   6.7245031659566431E-003   3.2132927656176806E-005   6.0349185182496648E-003   2.9974397688298814E-005
  0.95999997854232788        7.6736197649901559E-003   4.5632865435920179E-005   6.5968571002929712E-003   3.1522973033160028E-005   5.9238398215674315E-003   2.9422688991821367E-005
  0.96999996900558472        7.5214944724379066E-003   4.4728218969579932E-005   6.4713629009522126E-003   3.0923301067935707E-005   5.8144844037388262E-003   2.8879539523696429E-005
  0.97999995946884155        7.3722534014462335E-003   4.3840724160266231E-005   6.3479972487156672E-003   3.0333800330001276E-005   5.7068503779718494E-003   2.8344939912554087E-005
  0.98999994993209839        7.2258992821097948E-003   4.2970397243086675E-005   6.2267733897928565E-003   2.9754534116150786E-005   5.6009368915651584E-003   2.7818885923174092E-005
   1.0000000000000000        7.0823978719549317E-003   4.2117034587650218E-005   6.1076643716955620E-003   2.9185373634363106E-005   5.4967526238890113E-003   2.7301420664489101E-005
