 Z Q2 pt2 MULT-RATIO STAT SYS fuu fuua DIS chi2
  0.34999999999999998        1.6379699999999999        5.9999999999999998E-002  0.45800000000000002        7.0000000000000001E-003   1.6000000000000000E-002   3.0172525016541687E-005   1.8919745079127000E-005  0.98068041912849935        107.89450295569937     
  0.34999999999999998        1.6484000000000001        9.2499999999999999E-002  0.46800000000000003        4.0000000000000001E-003   1.6000000000000000E-002   2.5192103521272845E-005   1.6016141647374518E-005  0.98123589960854796        119.00913142201227     
  0.34999999999999998        1.6274500000000001       0.14249999999999999       0.48499999999999999        3.0000000000000001E-003   1.7000000000000001E-002   1.9841658603782339E-005   1.2910263777767326E-005  0.98400072842300534        104.23468463240548     
  0.34999999999999998        1.6289199999999999       0.22000000000000000       0.51500000000000001        3.0000000000000001E-003   1.7999999999999999E-002   1.2486110031499200E-005   8.3925273986051857E-006  0.98475150324886707        84.310406660388693     
  0.45000000000000001        1.6494000000000000        5.9999999999999998E-002  0.45200000000000001        1.2999999999999999E-002   1.6000000000000000E-002   1.5288911354280155E-005   9.0736489601795663E-006  0.97949337559094918        55.732891757720587     
  0.45000000000000001        1.6343099999999999        9.2499999999999999E-002  0.40799999999999997        7.0000000000000001E-003   1.4000000000000000E-002   1.3489004919423725E-005   8.1223094796055196E-006  0.98115238132345783        172.72073326773739     
  0.45000000000000001        1.6465900000000000       0.14249999999999999       0.45000000000000001        6.0000000000000001E-003   1.6000000000000000E-002   1.0438582064207509E-005   6.4042126973230307E-006  0.98096721774703677        105.38066724151328     
  0.45000000000000001        1.6323099999999999       0.22000000000000000       0.44600000000000001        4.0000000000000001E-003   1.6000000000000000E-002   7.2423268989170987E-006   4.5847688725815867E-006  0.98316723032799791        143.97278547765822     
  0.55000000000000004        1.6805699999999999        5.9999999999999998E-002  0.39800000000000002        1.9000000000000000E-002   1.4000000000000000E-002   7.9576731056066884E-006   4.4128381155892840E-006  0.97739889263020363        51.496237889396419     
  0.55000000000000004        1.6365400000000001        9.2499999999999999E-002  0.38700000000000001        1.2000000000000000E-002   1.4000000000000000E-002   7.4863745367649317E-006   4.2196625562358950E-006  0.98072636139743585        103.64646437467282     
  0.55000000000000004        1.6349800000000001       0.14249999999999999       0.42099999999999999        8.9999999999999993E-003   1.4999999999999999E-002   6.1169625569966115E-006   3.5162452260498460E-006  0.98128111601245827        88.755795173870993     
  0.55000000000000004        1.6501800000000000       0.22000000000000000       0.42899999999999999        6.0000000000000001E-003   1.4999999999999999E-002   4.2753285786579122E-006   2.5280609143357862E-006  0.98050800884363087        116.09180757660380     
  0.64999999999999991        1.6883900000000001        5.9999999999999998E-002  0.37300000000000000        3.3000000000000002E-002   1.2999999999999999E-002   4.1935121222194920E-006   2.1918896539971418E-006  0.97521575859156895        21.112127811104386     
  0.64999999999999991        1.6529799999999999        9.2499999999999999E-002  0.34999999999999998        1.6000000000000000E-002   1.2000000000000000E-002   3.9865809943773857E-006   2.1161192920874575E-006  0.97820418242817997        92.773300041165868     
  0.64999999999999991        1.6333800000000001       0.14249999999999999       0.37200000000000000        1.2000000000000000E-002   1.2999999999999999E-002   3.4224680404578992E-006   1.8516273698708965E-006  0.97894806084971209        104.26974334411022     
  0.64999999999999991        1.6472300000000000       0.22000000000000000       0.40799999999999997        8.9999999999999993E-003   1.4000000000000000E-002   2.5270960780597288E-006   1.4063368033379989E-006  0.97828425031744337        93.410577977836994     
