 x up dp u1 d1 u2 d2
   0.0000000000000000        0.0000000000000000        0.0000000000000000        0.0000000000000000        0.0000000000000000        0.0000000000000000        0.0000000000000000     
   4.0000001899898052E-003   55.590235806375738        47.227405164989115        45.395132629641687        38.437172210554607        41.306456413964305        35.047494617853708     
   8.0000003799796104E-003   24.667441898178673        18.778228403849035        20.798737625618674        15.682683709329277        19.104238169796226        14.463534526518153     
   1.2000000104308128E-002   15.570775770519624        10.825367773326940        13.436176723743243        9.1939997623563130        12.419649531645646        8.5480078464352385     
   1.6000000759959221E-002   11.312293552366910        7.2619107155136060        9.9423020516092766        6.2426628514301159        9.2324600411692561        5.8400670296618715     
   2.0000001415610313E-002   8.8642900301942333        5.2931877848634352        7.9091420448010519        4.5924157781413975        7.3720292131861420        4.3179587306295204     
   2.4000000208616257E-002   7.2818077023416459        4.0667247003506484        6.5814942200820532        3.5540538601936889        6.1506445236841891        3.3560134735133058     
   2.8000000864267349E-002   6.1773298196340241        3.2401649466101756        5.6448146241122181        2.8484089865374806        5.2868568922058845        2.6994589511189151     
   3.2000001519918442E-002   5.3625660634039480        2.6502578124773151        4.9470722986869999        2.3419979480551629        4.6415339028751390        2.2266109326217611     
   3.6000002175569534E-002   4.7373361086965646        2.2118635875106376        4.4065144735461859        1.9635665659141783        4.1401756600933357        1.8721899522486845     
   4.0000002831220627E-002   4.2429894180181478        1.8761055740331318        3.9735796229159530        1.6716434103901079        3.7375602323878345        1.5979844134184178     
   4.4000003486871719E-002   3.8411525910833633        1.6112144657431233        3.6188648687757308        1.4408100993560409        3.4069055812657520        1.3805816794210761     
   4.8000000417232513E-002   3.5088703449574479        1.3988220275988736        3.3211315378036614        1.2545211355145316        3.1284349654467012        1.2046305842720679     
   5.2000001072883606E-002   3.2287066206492456        1.2249363901370760        3.0679715680448369        1.1016284605996689        2.8910446152200739        1.0598527289196475     
   5.6000001728534698E-002   2.9890626205315485        1.0804111323226733        2.8490864098226152       0.97430794438393531        2.6851557578787784       0.93898237905253779     
   6.0000002384185791E-002   2.7822567289096507       0.95946455560967836        2.6574824210234871       0.86693964836703552        2.5043552239809124       0.83680356449799698     
   6.4000003039836884E-002   2.6010849977959443       0.85646240034913756        2.4886109834818058       0.77544314828301875        2.3446159129144344       0.74953433965697236     
   6.8000003695487976E-002   2.4411299131962183       0.76806824927224049        2.3382774831997608       0.69679414600609613        2.2020509466486153       0.67434093129866413     
   7.2000004351139069E-002   2.2992426290666503       0.69205183100601542        2.2034363388376303       0.62864487482919296        2.0737976306620518       0.60902252814924585     
   7.6000005006790161E-002   2.1718303161613202       0.62573036198502396        2.0820068189265273       0.56912921114940107        1.9579502985528985       0.55184350316715569     
   8.0000005662441254E-002   2.0567804478264708       0.56750371615483530        1.9718949348432890       0.51685087559067233        1.8528302863022790       0.50152240348182830     
   8.4000006318092346E-002   1.9525319004489405       0.51630148985241109        1.8714133081701254       0.47069257967036693        1.7570336052921447       0.45702704280081030     
   8.8000006973743439E-002   1.8576680028386678       0.47114060092832732        1.7793657787838086       0.42968447082810385        1.6694888511241464       0.41744319688252512     
   9.2000007629394531E-002   1.7705335401000977       0.43087424452847778        1.6948304820108280       0.39305179945362345        1.5891954686560263       0.38203015560710130     
   9.6000000834465027E-002   1.6902785880741156       0.39485469654149047        1.6168326510858186       0.36025729194105260        1.5151197248986488       0.35028492729716554     
  0.10000000149011612        1.6161319763726119       0.36251869549620291        1.5445656529314309       0.33084041208410730        1.4464255669983415       0.32177463070769785     
  0.10400000214576721        1.5475457097551597       0.33357471308356879        1.4773846741478927       0.30438520610328956        1.3824624601889577       0.29610380401091707     
  0.10800000280141830        1.4837723353928074       0.30749947667666705        1.4148889503314870       0.28042889523818981        1.3228867829870152       0.27281913960336918     
  0.11200000345706940        1.4240816240784371       0.28382702595969206        1.3565645570373552       0.25869691686830087        1.2672510959025638       0.25167022879977102     
  0.11600000411272049        1.3681764065046766       0.26231983094601435        1.3019429283520640       0.23897212083584979        1.2151360374144917       0.23246130116457603     
  0.12000000476837158        1.3157293323981085       0.24271143722411403        1.2506276929996616       0.22106036303951765        1.1661831555587261       0.21501466076615361     
  0.12400000542402267        1.2664309145973660       0.22488882458014345        1.2022901853319632       0.20478495130559837        1.1200896073089746       0.19916585457473665     
  0.12800000607967377        1.2200413293590768       0.20873494162501094        1.1567982250485855       0.18992715117060252        1.0766869159660835       0.18469641187258434     
  0.13199999928474426        1.1762377555382180       0.19396404945001128        1.1138979125289170       0.17632255246975090        1.0357445755804966       0.17144390373403898     
  0.13600000739097595        1.1347689266121912       0.18035359350066082        1.0733062291626554       0.16384773336007211       0.99702183754675822       0.15928924825936971     
  0.14000000059604645        1.0954493065885627       0.16783167250679831        1.0347831811465651       0.15239389721952892       0.96031102542566538       0.14812736547398220     
  0.14400000870227814        1.0580590241485368       0.15633423821025383       0.99812311001321485       0.14186455791855121       0.92543108242426719       0.13786497239796047     
  0.14800000190734863        1.0224804078160434       0.14574831965521123       0.96315468854553810       0.13217293884351974       0.89222813753612340       0.12841804343563770     
  0.15200001001358032       0.98856365239078059       0.13598745517649022       0.92982703899675778       0.12321949183806605       0.86063815654835008       0.11968913178834747     
  0.15600000321865082       0.95620665214227085       0.12696964450287873       0.89804684611741847       0.11493493989774739       0.83055458224729195       0.11161085304584860     
  0.16000001132488251       0.92529336676526874       0.11863085950796194       0.86769469339210537       0.10726663088189647       0.80185333215754406       0.10413231251567340     
  0.16400000452995300       0.89570971309575764       0.11091662586886412       0.83866447797614185       0.10016672695170385       0.77442498457436704        9.7207225650170009E-002
  0.16800001263618469       0.86738805091466487       0.10376671051041966       0.81086076970380550        9.3591519467173798E-002  0.74817191113574100        9.0793265330687753E-002
  0.17200000584125519       0.84023255749273151        9.7136004811955529E-002  0.78419822205861744        8.7501214853128256E-002  0.72300741182931416        8.4851865526118828E-002
  0.17600001394748688       0.81416379767941238        9.0982305367968849E-002  0.75860069211808923        8.1857750878245997E-002  0.69885480494442620        7.9345915242390680E-002
  0.18000000715255737       0.78913157398268108        8.5262229388854860E-002  0.73401427024030597        7.6611928211112776E-002  0.67566272866260590        7.4226084353079438E-002
  0.18400001525878906       0.76506015514527770        7.9942891023754833E-002  0.71038839745932614        7.1729619165177380E-002  0.65338555761295225        6.9459664890405393E-002
  0.18800000846385956       0.74188889852317030        7.4993033980134849E-002  0.68767392578104036        6.7183603841627582E-002  0.63197848050372041        6.5021025798755586E-002
  0.19200000166893005       0.71958062976342885        7.0380469571830973E-002  0.66582446939791828        6.2949001331185417E-002  0.61139887898558387        6.0886640833392167E-002
  0.19600000977516174       0.69807909286739922        6.6080427708915021E-002  0.64479648941201229        5.9003088853002393E-002  0.59160648518699388        5.7034941779187887E-002
  0.20000000298023224       0.67733453488971118        6.2070103252292133E-002  0.62454931581326134        5.5325118866506484E-002  0.57256346292612859        5.3446164836766639E-002
  0.20400001108646393       0.65731767131914931        5.8325289516147523E-002  0.60504443558879106        5.1896031379692238E-002  0.55423379018563768        5.0102090397742827E-002
  0.20800000429153442       0.63798895163080593        5.4826589379672892E-002  0.58624240840630315        4.8697549938285477E-002  0.53657807446468564        4.6984924358608293E-002
  0.21200001239776611       0.61930850893455780        5.1556845528891164E-002  0.56809648158616988        4.5709812799387725E-002  0.51954404072067550        4.4074339538964016E-002
  0.21600000560283661       0.60124722580076462        4.8498832836922419E-002  0.55057689931976139        4.2917026207757648E-002  0.50310520321868102        4.1354715729420163E-002
  0.22000001370906830       0.58377929033673681        4.5636417038160661E-002  0.53365664416484593        4.0305038728154510E-002  0.48723826142012011        3.8812149783673117E-002
  0.22400000691413879       0.56687457984264855        4.2956168448764299E-002  0.51731024844018481        3.7860943011558096E-002  0.47192094808640239        3.6433963105125380E-002
  0.22800001502037048       0.55050511604315400        4.0445640615586399E-002  0.50151323486003430        3.5572880844208607E-002  0.45713157065091492        3.4208510268350638E-002
  0.23200000822544098       0.53464956479539916        3.8092433596026765E-002  0.48624254607783873        3.3430007600419316E-002  0.44284946796064811        3.2125143019001719E-002
  0.23600001633167267       0.51928631670827097        3.5885448257292056E-002  0.47147601863336353        3.1422330726199058E-002  0.42905456488929034        3.0174051875243104E-002
  0.24000000953674316       0.50439399806039076        3.3814785973492814E-002  0.45719278338046965        2.9540689926193971E-002  0.41572778669646304        2.8346245710382047E-002
  0.24400001764297485       0.48995214562447975        3.1871292921658391E-002  0.44335903350832634        2.7777642481378269E-002  0.40283525649304130        2.6634424707690948E-002
  0.24800001084804535       0.47594156824013134        3.0046362888665967E-002  0.42994059092068648        2.6126323053684251E-002  0.39034074220520726        2.5031867223371709E-002
  0.25200000405311584       0.46234622024464889        2.8331948068027062E-002  0.41692842686004511        2.4578519471022874E-002  0.37823509645059999        2.3530529512566355E-002
  0.25600001215934753       0.44915116008354578        2.6720649744513030E-002  0.40431339250149911        2.3126695631950106E-002  0.36650914566729731        2.2123030127499482E-002
  0.26000002026557922       0.43634206734167991        2.5205660717805237E-002  0.39208614317449758        2.1763954656193723E-002  0.35515357174476980        2.0802613817511108E-002
  0.26399999856948853       0.42390116510145481        2.3781005997343060E-002  0.38023717406033536        2.0483972090406484E-002  0.34415894329507613        1.9563086159296108E-002
  0.26800000667572021       0.41181437322061187        2.2440834372856718E-002  0.36875659842388298        1.9280909811026627E-002  0.33351550783012679        1.8398729592968042E-002
  0.27200001478195190       0.40007155861844168        2.1179512218712015E-002  0.35763474596736344        1.8149427068810304E-002  0.32321374558871513        1.7304313562510554E-002
  0.27600002288818359       0.38866266587709208        1.9991829043931802E-002  0.34686185956286747        1.7084597454392211E-002  0.31324408600979631        1.6275013638707012E-002
  0.28000000119209290       0.37757583077432416        1.8873161379279201E-002  0.33642719622873113        1.6082008056285731E-002  0.30359603435091692        1.5306512126661915E-002
  0.28400000929832458       0.36679349209605877        1.7819726862303029E-002  0.32629008190838776        1.5140759369341963E-002  0.29423035345395021        1.4398022128064028E-002
  0.28800001740455627       0.35630807721785196        1.6827270150381320E-002  0.31643239737483186        1.4257861990882694E-002  0.28512954091161619        1.3546610029200649E-002
  0.29200002551078796       0.34611295972301143        1.5891757824360343E-002  0.30685136076922354        1.3428971567114969E-002  0.27629086641016759        1.2747965084597499E-002
  0.29600000381469727       0.33620151391347902        1.5009465165118925E-002  0.29754372782223093        1.2650101712566602E-002  0.26771116348395496        1.1998134389607971E-002
  0.30000001192092896       0.32656257300572489        1.4177289892871736E-002  0.28850560200610481        1.1917569061440725E-002  0.25938665683090828        1.1293468653978634E-002
  0.30400002002716064       0.31718018547421006        1.3392832740515179E-002  0.27973292773776648        1.1227999996102812E-002  0.25131341895188086        1.0630627481726971E-002
  0.30800002813339233       0.30804980941003962        1.2652945781736664E-002  0.27122127775192478        1.0578281467691729E-002  0.24348717580388327        1.0006530935859351E-002
  0.31200000643730164       0.29916727783863561        1.1954676377448258E-002  0.26296603999215024        9.9655482136664850E-003  0.23590348041446191        9.4183462867799932E-003
  0.31600001454353333       0.29052803119923781        1.1295273994889376E-002  0.25496222538597557        9.3871438033422093E-003  0.22855753764627895        8.8634496849669640E-003
  0.32000002264976501       0.28212473929796866        1.0672433710825487E-002  0.24720488079321828        8.8406293793121694E-003  0.22144458480601356        8.3394337346840985E-003
  0.32400000095367432       0.27394051871560016        1.0084814531981012E-002  0.23968104218397759        8.3246472297909130E-003  0.21455234750353536        7.8449909430846048E-003
  0.32800000905990601       0.26597121921846145        9.5301820946107948E-003  0.23235503957928968        7.8405526280252730E-003  0.20784714510570482        7.3815864366845599E-003
  0.33200001716613770       0.25821438199884117        9.0063403900465227E-003  0.22522280138004933        7.3862990422432669E-003  0.20132480674853365        6.9472107048393185E-003
  0.33600002527236938       0.25066722804327413        8.5112474133104445E-003  0.21828341738085977        6.9596112621997828E-003  0.19498415375545561        6.5396161235752974E-003
  0.34000000357627869       0.24332681119573027        8.0430107624667336E-003  0.21153563946932466        6.5583916915861237E-003  0.18882371949241689        6.1567316395544055E-003
  0.34400001168251038       0.23618010719461810        7.6005960902872571E-003  0.20497773413174572        6.1806943200957100E-003  0.18284161338124572        5.7966372973173325E-003
  0.34800001978874207       0.22921652474670204        7.1829464503156302E-003  0.19860783029265555        5.8247298173354665E-003  0.17703583725197067        5.4575685263081675E-003
  0.35200002789497375       0.22243495727045057        6.7883959457970613E-003  0.19242375693182781        5.4888411948165097E-003  0.17140413584671324        5.1378923896991746E-003
  0.35600000619888306       0.21583404303549947        6.4153988395021823E-003  0.18642317425368152        5.1714983928641605E-003  0.16594411538417456        4.8361019439697667E-003
  0.36000001430511475       0.20941200951175620        6.0625096058049555E-003  0.18060342916606706        4.8712791553289199E-003  0.16065311118851364        4.5507975849716983E-003
  0.36400002241134644       0.20316692398955497        5.7283970009223461E-003  0.17496185191830674        4.5868740174190440E-003  0.15552845673321269        4.2806913737508945E-003
  0.36800003051757812       0.19708571127301930        5.4125907951689464E-003  0.16949554302348338        4.3170750962225109E-003  0.15056728985356149        4.0245964137635599E-003
  0.37200000882148743       0.19115971830004128        5.1143913706804866E-003  0.16418277137967052        4.0628859102128023E-003  0.14574987537495990        3.7835681040661474E-003
  0.37600001692771912       0.18538822429449775        4.8325922390813365E-003  0.15900733180158788        3.8247509170382891E-003  0.14106132729182363        3.5580915649543036E-003
  0.38000002503395081       0.17977038344181298        4.5660763047668407E-003  0.15396882507330314        3.6014206613236084E-003  0.13650090641783236        3.3469300668536373E-003
  0.38400000333786011       0.17430511812169788        4.3138026131232894E-003  0.14906660990099563        3.3917357868965240E-003  0.13206768134170013        3.1489368085770245E-003
  0.38800001144409180       0.16899102967960841        4.0747956378496195E-003  0.14429972644866820        3.1946160865827496E-003  0.12776045741953090        2.9630441901668629E-003
  0.39200001955032349       0.16382158236860778        3.8484941110859443E-003  0.13966713953521076        3.0090634358827381E-003  0.12357799488745862        2.7882662273515488E-003
  0.39600002765655518       0.15878348893546504        3.6348493129008700E-003  0.13516761494891300        2.8341499104654125E-003  0.11951889533255523        2.6236869939831420E-003
  0.40000000596046448       0.15387604827768414        3.4330254556440630E-003  0.13079980848578576        2.6690151250782150E-003  0.11558168054392494        2.4684578077874271E-003
  0.40400001406669617       0.14909881428110969        3.2422009983067907E-003  0.12656215546349839        2.5128566752855258E-003  0.11176469161471143        2.3217879443114867E-003
  0.40800002217292786       0.14445124429467285        3.0616134485160203E-003  0.12245308223585007        2.3649328743366761E-003  0.10806627830863066        2.1829469375346739E-003
  0.41200003027915955       0.13993257466818146        2.8905494558088586E-003  0.11847089036021971        2.2245537119042866E-003  0.10448469346239964        2.0512558274183228E-003
  0.41600000858306885       0.13554191070124530        2.7283440126680595E-003  0.11461383115002333        2.0910792420692171E-003  0.10101815904296149        1.9260854131323722E-003
  0.42000001668930054       0.13127041350035237        2.5748664571956454E-003  0.11087566350843646        1.9644171355149287E-003   9.7661012810744130E-002   1.8073581648609084E-003
  0.42400002479553223       0.12710879652133614        2.4300594094862366E-003  0.10723809178162999        1.8459178846145946E-003   9.4397138869348737E-002   1.6964526649231393E-003
  0.42800003290176392       0.12305687756583054        2.2933098983799966E-003  0.10369858283158381        1.7351180305933405E-003   9.1224064009993458E-002   1.5929208693256855E-003
  0.43200001120567322       0.11911434573253737        2.1640449732383657E-003  0.10025627267852830        1.6313971563209873E-003   8.8140774861122942E-002   1.4961555631360915E-003
  0.43600001931190491       0.11528065058293623        2.0417259698951576E-003   9.6910137405294874E-002   1.5341744917187373E-003   8.5146130537622017E-002   1.4055887219136341E-003
  0.44000002741813660       0.11155519420751647        1.9258518024990686E-003   9.3659157396141890E-002   1.4429106861866565E-003   8.2239008688233708E-002   1.3206930036911426E-003
  0.44400003552436829       0.10793722736680454        1.8159527574378976E-003   9.0502223160953910E-002   1.3571020219645626E-003   7.9418220154026636E-002   1.2409762035072572E-003
  0.44800001382827759       0.10442231756823013        1.7118175438462049E-003   8.7438192400349751E-002   1.2762793437371860E-003   7.6682559106565004E-002   1.1659801145580513E-003
  0.45200002193450928       0.10099962735705613        1.6136559056725841E-003   8.4465806623775536E-002   1.2000033736716345E-003   7.4030727808329894E-002   1.0952760450299959E-003
  0.45600003004074097        9.7668351156294880E-002   1.5210736716327247E-003   8.1583835432197604E-002   1.1278662371247783E-003   7.1461464658993681E-002   1.0284661047761728E-003
  0.46000000834465027        9.4428201889398128E-002   1.4336632801077312E-003   7.8791010891773219E-002   1.0594874786084678E-003   6.8973484831401741E-002   9.6517938920660622E-004
  0.46400001645088196        9.1278710013796824E-002   1.3510408598461619E-003   7.6085974365124528E-002   9.9451094274287258E-004   6.6565432327896287E-002   9.0506898057609632E-004
  0.46800002455711365        8.8219379311578291E-002   1.2728484992408718E-003   7.3467406000021218E-002   9.3260603093347930E-004   6.4235994725930529E-002   8.4781300535764401E-004
  0.47200003266334534        8.5249599697803727E-002   1.1987500835171202E-003   7.0933337749957151E-002   8.7354323600173688E-004   6.1983335838848824E-002   7.9318961618054726E-004
  0.47600001096725464        8.2368702057939586E-002   1.1284310557927741E-003   6.8473222418818563E-002   8.1822515347986099E-004   5.9798588230675263E-002   7.4209935594221892E-004
  0.48000001907348633        7.9570557094508415E-002   1.0619268299859276E-003   6.6082813008098304E-002   7.6672945941779977E-004   5.7677957160266545E-002   6.9462709015391088E-004
  0.48400002717971802        7.6848035971322462E-002   9.9935596327242185E-004   6.3761081485899540E-002   7.1874048725407795E-004   5.5620285896506652E-002   6.5046770616348517E-004
  0.48800003528594971        7.4200801222198340E-002   9.4042605719239021E-004   6.1506969668396333E-002   6.7396198274786718E-004   5.3624407119371421E-002   6.0933498218659953E-004
  0.49200001358985901        7.1628479069928003E-002   8.8486159050084627E-004   5.9319426973041316E-002   6.3211663773376917E-004   5.1689175364573021E-002   5.7096109151274024E-004
  0.49600002169609070        6.9130569022146260E-002   8.3240255279730911E-004   5.7197348097796807E-002   5.9294369721711539E-004   4.9813410955941897E-002   5.3509434269667460E-004
  0.50000000000000000        6.6706583430094904E-002   7.8280627029826667E-004   5.5139688219528596E-002   5.5620000688212331E-004   4.7996000996828173E-002   5.0150007675569012E-004
  0.50400000810623169        6.4355904837685440E-002   7.3584332121612935E-004   5.3145338606864920E-002   5.2165667028506108E-004   4.6235788585951780E-002   4.6995754732337641E-004
  0.50800001621246338        6.2077919544189342E-002   6.9129928796200454E-004   5.1213237063886224E-002   4.8910007021240741E-004   4.4531669618865774E-002   4.4026079885070487E-004
  0.51200002431869507        5.9870145822941430E-002   6.4909744834266015E-004   4.9342307686253903E-002   4.5832985843924731E-004   4.2882538846879724E-002   4.1221677557638900E-004
  0.51600003242492676        5.7725337329169651E-002   6.0948892570230305E-004   4.7531478122621408E-002   4.2915843364677199E-004   4.1287304450729354E-002   3.8564479542808856E-004
  0.52000004053115845        5.5642226891772097E-002   5.7230669259521465E-004   4.5779680882386306E-002   4.0141015186617057E-004   3.9744888560715570E-002   3.6037578167096522E-004
  0.52400004863739014        5.3620123588796968E-002   5.3735377501931659E-004   4.4085854569824758E-002   3.7492060661579129E-004   3.8254227754910712E-002   3.3625156192783313E-004
  0.52799999713897705        5.1658342880147368E-002   5.0444532059014217E-004   4.2448889710452499E-002   3.4955116300927928E-004   3.6814238824981527E-002   3.1313896292919268E-004
  0.53200000524520874        4.9756093462972335E-002   4.7340599314454987E-004   4.0864192007677720E-002   3.2579597206936167E-004   3.5421362981347605E-002   2.9152009407403212E-004
  0.53600001335144043        4.7912655311462958E-002   4.4407227771684870E-004   3.9328737062535431E-002   3.0383894484872770E-004   3.4073111013927362E-002   2.7157704399376686E-004
  0.54000002145767212        4.6127264302154053E-002   4.1628989680677530E-004   3.7841327618719556E-002   2.8352478899895483E-004   3.2768279280122603E-002   2.5316250374534386E-004
  0.54400002956390381        4.4399144141437398E-002   3.8991375665640938E-004   3.6400797010846558E-002   2.6470730987197306E-004   3.1505700302284993E-002   2.3613782981633406E-004
  0.54800003767013550        4.2725730420122461E-002   3.6494166108928171E-004   3.5006008412925449E-002   2.4724890313450776E-004   3.0284241572362661E-002   2.2037255971848517E-004
  0.55200004577636719        4.1101976297518709E-002   3.4157132184822671E-004   3.3655854043635809E-002   2.3102006019283720E-004   2.9102804348469076E-002   2.0574394015334218E-004
  0.55600005388259888        3.9527106674444187E-002   3.1968936611115708E-004   3.2349254387795033E-002   2.1589891305703795E-004   2.7960322498557628E-002   1.9213649295716419E-004
  0.56000000238418579        3.8000559355714149E-002   2.9917467003965828E-004   3.1085176030256654E-002   2.0177101124013426E-004   2.6855777628544752E-002   1.7944179039627964E-004
  0.56400001049041748        3.6521692801498112E-002   2.7991203936894663E-004   2.9862556149327840E-002   1.8852807952085500E-004   2.5788132694272287E-002   1.6755731679373725E-004
  0.56800001859664917        3.5089924265320670E-002   2.6179366737097854E-004   2.8680414869118299E-002   1.7606890917841052E-004   2.4756429775235254E-002   1.5638724831147139E-004
  0.57200002670288086        3.3704639630786688E-002   2.4471754159067517E-004   2.7537778559341867E-002   1.6429813496193204E-004   2.3759722669552723E-002   1.4584133373094952E-004
  0.57600003480911255        3.2365217934622582E-002   2.2858742743181801E-004   2.6433698335443599E-002   1.5312611858878613E-004   2.2797092712660432E-002   1.3583477137050435E-004
  0.58000004291534424        3.1071032672661234E-002   2.1331255507627542E-004   2.5367249372965427E-002   1.4246862714729395E-004   2.1867647846096388E-002   1.2628790239707657E-004
  0.58400005102157593        2.9821336792858536E-002   1.9881773199233345E-004   2.4337530309529624E-002   1.3224653772695873E-004   2.0970521782153365E-002   1.1712592903472888E-004
  0.58799999952316284        2.8612765664860446E-002   1.8526074084492360E-004   2.3343666703500261E-002   1.2240401643270389E-004   2.0104900305298865E-002   1.0829615645764128E-004
  0.59200000762939453        2.7443343168300063E-002   1.7265518306751627E-004   2.2384472442816210E-002   1.1324851870699944E-004   1.9270157345408729E-002   1.0009097296410476E-004
  0.59600001573562622        2.6312274321845668E-002   1.6091759863192458E-004   2.1458759790481900E-002   1.0485911670516823E-004   1.8465352326142270E-002   9.2586781063902030E-005
  0.60000002384185791        2.5218761739870810E-002   1.4996888100799713E-004   2.0565423296355492E-002   9.7167266539171553E-005   1.7689424669255063E-002   8.5719959446502888E-005
