 kt up dp u1 d1 u2 d2
   0.0000000000000000        0.0000000000000000        0.0000000000000000        0.0000000000000000        0.0000000000000000        0.0000000000000000        0.0000000000000000     
   9.9999997764825821E-003  0.24239045258984748        9.0076143576422844E-004  0.19020584467730420        8.1532093510621188E-004  0.17231703777766494        7.6218166335663450E-004
   1.9999999552965164E-002  0.24220484070510151        9.0007167250824084E-004  0.19007243818537381        8.1474908566628280E-004  0.17220272753567009        7.6167605362990063E-004
   2.9999999329447746E-002  0.24191233374112844        8.9898467015305655E-004  0.18986468499131279        8.1385854768759730E-004  0.17202631375033639        7.6089575149565546E-004
   3.9999999105930328E-002  0.24148849195504121        8.9740960673082351E-004  0.18956122780174225        8.1255777272989233E-004  0.17176705985876176        7.5974903631960313E-004
   4.9999997019767761E-002  0.24096703759586113        8.9547179947710529E-004  0.18919127408964312        8.1097195917612705E-004  0.17145319726551442        7.5836077943872908E-004
   5.9999998658895493E-002  0.24032446725589759        8.9308390599441754E-004  0.18873220329367069        8.0900414356411372E-004  0.17106168133249006        7.5662905128861928E-004
   7.0000000298023224E-002  0.23956752240914994        8.9027097867130857E-004  0.18819385488378149        8.0669650296711444E-004  0.17060401487304347        7.5460473037513188E-004
   7.9999998211860657E-002  0.23869713935410317        8.8703649694171923E-004  0.18757452007644201        8.0404171265233517E-004  0.17007731526277162        7.5227506645899461E-004
   8.9999996125698090E-002  0.23771454820231377        8.8338503209564828E-004  0.18687485407168605        8.0104258114705774E-004  0.16948232444322134        7.4964334124844414E-004
   9.9999994039535522E-002  0.23662091439038838        8.7932091508070474E-004  0.18609604092650314        7.9770418393386488E-004  0.16881993997446507        7.4671352477359543E-004
  0.10999999940395355       0.23541796494605052        8.7485056380632068E-004  0.18523884619152953        7.9402980255997770E-004  0.16809054764429884        7.4348732342626855E-004
  0.11999999731779099       0.23410708356414345        8.6997912030239153E-004  0.18430439798671802        7.9002427273281719E-004  0.16729522307857927        7.3996949484572705E-004
  0.12999999523162842       0.23269062485391595        8.6471533467101568E-004  0.18329401609766233        7.8569325173818429E-004  0.16643495922889642        7.3616443099172233E-004
  0.14000000059604645       0.23116992819705265        8.5906418426734887E-004  0.18220885696263581        7.8104169667051555E-004  0.16551065494180858        7.3207610758467122E-004
  0.14999999105930328       0.22954757549533003        8.5303526384863785E-004  0.18105028222276756        7.7607544423015330E-004  0.16452350390825918        7.2770980448174868E-004
  0.15999999642372131       0.22782555100530147        8.4663594722751592E-004  0.17981973527768547        7.7080068157678425E-004  0.16347456038571442        7.2307018480692728E-004
  0.17000000178813934       0.22600633118036989        8.3987543729831954E-004  0.17851874556031788        7.6522396465345682E-004  0.16236520947452066        7.1816337504716971E-004
  0.17999999225139618       0.22409220016460235        8.3276222230333331E-004  0.17714881072993732        7.5935171320484643E-004  0.16119644640521377        7.1299377724231682E-004
  0.18999999761581421       0.22208609479872135        8.2530721600932268E-004  0.17571184163892317        7.5319211813566224E-004  0.15996996878870415        7.0756890015600605E-004
  0.19999998807907104       0.21999029776535658        8.1751890122764139E-004  0.17420948249259149        7.4675222736295403E-004  0.15868691712586758        7.0189378837852174E-004
  0.20999999344348907       0.21780781841014252        8.0940846116482666E-004  0.17264355544428789        7.4003985158135215E-004  0.15734880206720850        6.9597512372223151E-004
  0.21999999880790710       0.21554184239698737        8.0098773425414009E-004  0.17101595578524778        7.3306311499242926E-004  0.15595734915366682        6.8982053848908682E-004
  0.22999998927116394       0.21319477360039307        7.9226565367518614E-004  0.16932864122527433        7.2583040935612333E-004  0.15451389629945400        6.8343595045536993E-004
  0.23999999463558197       0.21076997520389398        7.8325471755236306E-004  0.16758362004792746        7.1835034321773318E-004  0.15302023158490524        6.7682926854327247E-004
  0.25000000000000000       0.20827075359753172        7.7396721295642428E-004  0.16578282982355375        7.1063122200903722E-004  0.15147781359690776        6.7000694428071277E-004
  0.25999999046325684       0.20570001106870345        7.6441392524848853E-004  0.16392878828466589        7.0268383803786443E-004  0.14988860715586796        6.6297766833522151E-004
  0.26999998092651367       0.20306118694778547        7.5460763552671786E-004  0.16202306121565938        6.9451490306851214E-004  0.14825415903184833        6.5574828228087971E-004
  0.28000000119209290       0.20035783594848144        7.4456155367204802E-004  0.16006838293584533        6.8613613781219954E-004  0.14657628347094154        6.4832681077457678E-004
  0.28999999165534973       0.19759289988422668        7.3428661193063996E-004  0.15806680422320554        6.7755633296736543E-004  0.14485695972304541        6.4072200830744700E-004
  0.29999998211860657       0.19477016473796777        7.2379687961668306E-004  0.15602059532596144        6.6878521999576301E-004  0.14309791674138087        6.3294152227442513E-004
  0.31000000238418579       0.19189281969565103        7.1310420825189164E-004  0.15393205572593996        6.5983265566954628E-004  0.14130085851610130        6.2499288965540587E-004
  0.31999999284744263       0.18896450951485474        7.0222214233454981E-004  0.15180352850360762        6.5070868364726050E-004  0.13946802426720645        6.1688601482459498E-004
  0.32999998331069946       0.18598873934388610        6.9116370755270746E-004  0.14963735868430608        6.4142335592419183E-004  0.13760115826601449        6.0862861293095073E-004
  0.34000000357627869       0.18296902830445805        6.7994198152181065E-004  0.14743590715395063        6.3198679248227681E-004  0.13570203683777735        6.0022854090233536E-004
  0.34999999403953552       0.17990922520636154        6.6857126703058858E-004  0.14520156661482123        6.2240924968489687E-004  0.13377292247612985        5.9169580605540248E-004
  0.35999998450279236       0.17681225999785943        6.5706245223233202E-004  0.14293671798268417        6.1270093337232082E-004  0.13181561128373345        5.8303835279618335E-004
  0.37000000476837158       0.17368195788373339        6.4542975219580411E-004  0.14064374550637254        6.0287206367207083E-004  0.12983206030577749        5.7426483740136950E-004
  0.37999999523162842       0.17052185636982889        6.3368631285480787E-004  0.13832505273936896        5.9293294346141339E-004  0.12782424782123916        5.6538401006757887E-004
  0.38999998569488525       0.16733544637990030        6.2184510703669699E-004  0.13598302077450025        5.8289377933959006E-004  0.12579392143272730        5.5640360067852289E-004
  0.39999997615814209       0.16412620326428709        6.0991904969553696E-004  0.13361989180941414        5.7276418252904387E-004  0.12374347641864895        5.4733420387593861E-004
  0.40999999642372131       0.16089781532564748        5.9792184715004874E-004  0.13123829699725417        5.6255543151727174E-004  0.12167464612830892        5.3818348649923642E-004
  0.41999998688697815       0.15765319650142165        5.8586432805476203E-004  0.12884046176851441        5.5227706565399623E-004  0.11958939192326559        5.2896012391699437E-004
  0.42999997735023499       0.15439596202631212        5.7375992719626309E-004  0.12642870857781202        5.4193904018466849E-004  0.11748952479031280        5.1967212636978182E-004
  0.43999999761581421       0.15112941929035068        5.6162093536142957E-004  0.12400533544437757        5.3155120561199727E-004  0.11537720325659907        5.1032904131636300E-004
  0.44999998807907104       0.14785685168968354        5.4945955417204557E-004  0.12157263762419923        5.2112340059399913E-004  0.11325422210176363        5.0093880731086012E-004
  0.45999997854232788       0.14458154200211654        5.3728798295204583E-004  0.11913285599880645        5.1066523071154871E-004  0.11112245953679879        4.9150973193560468E-004
  0.46999999880790710       0.14130644760804720        5.2511721179689141E-004  0.11668827012881117        5.0018646734413801E-004  0.10898366037445310        4.8204953273437595E-004
  0.47999998927116394       0.13803488623767529        5.1295956991916677E-004  0.11424092892547710        4.8969589318848233E-004  0.10683989627293469        4.7256737293281415E-004
  0.48999997973442078       0.13476957972054668        5.0082517206994151E-004  0.11179303719910733        4.7920295920546763E-004  0.10469285651874688        4.6307072447457451E-004
  0.50000000000000000       0.13151345348142243        4.8872488959245401E-004  0.10934650721091664        4.6871586233880147E-004  0.10254420852328767        4.5356696254674936E-004
  0.50999999046325684       0.12826988174484499        4.7667126164124249E-004  0.10690393658638253        4.5824573735900992E-004  0.10039592058540138        4.4406479320247450E-004
  0.51999998092651367       0.12504090750552913        4.6467188030928266E-004  0.10446679054080221        4.4779886493905827E-004   9.8249691507082473E-002   4.3457173047371447E-004
  0.52999997138977051       0.12182972282206296        4.5273860779348167E-004  0.10203692852997107        4.3738321567122937E-004   9.6106894110247337E-002   4.2509384653827153E-004
  0.53999996185302734       0.11863855915802421        4.4087973656705532E-004   9.9616971899595397E-002   4.2701002600325832E-004   9.3969465437616070E-002   4.1563970919919870E-004
  0.55000001192092896       0.11547024564832566        4.2910578014486732E-004   9.7208209971794968E-002   4.1668482263869085E-004   9.1838847797601084E-002   4.0621569798250792E-004
  0.56000000238418579       0.11232715264659439        4.1742554713762679E-004   9.4812411444160069E-002   4.0641518713305550E-004   8.9716636736380515E-002   3.9682887020566366E-004
  0.56999999284744263       0.10921118535304054        4.0584611757203502E-004   9.2431444470305324E-002   3.9620912736200220E-004   8.7604354047285241E-002   3.8748595696726793E-004
  0.57999998331069946       0.10612499804401074        3.9437735516074089E-004   9.0066982728430903E-002   3.8607381757865410E-004   8.5503464246387342E-002   3.7819343602082858E-004
  0.58999997377395630       0.10307036525560689        3.8302585436185877E-004   8.7720776348954199E-002   3.7601675975000283E-004   8.3415515860180783E-002   3.6895815670935915E-004
  0.59999996423721313       0.10004972182359230        3.7180066341196060E-004   8.5394098993967285E-002   3.6604341345259148E-004   8.1341616803073197E-002   3.5978501948876997E-004
  0.61000001430511475        9.7064431650443039E-002   3.6070685078936146E-004   8.3088697211263593E-002   3.5616126529642715E-004   7.9283209406147068E-002   3.5068040398534531E-004
  0.62000000476837158        9.4116752384041269E-002   3.4975280627231383E-004   8.0805753393368027E-002   3.4637538362933398E-004   7.7241590732273810E-002   3.4165004728434119E-004
  0.62999999523162842        9.1208050954079814E-002   3.3894360958875054E-004   7.8546746917551119E-002   3.3669210982984203E-004   7.5218093449874318E-002   3.3269984395919609E-004
  0.63999998569488525        8.8340232759117482E-002   3.2828634150246954E-004   7.6313098179110625E-002   3.2711753244914253E-004   7.3213641059715881E-002   3.2383387877923866E-004
  0.64999997615814209        8.5514484692844020E-002   3.1778541269900931E-004   7.4105776861855349E-002   3.1765580805514371E-004   7.1229477628457619E-002   3.1505765442028060E-004
  0.65999996662139893        8.2732496926164523E-002   3.0744710412200840E-004   7.1926072915161857E-002   3.0831246604013919E-004   6.9266670318098189E-002   3.0637589108479119E-004
  0.66999995708465576        7.9995348822751750E-002   2.9727542685837721E-004   6.9775277932523555E-002   2.9909304284396200E-004   6.7326350093023873E-002   2.9779359118186537E-004
  0.68000000715255737        7.7304321017435923E-002   2.8727513995062745E-004   6.7654007776793867E-002   2.9000017837433104E-004   6.5409233174124212E-002   2.8931392265378066E-004
  0.68999999761581421        7.4660330680209580E-002   2.7744965174818313E-004   6.5563569373846151E-002   2.8103947479361395E-004   6.3516369316547402E-002   2.8094152871014169E-004
  0.69999998807907104        7.2064631162167894E-002   2.6780361990286081E-004   6.3504603675068494E-002   2.7221367955200559E-004   6.1648714113466369E-002   2.7268063606934712E-004
  0.70999997854232788        6.9517825187918075E-002   2.5833928423506957E-004   6.1478061105842932E-002   2.6352686666580464E-004   5.9806846934114935E-002   2.6453380736021304E-004
  0.71999996900558472        6.7021200624806654E-002   2.4906143066450061E-004   5.9484820867281359E-002   2.5498280484713404E-004   5.7991630748110132E-002   2.5650485961456893E-004
  0.72999995946884155        6.4574730489067936E-002   2.3996995891519370E-004   5.7525349949488436E-002   2.4658349585787145E-004   5.6203763482258098E-002   2.4859687985747623E-004
  0.74000000953674316        6.2179361513921422E-002   2.3106838719822074E-004   5.5600389288663038E-002   2.3833211573498660E-004   5.4443987216997676E-002   2.4081315041150970E-004
  0.75000000000000000        5.9835631087324252E-002   2.2235871253261741E-004   5.3710645293137779E-002   2.3023169251110010E-004   5.2712702671966434E-002   2.3315544371405516E-004
  0.75999999046325684        5.7544072460589159E-002   2.1384291656499093E-004   5.1856393960143216E-002   2.2228340925353808E-004   5.1010550425169568E-002   2.2562659312863723E-004
  0.76999998092651367        5.5304965007204318E-002   2.0552203749161349E-004   5.0038196366795344E-002   2.1448967102992431E-004   4.9338023270861751E-002   2.1822877835117862E-004
  0.77999997138977051        5.3118393645533779E-002   1.9739639088261929E-004   4.8256442775583303E-002   2.0685215070776774E-004   4.7695564303742048E-002   2.1096395924971803E-004
  0.78999996185302734        5.0984480182725500E-002   1.8946642939272375E-004   4.6511743532894750E-002   1.9937346454835291E-004   4.6083567711258322E-002   2.0383387936887806E-004
  0.79999995231628418        4.8903439827686780E-002   1.8173295277242182E-004   4.4803811738157479E-002   1.9205238274697478E-004   4.4502479397100989E-002   1.9684051100124725E-004
  0.81000000238418579        4.6875389759095200E-002   1.7419639647629802E-004   4.3133138209760342E-002   1.8489100920589930E-004   4.2952388653856984E-002   1.8998424910006583E-004
  0.81999999284744263        4.4900045325468839E-002   1.6685570269421679E-004   4.1500010414871190E-002   1.7789057615855535E-004   4.1433667751357012E-002   1.8326674026535931E-004
  0.82999998331069946        4.2977575166506202E-002   1.5971149811809320E-004   3.9904322447763284E-002   1.7105062963805088E-004   3.9946515215655287E-002   1.7668886260483062E-004
  0.83999997377395630        4.1107504534040031E-002   1.5276201850830394E-004   3.8346238445715899E-002   1.6437187322192428E-004   3.8491190846432585E-002   1.7025176524775574E-004
  0.84999996423721313        3.9289519316085750E-002   1.4600609657480429E-004   3.6825769792519288E-002   1.5785435570700709E-004   3.7067623035316882E-002   1.6395513146057823E-004
  0.85999995470046997        3.7523410389493909E-002   1.3944295518274297E-004   3.5342979087927141E-002   1.5149834542832211E-004   3.5675988207414286E-002   1.5779974159550649E-004
  0.87000000476837158        3.5808894787573139E-002   1.3307154278293382E-004   3.3897575513710768E-002   1.4530259578805608E-004   3.4316317570918548E-002   1.5178573369062026E-004
  0.87999999523162842        3.4145499216021773E-002   1.2689010053854892E-004   3.2489549722641668E-002   1.3926706671913723E-004   3.2988719711567305E-002   1.4591358803538548E-004
  0.88999998569488525        3.2532454288703529E-002   1.2089576928845637E-004   3.1118723687583612E-002   1.3339099510489391E-004   3.1692963629723778E-002   1.4018228288703309E-004
  0.89999997615814209        3.0969515555317281E-002   1.1508764061649608E-004   2.9784982992396153E-002   1.2767389049838542E-004   3.0429068494515037E-002   1.3459190303321563E-004
  0.90999996662139893        2.9455856903546799E-002   1.0946264455803823E-004   2.8487887953189552E-002   1.2211386818633836E-004   2.9196925394294568E-002   1.2914196674292748E-004
  0.91999995708465576        2.7990954180089091E-002   1.0401883327612491E-004   2.7227248160463631E-002   1.1671011197484477E-004   2.7996391815902300E-002   1.2383184366110474E-004
  0.93000000715255737        2.6574230123995651E-002   9.8754061577349173E-005   2.6002980769067725E-002   1.1146226674660583E-004   2.6827374059373393E-002   1.1866111934007564E-004
  0.93999999761581421        2.5204938210849678E-002   9.3665555258361607E-005   2.4814256522315926E-002   1.0636677787722123E-004   2.5689646286494491E-002   1.1362879486674808E-004
  0.94999998807907104        2.3882068920352110E-002   8.8749562781325719E-005   2.3660929503334923E-002   1.0142301989126552E-004   2.4582628660377418E-002   1.0873230554380781E-004
  0.95999997854232788        2.2605127148134851E-002   8.4004244259741628E-005   2.2542677193301792E-002   9.6629610305730892E-005   2.3506710859108462E-002   1.0397337497035948E-004
  0.96999996900558472        2.1373078727149029E-002   7.9425756564534822E-005   2.1458873815854231E-002   9.1983866718456028E-005   2.2460870007497680E-002   9.9347478830503916E-005
  0.97999995946884155        2.0185192987343989E-002   7.5011384409699199E-005   2.0409144382874788E-002   8.7484181735813374E-005   2.1445434224635823E-002   9.4856068439547176E-005
  0.98999994993209839        1.9040712204838561E-002   7.0758311972895843E-005   1.9392997583396514E-002   8.3128449344091118E-005   2.0459515133551882E-002   9.0495214385480905E-005
   1.0000000000000000        1.7938701713092187E-002   6.6663065884749095E-005   1.8410002720694898E-002   7.8914823353669054E-005   1.9503377095293293E-002   8.6266085973125297E-005
