 z up dp u1 d1 u2 d2
   0.0000000000000000        0.0000000000000000        0.0000000000000000        0.0000000000000000        0.0000000000000000        0.0000000000000000        0.0000000000000000     
  0.20000000298023224        4.0358529611480343        2.6516736345339296        3.0847664258278606        1.8693000975715999        2.8929037832958779        1.7388060944543438     
  0.25000000000000000        3.0123208197797968        1.9724279042665391        2.2542876291681329        1.3777882607967411        2.1025907700575965        1.2777045746321265     
  0.30000001192092896        2.3037448502570093        1.3756992713328211        1.6693184971260859       0.95361302276424775        1.5435346958539706       0.88165619630907210     
  0.35000002384185791        1.7625825249057643       0.93837042022976291        1.2308479947402153       0.64483884871432462        1.1264553397443795       0.59369374089180205     
  0.40000000596046448        1.3378197367095892       0.64744683390458124       0.90022260937501630       0.43925630926281389       0.81514673108911240       0.40200910918504484     
  0.45000001788139343        1.0108159425033711       0.45977617538393628       0.65701459593766098       0.30645208061799278       0.58895659769705300       0.27833298156713121     
  0.50000000000000000       0.76914994422651384       0.33504206347708781       0.48554302044105813       0.21887340234343913       0.43150512630670385       0.19715455321551184     
  0.55000001192092896       0.59760069545989092       0.24587027271701811       0.36884341777479179       0.15739907719050261       0.32563728304784811       0.14067081473047394     
  0.60000002384185791       0.47789140361533233       0.17749035865832813       0.29031264525516576       0.11133371417432099       0.25513210931205255        9.8815366463781210E-002
  0.64999997615814209       0.39266203991271365       0.12273185115037535       0.23582379142467194        7.5583565923663568E-002  0.20657850362563554        6.6689458628727091E-002
  0.70000004768371582       0.32719179408505999        7.9344908863829708E-002  0.19431981892594433        4.7952534106118432E-002  0.16972014995126292        4.2083782159088694E-002
  0.75000000000000000       0.27054208117169865        4.6461697834383676E-002  0.15851718557489988        2.7507126207669361E-002  0.13795384161783703        2.4012187663097328E-002
  0.80000007152557373       0.21595407814978154        2.3490415798080040E-002  0.12422283680317360        1.3611922284756469E-002  0.10757910945493625        1.1812653192811091E-002
  0.85000002384185791       0.16039779837303711        9.4390906366064418E-003   8.9900811548173531E-002   5.3306483616425470E-003   7.7322354524011913E-002   4.5923973036762159E-003
  0.89999997615814209       0.10365516725312530        2.5075690074736149E-003   5.5947341669893354E-002   1.3687904674243236E-003   4.7636607633044607E-002   1.1672653437131051E-003
