 Z Q2 pt2 MULT-RATIO STAT SYS fuu fuua DIS chi2
  0.34999999999999998        1.6388600000000000        5.9999999999999998E-002  0.59699999999999998        1.4999999999999999E-002   2.1000000000000001E-002   3.0243373692286457E-005   2.4979508030575920E-005   1.0010380051592416        78.117972118736319     
  0.34999999999999998        1.6468100000000001        9.2499999999999999E-002  0.62800000000000000        1.0000000000000000E-002   2.1999999999999999E-002   2.5301007437952632E-005   2.0815086542396740E-005   1.0016139330144309        64.028842576667756     
  0.34999999999999998        1.6274500000000001       0.14249999999999999       0.62700000000000000        7.0000000000000001E-003   2.1999999999999999E-002   1.9801616776738256E-005   1.6170220285004308E-005   1.0044556441443468        64.900197174609985     
  0.34999999999999998        1.6306300000000000       0.22000000000000000       0.65400000000000003        6.0000000000000001E-003   2.3000000000000000E-002   1.2388982571054177E-005   9.8839535958486491E-006   1.0050468510937114        34.589099280380147     
  0.45000000000000001        1.6429400000000001        5.9999999999999998E-002  0.55700000000000005        2.5000000000000001E-002   1.9000000000000000E-002   1.5506693345580744E-005   1.2542315173994939E-005   1.0005545966042928        64.091202363118470     
  0.45000000000000001        1.6319300000000001        9.2499999999999999E-002  0.58299999999999996        1.7999999999999999E-002   2.0000000000000000E-002   1.3559307435551529E-005   1.0961362837832520E-005   1.0015123959535774        69.415666772831429     
  0.45000000000000001        1.6456900000000001       0.14249999999999999       0.58099999999999996        1.2000000000000000E-002   2.0000000000000000E-002   1.0459043683055167E-005   8.4148449023583592E-006   1.0012776171134856        91.024946978880678     
  0.45000000000000001        1.6341800000000000       0.22000000000000000       0.59499999999999997        8.9999999999999993E-003   2.1000000000000001E-002   7.1967430990615842E-006   5.7254822837366153E-006   1.0031278637874403        75.168007632113728     
  0.55000000000000004        1.6793400000000001        5.9999999999999998E-002  0.63600000000000001        5.1999999999999998E-002   2.1999999999999999E-002   8.0064623976039669E-006   6.2366955612616148E-006  0.99892807700145658        6.4857572879110119     
  0.55000000000000004        1.6393200000000001        9.2499999999999999E-002  0.54400000000000004        2.8000000000000001E-002   1.9000000000000000E-002   7.4684835102108293E-006   5.8394902681065580E-006   1.0008943887982757        49.132780365751607     
  0.55000000000000004        1.6351700000000000       0.14249999999999999       0.52400000000000002        1.7999999999999999E-002   1.7999999999999999E-002   6.1193415150658415E-006   4.7893655031793992E-006   1.0014738215215893        102.33119106394273     
  0.55000000000000004        1.6525099999999999       0.22000000000000000       0.55300000000000005        1.4000000000000000E-002   1.9000000000000000E-002   4.2638628171465080E-006   3.3253807009797882E-006   1.0008251519211442        91.905926202807919     
  0.64999999999999991        1.6768300000000000        5.9999999999999998E-002  0.53500000000000003        7.3999999999999996E-002   1.9000000000000000E-002   4.2736104066385501E-006   3.1985499653181170E-006  0.99800206960861015        7.9149202904088467     
  0.64999999999999991        1.6648400000000001        9.2499999999999999E-002  0.46300000000000002        3.3000000000000002E-002   1.6000000000000000E-002   3.9104278629936615E-006   2.9380909285084065E-006  0.99869188158950950        62.240078345411284     
  0.64999999999999991        1.6329700000000000       0.14249999999999999       0.47399999999999998        2.3000000000000000E-002   1.7000000000000001E-002   3.4429181356354055E-006   2.6010543235978735E-006   1.0000462027002548        96.835088072479294     
  0.64999999999999991        1.6450600000000000       0.22000000000000000       0.52400000000000002        1.9000000000000000E-002   1.7999999999999999E-002   2.5426375319157789E-006   1.9261984827473627E-006  0.99958653305428746        79.848725964222282     
