 x up dp u1 d1 u2 d2
   0.0000000000000000        0.0000000000000000        0.0000000000000000        0.0000000000000000        0.0000000000000000        0.0000000000000000        0.0000000000000000     
   4.0000001899898052E-003   86.580791020384140        65.494187286463898        57.612780600689277        41.576091260651530        51.315906329475226        36.519132718388988     
   8.0000003799796104E-003   44.337708905056950        28.763152548074309        31.357295433544408        19.132354131183778        28.370539783550118        17.015751465494201     
   1.2000000104308128E-002   30.766034893172240        17.838100729467833        22.775348315834744        12.346580475080824        20.830896956756565        11.091596641351355     
   1.6000000759959221E-002   23.980171897957732        12.693628660517211        18.417011119609739        9.0891425067226237        16.985211070748626        8.2331442948112485     
   2.0000001415610313E-002   19.858049373448008        9.7174370623829098        15.730563777969127        7.1664736081238898        14.603966188953583        6.5358589849434470     
   2.4000000208616257E-002   17.064009128998403        7.7807673958400754        13.881992659979767        5.8886841653613047        12.959585356151683        5.4019847542047765     
   2.8000000864267349E-002   15.032312215055237        6.4210106228999955        12.518620393001648        4.9725799319160018        11.740994901511009        4.5845295099093626     
   3.2000001519918442E-002   13.479924682775509        5.4136192787886861        11.457709695728557        4.2794157298070532        10.788377118896754        3.9625041862423735     
   3.6000002175569534E-002   12.251929265044327        4.6382886807112307        10.601643930842478        3.7347983837718712        10.016282425158201        3.4711725724176223     
   4.0000002831220627E-002   11.254371554370675        4.0250140784526165        9.8938428706259369        3.2953515157243305        9.3747680121410220        3.0729198689738428     
   4.4000003486871719E-002   10.425356829973774        3.5272621501101105        9.2934870692370559        2.9313020634547238        8.8278655091691220        2.7415093632122098     
   4.8000000417232513E-002   9.7254133953190820        3.1172361454210065        8.7745630378296529        2.6257722603175209        8.3530326744141163        2.4621520404928701     
   5.2000001072883606E-002   9.1254134082657004        2.7734889477313280        8.3182685960761660        2.3648101161953448        7.9335541607416893        2.2225428962124707     
   5.6000001728534698E-002   8.6044114117061170        2.4819099068984456        7.9110322198194867        2.1394542284198272        7.5568362276337862        2.0148271128568558     
   6.0000002384185791E-002   8.1483010419814299        2.2326094814072621        7.5436856706325583        1.9436572555668818        7.2141465229052066        1.8337657660869748     
   6.4000003039836884E-002   7.7444742532371187        2.0167692728293534        7.2091479258745714        1.7711659110493303        6.9001187110812872        1.6737086894776896     
   6.8000003695487976E-002   7.3841121493435464        1.8287575507072233        6.9028405824760126        1.6185433860389207        6.6112312321712956        1.5316205726524048     
   7.2000004351139069E-002   7.0609066834648093        1.6642996159026617        6.6201233254697174        1.4829521870831739        6.3436176724910087        1.4049974154026004     
   7.6000005006790161E-002   6.7685417420855307        1.5190508238993783        6.3583582633233373        1.3614399569561022        6.0950999345526755        1.2911870032076762     
   8.0000005662441254E-002   6.5024472444352996        1.3901862260543814        6.1161231966316425        1.2519749358262686        5.8645565936630106        1.1883763529591196     
   8.4000006318092346E-002   6.2592985461404380        1.2755292818085882        5.8918848890173372        1.1533506562808511        5.6507172254055860        1.0955114301937212     
   8.8000006973743439E-002   6.0361852709478674        1.1731564684893339        5.6854507991733341        1.0639051023056736        5.4536702455771460        1.0110352800313458     
   9.2000007629394531E-002   5.8300544178508886        1.0811361612218744        5.4932940495187355       0.98263953212337407        5.2700122730048333       0.93413213157300434     
   9.6000000834465027E-002   5.6388964016596237       0.99819339118281925        5.3137619403628582       0.90857409674594070        5.0982026605673276       0.86393405051993777     
  0.10000000149011612        5.4610291196301386       0.92319360088195523        5.1455337967566548       0.84112389557280731        4.9370165909436725       0.79992584611192175     
  0.10400000214576721        5.2951946364993390       0.85539129474450537        4.9873784168331632       0.77961718970087202        4.7852442523089147       0.74149835288875909     
  0.10800000280141830        5.1398588668628848       0.79381542477488587        4.8383003690717743       0.72332751352926161        4.6419692142328284       0.68798320859746898     
  0.11200000345706940        4.9935425961340032       0.73761875204378513        4.6972132966023024       0.67179290080717691        4.5062764360834464       0.63895822707041350     
  0.11600000411272049        4.8554997466717476       0.68627293473878281        4.5636575978906189       0.62445786440659368        4.3777647127609169       0.59390709504093420     
  0.12000000476837158        4.7250129143045818       0.63922706303637888        4.4370778063885625       0.58104829437366112        4.2559293069378370       0.55257761567047714     
  0.12400000542402267        4.6013708293737228       0.59617712688908631        4.3169626667439012       0.54137477166344883        4.1403505309677469       0.51479735981804298     
  0.12800000607967377        4.4840916052338269       0.55682099886480074        4.2030967095098077       0.50514128231405264        4.0309101683727198       0.48029121853084167     
  0.13199999928474426        4.3724055619936983       0.52062642288296579        4.0945921636796525       0.47180299695875988        3.9265995775709488       0.44853838875425328     
  0.13600000739097595        4.2657454201472520       0.48716503181671178        3.9908994819582078       0.44098434736814518        3.8268792561961602       0.41918344128858259     
  0.14000000059604645        4.1637390935794212       0.45623835946714120        3.8910925058463546       0.41247642897443493        3.7308495378099180       0.39202881133660433     
  0.14400000870227814        4.0658575108974082       0.42768101621101329        3.7953438364397933       0.38617956503074446        3.6386670862648445       0.36698028242530600     
  0.14800000190734863        3.9719287992678338       0.40124477872923303        3.7030616344519589       0.36181681388253367        3.5497137148565101       0.34377736421989297     
  0.15200001001358032        3.8814978604264212       0.37674558790564583        3.6139079028364747       0.33924187909589715        3.4635895640637351       0.32228427753679090     
  0.15600000321865082        3.7944270580750969       0.35399830148239414        3.5278348236984458       0.31829485140610864        3.3803979650002987       0.30234105590158256     
  0.16000001132488251        3.7104342774539667       0.33285718077691262        3.4446566093429545       0.29882929856705237        3.2999762974969697       0.28380787689857462     
  0.16400000452995300        3.6291978742124944       0.31319962599533757        3.3641825297395407       0.28072584729094108        3.2221546651265855       0.26657079614386758     
  0.16800001263618469        3.5506930487344985       0.29488646662974527        3.2862100681490398       0.26386707808822302        3.1467499237446304       0.25051788707586992     
  0.17200000584125519        3.4746258120961668       0.27781618000011848        3.2106260933818054       0.24815069791065963        3.0736627861245607       0.23555169749701438     
  0.17600001394748688        3.4008034175347825       0.26189245602613764        3.1373148412382874       0.23348647481769666        3.0028467086719002       0.22158362291184427     
  0.18000000715255737        3.3292265133887788       0.24701380713503995        3.0661421475378154       0.21978797420342994        2.9342019573859828       0.20853074683485423     
  0.18400001525878906        3.2596383270372513       0.23310556158733761        2.9969743312734893       0.20698587613683414        2.8674986313676811       0.19633221574952492     
  0.18800000846385956        3.1918915240857975       0.22009560427210043        2.9296939474113097       0.19501529022819636        2.8026163237110508       0.18492665746497483     
  0.19200000166893005        3.1260202438980595       0.20790764712745033        2.8641680513080092       0.18381049943873551        2.7394209945975994       0.17425180877917437     
  0.19600000977516174        3.0618250574207488       0.19648485855158912        2.8003438027848389       0.17331447469629871        2.6778562707798548       0.16425356447206435     
  0.20000000298023224        2.9991528203079438       0.18577444183379177        2.7381330633956265       0.16347966326075988        2.6178328376586961       0.15488673950625562     
  0.20400001108646393        2.9380648091710082       0.17571807914462445        2.6774246921961304       0.15425659842607667        2.5592402209837783       0.14610428864816780     
  0.20800000429153442        2.8784357504723133       0.16627082026328455        2.6181942395247488       0.14560004868814008        2.5019809548713901       0.13786504878900346     
  0.21200001239776611        2.8201145750850851       0.15739313668115579        2.5603593572501695       0.13747412898237685        2.4460075076028973       0.13013369685142814     
  0.21600000560283661        2.7631002782640541       0.14904334051012991        2.5038493745510655       0.12984121089717265        2.3913068055812032       0.12287283302181862     
  0.22000001370906830        2.7073906486465105       0.14118260679503195        2.4486174174030841       0.12266433195921715        2.3378396451379477       0.11604708379594091     
  0.22400000691413879        2.6528620163531786       0.13378022602350906        2.3946249709054381       0.11591373658208447        2.2855740316731095       0.10962794292475486     
  0.22800001502037048        2.5994156646350528       0.12680732847764289        2.3418225076421750       0.10956315634949437        2.2344667578472679       0.10359024193709251     
  0.23200000822544098        2.5471066616849489       0.12023252786338245        2.2901371550030660       0.10358486517265791        2.1844517931940532        9.7907473129533990E-002
  0.23600001633167267        2.4958866314446628       0.11402946580944229        2.2395642090662049        9.7951777850255287E-002   2.1355276546405562        9.2553769536568312E-002
  0.24000000953674316        2.4456648043816456       0.10817539329650545        2.1900572722963458        9.2643665568525616E-002   2.0876525303395939        8.7509772220301665E-002
  0.24400001764297485        2.3963705842369096       0.10264886542896215        2.1415532538816016        8.7639866086633017E-002   2.0408131324518126        8.2755049544139148E-002
  0.24800001084804535        2.3480542515846414        9.7427191641809421E-002   2.0940205251921897        8.2920904974730592E-002   1.9949369037234905        7.8271727450104925E-002
  0.25200000405311584        2.3006799859944693        9.2491201845844348E-002   2.0474681258424359        7.8466976175845721E-002   1.9500245604883693        7.4041049734245246E-002
  0.25600001215934753        2.2541822098830924        8.7823939614586635E-002   2.0018641068296281        7.4263269575557567E-002   1.9060440597455548        7.0048883870400411E-002
  0.26000002026557922        2.2085034403362029        8.3409651416873273E-002   1.9571826493698408        7.0295913406333274E-002   1.8629693135982877        6.6281988538016673E-002
  0.26399999856948853        2.1636655439327508        7.9232199237740816E-002   1.9133805253588829        6.6549650539626040E-002   1.8207577896872196        6.2725824809089115E-002
  0.26800000667572021        2.1196657620218078        7.5276751239571088E-002   1.8704512630468730        6.3009244422193716E-002   1.7794020490505762        5.9365882678320166E-002
  0.27200001478195190        2.0764572335369080        7.1530462307074341E-002   1.8283843205126107        5.9662856818912119E-002   1.7388908362209068        5.6190864137806905E-002
  0.27600002288818359        2.0339971345117411        6.7981333957397541E-002   1.7871502319581469        5.6500540907897315E-002   1.6991949491838274        5.3191259183891476E-002
  0.28000000119209290        1.9922611288624061        6.4618008022493539E-002   1.7467249806673983        5.3511325600703624E-002   1.6602926112137919        5.0356639491988743E-002
  0.28400000929832458        1.9512750971004840        6.1429090616057662E-002   1.7070797235018855        5.0683394023123940E-002   1.6221607044389503        4.7675839489021161E-002
  0.28800001740455627        1.9110138312095841        5.8404623618706734E-002   1.6682207596091219        4.8007116409803097E-002   1.5847957013166658        4.5139515273010869E-002
  0.29200002551078796        1.8714470739808973        5.5535373882742933E-002   1.6301264444149968        4.5474732534207772E-002   1.5481756680541661        4.2740239535305813E-002
  0.29600000381469727        1.8325470841250080        5.2812735199084318E-002   1.5927761592958518        4.3079183001626942E-002   1.5122797718747871        4.0471251649831064E-002
  0.30000001192092896        1.7942999848803347        5.0228549010909243E-002   1.5561452785943004        4.0812207214387802E-002   1.4770834977715819        3.8324670028615844E-002
  0.30400002002716064        1.7567159616852763        4.7775039622190582E-002   1.5202167153070145        3.8665482466360791E-002   1.4425696147171023        3.6292565073210208E-002
  0.30800002813339233        1.7197777605560534        4.5444923680889440E-002   1.4849943192399631        3.6631849303540846E-002   1.4087408459395172        3.4368107854313622E-002
  0.31200000643730164        1.6834677454583640        4.3231410004377961E-002   1.4504630925623645        3.4705738950932499E-002   1.3755820888695469        3.2545969599206560E-002
  0.31600001454353333        1.6477682517330288        4.1128095355513088E-002   1.4166027434512800        3.2882109520203637E-002   1.3430732905516163        3.0821320923491081E-002
  0.32000002264976501        1.6126651579922171        3.9129111608433645E-002   1.3833952827253078        3.1155036099782117E-002   1.3111966829653392        2.9188511067080630E-002
  0.32400000095367432        1.5781551110751373        3.7229184393869560E-002   1.3508237946501351        2.9518171097795733E-002   1.2799193765516523        2.7641358522555007E-002
  0.32800000905990601        1.5442295637224537        3.5422913341798819E-002   1.3188888639713816        2.7966202459855243E-002   1.2492485343529924        2.6174874168293144E-002
  0.33200001716613770        1.5108795697291819        3.3705227996438880E-002   1.2875844079076089        2.6495108166248844E-002   1.2191900883560061        2.4785316821474775E-002
  0.33600002527236938        1.4780957953419400        3.2071361579120432E-002   1.2568957513999535        2.5101188371839278E-002   1.1897306004276504        2.3469148650821930E-002
  0.34000000357627869        1.4458690526822475        3.0516854098051178E-002   1.2268036057911473        2.3780652340302307E-002   1.1608521859872982        2.2222749286355353E-002
  0.34400001168251038        1.4141820637915068        2.9037940791701865E-002   1.1972976376269124        2.2528885761594897E-002   1.1325453641198686        2.1041732218259043E-002
  0.34800001978874207        1.3830244664296538        2.7630988875984662E-002   1.1683703913590922        2.1341634618614727E-002   1.1048033071311276        1.9922052737170421E-002
  0.35200002789497375        1.3523944439301943        2.6292123381233403E-002   1.1400175092576017        2.0215528811123356E-002   1.0776220304821416        1.8860495395494649E-002
  0.35600000619888306        1.3222895950758744        2.5017716052522832E-002   1.1122338417350663        1.9147667249055624E-002   1.0509967279559906        1.7854285722763961E-002
  0.36000001430511475        1.2927061381068510        2.3804331279699983E-002   1.0850018634500038        1.8135579124995495E-002   1.0249108226873680        1.6901052833488282E-002
  0.36400002241134644        1.2636401832802138        2.2648772882115847E-002   1.0583065457655843        1.7176369809548939E-002  0.99935006830957929        1.5998033852360947E-002
  0.36800003051757812        1.2350661451758458        2.1548706821706159E-002   1.0321441935718112        1.6266715559701102E-002  0.97431159187605398        1.5142073594337680E-002
  0.37200000882148743        1.2069703302089914        2.0501639016531882E-002   1.0065020319261517        1.5403395835789811E-002  0.94979362324458572        1.4330164541170625E-002
  0.37600001692771912        1.1793547011067780        1.9504689354389100E-002  0.98137795198549982        1.4584368642561437E-002  0.92578171568529344        1.3560286454709978E-002
  0.38000002503395081        1.1522207682260550        1.8555173804175189E-002  0.95676932654302282        1.3807523100507105E-002  0.90227275428916975        1.2830419131158842E-002
  0.38400000333786011        1.1255690581859561        1.7650567747800536E-002  0.93266292666942618        1.3071115133035478E-002  0.87925363772202392        1.2138886120208333E-002
  0.38800001144409180        1.0993986364767845        1.6788476564037761E-002  0.90904052044239747        1.2373268420885018E-002  0.85670657265555461        1.1483890695948920E-002
  0.39200001955032349        1.0736931152119993        1.5967054114103298E-002  0.88590178004940290        1.1711548084554341E-002  0.83463068659434447        1.0863121294295928E-002
  0.39600002765655518        1.0484176848034725        1.5185064475942712E-002  0.86324143545765186        1.1083728987632269E-002  0.81302045782794885        1.0274464994377489E-002
  0.40000000596046448        1.0235769793446106        1.4440420104250415E-002  0.84104657415982309        1.0488097871653234E-002  0.79186317863020150        9.7162869629430996E-003
  0.40400001406669617       0.99917561661572396        1.3731097151724339E-002  0.81931571364691158        9.9231110094686655E-003  0.77115691892372706        9.1871120367770787E-003
  0.40800002217292786       0.97521759258925134        1.3055206291440092E-002  0.79804643956778021        9.3873438993958905E-003  0.75089888677320726        8.6855780586479157E-003
  0.41200003027915955       0.95170564895080056        1.2410962631295026E-002  0.77721607193683051        8.8797822672196866E-003  0.73106722647004851        8.2107044167394304E-003
  0.41600000858306885       0.92864173142407436        1.1796688784157247E-002  0.75681944246640753        8.3988316591236661E-003  0.71165659903649303        7.7609760808591555E-003
  0.42000001668930054       0.90599581237629379        1.1211461773234467E-002  0.73685609136320818        7.9426750463490632E-003  0.69266377819672231        7.3346416368908277E-003
  0.42400002479553223       0.88373802666704593        1.0654462783649303E-002  0.71731801537002449        7.5099164404453262E-003  0.67408189172885014        6.9303936627262341E-003
  0.42800003290176392       0.86187530046309890        1.0124130020601408E-002  0.69819347040181601        7.0995262780798483E-003  0.65590106633688061        6.5472705065895498E-003
  0.43200001120567322       0.84041355655675565        9.6189948878003459E-003  0.67948285181494983        6.7104160951580267E-003  0.63812133649504998        6.1842354266717281E-003
  0.43600001931190491       0.81935713648481479        9.1376624268835593E-003  0.66118408347208757        6.3415710037983382E-003  0.62074040100591843        5.8403210278602799E-003
  0.44000002741813660       0.79870985654070603        8.6788285695342127E-003  0.64327506245234389        5.9923830590917077E-003  0.60373715076367573        5.5149360162357226E-003
  0.44400003552436829       0.77847445380087810        8.2412599603806248E-003  0.62575093213768074        5.6617464063978429E-003  0.58710668782003717        5.2070320056835304E-003
  0.44800001382827759       0.75863492248538666        7.8241664174647542E-003  0.60861452794122628        5.3484351538705382E-003  0.57085133376863695        4.9154524033565789E-003
  0.45200002193450928       0.73914436357187585        7.4274353382840670E-003  0.59186129287517375        5.0513706792166702E-003  0.55496646176654441        4.6391781770651628E-003
  0.45600003004074097       0.72000738961446820        7.0499752475941839E-003  0.57547294972468255        4.7698336184679247E-003  0.53943457914168047        4.3775220916245916E-003
  0.46000000834465027       0.70123074742644820        6.6906933988515561E-003  0.55944907133145716        4.5030614330668160E-003  0.52425494074811496        4.1297586002709743E-003
  0.46400001645088196       0.68281972671358826        6.3485511401116150E-003  0.54378970075945343        4.2503119757844208E-003  0.50942723460911121        3.8951822187720895E-003
  0.46800002455711365       0.66477908394489216        6.0225762130535158E-003  0.52848480646177376        4.0110588298975913E-003  0.49494170771033286        3.6732864567996606E-003
  0.47200003266334534       0.64711255799380052        5.7118484159646580E-003  0.51351598587191927        3.7848178853765006E-003  0.48078090587048761        3.4636042467652284E-003
  0.47600001096725464       0.62982321081532133        5.4155012295348864E-003  0.49888643991266779        3.5706792171821028E-003  0.46694764283356766        3.2652801221518361E-003
  0.48000001907348633       0.61288018122883892        5.1333346624894546E-003  0.48459841317963742        3.3678669085386000E-003  0.45344336021767545        3.0775837122503599E-003
  0.48400002717971802       0.59624783551886051        4.8652968268718200E-003  0.47064167596547773        3.1757471250817826E-003  0.44025813398262131        2.8999157095801176E-003
  0.48800003528594971       0.57993294877951351        4.6105598169258076E-003  0.45700097342192103        2.9938866433888798E-003  0.42737734588779580        2.7318611402623971E-003
  0.49200001358985901       0.56394161187424929        4.3683411070539564E-003  0.44367689146371597        2.8217539083217813E-003  0.41480121003264736        2.5729163186121104E-003
  0.49600002169609070       0.54827869332855594        4.1378962983781836E-003  0.43066926962357427        2.6588404445790866E-003  0.40252924001600265        2.4225997157569742E-003
  0.50000000000000000       0.53294873326737646        3.9185290120177076E-003  0.41796904984383937        2.5048244765272583E-003  0.39055263458331391        2.2806008981681391E-003
  0.50400000810623169       0.51795507128300999        3.7095747659571278E-003  0.40555857752900037        2.3594622875017504E-003  0.37885456604520157        2.1466810285578663E-003
  0.50800001621246338       0.50330070904921387        3.5104104085705119E-003  0.39344052108391203        2.2221164023770198E-003  0.36743722118291389        2.0202440114727742E-003
  0.51200002431869507       0.48897368692554743        3.3207247627450383E-003  0.38161746094846133        2.0921775880356572E-003  0.35630270264120451        1.9007209528158111E-003
  0.51600003242492676       0.47492591479297247        3.1409239276940777E-003  0.37008543548775213        1.9691352322974056E-003  0.34544700303995413        1.7876339371829377E-003
  0.52000004053115845       0.46115799890895581        2.9704623219162312E-003  0.35882500718773297        1.8527525952345325E-003  0.33485167010575650        1.6807546081842940E-003
  0.52400004863739014       0.44767465627477843        2.8087342710925219E-003  0.34783489870860052        1.7427325833832164E-003  0.32451521918651161        1.5798004672298871E-003
  0.52799999713897705       0.43448013187009688        2.6551698237718964E-003  0.33711512769293484        1.6387728788715514E-003  0.31443729199430726        1.4844837782516135E-003
  0.53200000524520874       0.42157746464289791        2.5092238397598542E-003  0.32666395198620168        1.5405901639548630E-003  0.30461566477606344        1.3945316764938721E-003
  0.53600001335144043       0.40896971217586803        2.3703879399166118E-003  0.31647104985850499        1.4485371908947774E-003  0.29504085588495144        1.3102576948578208E-003
  0.54000002145767212       0.39665920171147456        2.2381795785216744E-003  0.30652683351787507        1.3620053769713191E-003  0.28570367358190335        1.2310996911625994E-003
  0.54400002956390381       0.38464776795998379        2.1121428273235712E-003  0.29682567690395861        1.2800280878314742E-003  0.27659863933114093        1.1561738874845350E-003
  0.54800003767013550       0.37291892433776036        1.9921895693793819E-003  0.28736207526795476        1.2017150728356322E-003  0.26772039302525380        1.0846678926681888E-003
  0.55200004577636719       0.36143167150071431        1.8787364673065892E-003  0.27814136002079326        1.1277133461086008E-003  0.25907363031285974        1.0171571694591282E-003
  0.55600005388259888       0.35018826383326307        1.7714016935716822E-003  0.26916316911988120        1.0587211032067403E-003  0.25065773887223802        9.5426159331839927E-004
  0.56000000238418579       0.33919263279370376        1.6697879954932766E-003  0.26041138889047333        9.9353595007152930E-004  0.24245750003768110        8.9488862335878878E-004
  0.56400001049041748       0.32844770831190256        1.5735147200187862E-003  0.25188538505569519        9.3202167485547261E-004  0.23447208725071433        8.3890771960587788E-004
  0.56800001859664917       0.31795643683905256        1.4822257692916913E-003  0.24357991363963885        8.7400805535020230E-004  0.22669638983904500        7.8615816177255197E-004
  0.57200002670288086       0.30772115485176182        1.3955824078263999E-003  0.23549046360074169        8.1936207993238484E-004  0.21912598404009975        7.3651309592139176E-004
  0.57600003480911255       0.29774378513207717        1.3132638202663358E-003  0.22761397936219449        7.6787919116026054E-004  0.21175780897544405        6.8978181216641462E-004
  0.58000004291534424       0.28802586540232628        1.2349661692470273E-003  0.21994496575205216        7.1938842472549843E-004  0.20458653864967211        6.4580427690783719E-004
  0.58400005102157593       0.27856696676875831        1.1604320880903159E-003  0.21247960115129128        6.7373505342226852E-004  0.19760841029903722        6.0443547274647029E-004
  0.58799999952316284       0.26933123607523551        1.0900789675350150E-003  0.20521375250247095        6.3076130958063855E-004  0.19081969369314006        5.6552800755877851E-004
  0.59200000762939453       0.26030497853267015        1.0238866429860217E-003  0.19814098182264989        5.9031255762295189E-004  0.18421473027945620        5.2893765646469006E-004
  0.59600001573562622       0.25149039581030913        9.6155303615330613E-004  0.19126006695823777        5.5225275471784707E-004  0.17779123329279031        4.9453764882404513E-004
  0.60000002384185791       0.24288922141150021        9.0279082264922011E-004  0.18456667050389405        5.1646559917508251E-004  0.17154496368984076        4.6221899281131252E-004
