 pt DY-RATIO x2 error R_dy 
  0.25000000000000000       0.91100000000000003        4.5000000000000000        2.1999999999999999E-002  0.89299675324552485     
  0.75000000000000000       0.89600000000000002        4.5000000000000000        1.6000000000000000E-002  0.91470459376564361     
   1.2500000000000000       0.90700000000000003        4.5000000000000000        1.9000000000000000E-002  0.95219410662288506     
  0.25000000000000000       0.92000000000000004        5.5000000000000000        3.2000000000000001E-002  0.92070476202496709     
  0.75000000000000000       0.92300000000000004        5.5000000000000000        2.3000000000000000E-002  0.93946689561499708     
   1.2500000000000000       0.95699999999999996        5.5000000000000000        2.7000000000000000E-002  0.97054633098508303     
  0.25000000000000000       0.87600000000000000        6.5000000000000000        4.8000000000000001E-002  0.94076432020804668     
  0.75000000000000000       0.89700000000000002        6.5000000000000000        3.5000000000000003E-002  0.95682481739834391     
   1.2500000000000000        1.0460000000000000        6.5000000000000000        4.7000000000000000E-002  0.98288837257491413     
   1.7500000000000000        1.0750000000000000        6.5000000000000000        6.5000000000000002E-002   1.0081034897380083     
  0.25000000000000000        1.0000000000000000        7.5000000000000000       0.11100000000000000       0.95279230966904560     
  0.75000000000000000       0.97199999999999998        7.5000000000000000        6.7000000000000004E-002  0.96742871782262341     
   1.2500000000000000       0.96199999999999997        7.5000000000000000        7.2999999999999995E-002  0.99009897177578743     
   1.7500000000000000        1.0580000000000001        7.5000000000000000       0.10800000000000000        1.0104202234294535     
