 gamma g3f fuua tmp 
  0.52525252525252530        0.0000000000000000        63.975508061374285        0.0000000000000000     
  0.52525252525252530        5.0505050505050509E-003   63.976066409767682        0.0000000000000000     
  0.52525252525252530        1.0101010101010102E-002   63.976625502285330        0.0000000000000000     
  0.52525252525252530        1.5151515151515152E-002   63.977185339096067        0.0000000000000000     
  0.52525252525252530        2.0202020202020204E-002   63.977745920355758        0.0000000000000000     
  0.52525252525252530        2.5252525252525252E-002   63.978307246207365        0.0000000000000000     
  0.52525252525252530        3.0303030303030304E-002   63.978869316781015        0.0000000000000000     
  0.52525252525252530        3.5353535353535352E-002   63.979432132194212        0.0000000000000000     
  0.52525252525252530        4.0404040404040407E-002   63.979995692552023        0.0000000000000000     
  0.52525252525252530        4.5454545454545456E-002   63.980559997947111        0.0000000000000000     
  0.52525252525252530        5.0505050505050504E-002   63.981125048459980        0.0000000000000000     
  0.52525252525252530        5.5555555555555552E-002   63.981690844159104        0.0000000000000000     
  0.52525252525252530        6.0606060606060608E-002   63.982257385101001        0.0000000000000000     
  0.52525252525252530        6.5656565656565663E-002   63.982824671330420        0.0000000000000000     
  0.52525252525252530        7.0707070707070704E-002   63.983392702880529        0.0000000000000000     
  0.52525252525252530        7.5757575757575760E-002   63.983961479772894        0.0000000000000000     
  0.52525252525252530        8.0808080808080815E-002   63.984531002017796        0.0000000000000000     
  0.52525252525252530        8.5858585858585856E-002   63.985101269614248        0.0000000000000000     
  0.52525252525252530        9.0909090909090912E-002   63.985672282550148        0.0000000000000000     
  0.52525252525252530        9.5959595959595953E-002   63.986244040802418        0.0000000000000000     
  0.52525252525252530       0.10101010101010101        63.986816544337223        0.0000000000000000     
  0.52525252525252530       0.10606060606060606        63.987389793109855        0.0000000000000000     
  0.52525252525252530       0.11111111111111110        63.987963787065148        0.0000000000000000     
  0.52525252525252530       0.11616161616161616        63.988538526137383        0.0000000000000000     
  0.52525252525252530       0.12121212121212122        63.989114010250546        0.0000000000000000     
  0.52525252525252530       0.12626262626262627        63.989690239318421        0.0000000000000000     
  0.52525252525252530       0.13131313131313133        63.990267213244550        0.0000000000000000     
  0.52525252525252530       0.13636363636363635        63.990844931922702        0.0000000000000000     
  0.52525252525252530       0.14141414141414141        63.991423395236623        0.0000000000000000     
  0.52525252525252530       0.14646464646464646        63.992002603060406        0.0000000000000000     
  0.52525252525252530       0.15151515151515152        63.992582555258409        0.0000000000000000     
  0.52525252525252530       0.15656565656565657        63.993163251685587        0.0000000000000000     
  0.52525252525252530       0.16161616161616163        63.993744692187420        0.0000000000000000     
  0.52525252525252530       0.16666666666666666        63.994326876600113        0.0000000000000000     
  0.52525252525252530       0.17171717171717171        63.994909804750684        0.0000000000000000     
  0.52525252525252530       0.17676767676767677        63.995493476457099        0.0000000000000000     
  0.52525252525252530       0.18181818181818182        63.996077891528373        0.0000000000000000     
  0.52525252525252530       0.18686868686868688        63.996663049764585        0.0000000000000000     
  0.52525252525252530       0.19191919191919191        63.997248950957150        0.0000000000000000     
  0.52525252525252530       0.19696969696969696        63.997835594888841        0.0000000000000000     
  0.52525252525252530       0.20202020202020202        63.998422981333817        0.0000000000000000     
  0.52525252525252530       0.20707070707070707        63.999011110057850        0.0000000000000000     
  0.52525252525252530       0.21212121212121213        63.999599980818388        0.0000000000000000     
  0.52525252525252530       0.21717171717171718        64.000189593364610        0.0000000000000000     
  0.52525252525252530       0.22222222222222221        64.000779947437593        0.0000000000000000     
  0.52525252525252530       0.22727272727272727        64.001371042770316        0.0000000000000000     
  0.52525252525252530       0.23232323232323232        64.001962879087927        0.0000000000000000     
  0.52525252525252530       0.23737373737373738        64.002555456107601        0.0000000000000000     
  0.52525252525252530       0.24242424242424243        64.003148773538882        0.0000000000000000     
  0.52525252525252530       0.24747474747474749        64.003742831083628        0.0000000000000000     
  0.52525252525252530       0.25252525252525254        64.004337628436033        0.0000000000000000     
  0.52525252525252530       0.25757575757575757        64.004933165283006        0.0000000000000000     
  0.52525252525252530       0.26262626262626265        64.005529441303949        0.0000000000000000     
  0.52525252525252530       0.26767676767676768        64.006126456171032        0.0000000000000000     
  0.52525252525252530       0.27272727272727271        64.006724209549205        0.0000000000000000     
  0.52525252525252530       0.27777777777777779        64.007322701096328        0.0000000000000000     
  0.52525252525252530       0.28282828282828282        64.007921930463240        0.0000000000000000     
  0.52525252525252530       0.28787878787878790        64.008521897293861        0.0000000000000000     
  0.52525252525252530       0.29292929292929293        64.009122601225229        0.0000000000000000     
  0.52525252525252530       0.29797979797979796        64.009724041887651        0.0000000000000000     
  0.52525252525252530       0.30303030303030304        64.010326218904765        0.0000000000000000     
  0.52525252525252530       0.30808080808080807        64.010929131893604        0.0000000000000000     
  0.52525252525252530       0.31313131313131315        64.011532780464634        0.0000000000000000     
  0.52525252525252530       0.31818181818181818        64.012137164221997        0.0000000000000000     
  0.52525252525252530       0.32323232323232326        64.012742282763426        0.0000000000000000     
  0.52525252525252530       0.32828282828282829        64.013348135680360        0.0000000000000000     
  0.52525252525252530       0.33333333333333331        64.013954722558097        0.0000000000000000     
  0.52525252525252530       0.33838383838383840        64.014562042975797        0.0000000000000000     
  0.52525252525252530       0.34343434343434343        64.015170096506580        0.0000000000000000     
  0.52525252525252530       0.34848484848484851        64.015778882717640        0.0000000000000000     
  0.52525252525252530       0.35353535353535354        64.016388401170218        0.0000000000000000     
  0.52525252525252530       0.35858585858585856        64.016998651419840        0.0000000000000000     
  0.52525252525252530       0.36363636363636365        64.017609633016207        0.0000000000000000     
  0.52525252525252530       0.36868686868686867        64.018221345503420        0.0000000000000000     
  0.52525252525252530       0.37373737373737376        64.018833788419940        0.0000000000000000     
  0.52525252525252530       0.37878787878787878        64.019446961298740        0.0000000000000000     
  0.52525252525252530       0.38383838383838381        64.020060863667368        0.0000000000000000     
  0.52525252525252530       0.38888888888888890        64.020675495047939        0.0000000000000000     
  0.52525252525252530       0.39393939393939392        64.021290854957286        0.0000000000000000     
  0.52525252525252530       0.39898989898989901        64.021906942907037        0.0000000000000000     
  0.52525252525252530       0.40404040404040403        64.022523758403565        0.0000000000000000     
  0.52525252525252530       0.40909090909090912        64.023141300948211        0.0000000000000000     
  0.52525252525252530       0.41414141414141414        64.023759570037271        0.0000000000000000     
  0.52525252525252530       0.41919191919191917        64.024378565162039        0.0000000000000000     
  0.52525252525252530       0.42424242424242425        64.024998285808891        0.0000000000000000     
  0.52525252525252530       0.42929292929292928        64.025618731459417        0.0000000000000000     
  0.52525252525252530       0.43434343434343436        64.026239901590358        0.0000000000000000     
  0.52525252525252530       0.43939393939393939        64.026861795673838        0.0000000000000000     
  0.52525252525252530       0.44444444444444442        64.027484413177177        0.0000000000000000     
  0.52525252525252530       0.44949494949494950        64.028107753563219        0.0000000000000000     
  0.52525252525252530       0.45454545454545453        64.028731816290247        0.0000000000000000     
  0.52525252525252530       0.45959595959595961        64.029356600812079        0.0000000000000000     
  0.52525252525252530       0.46464646464646464        64.029982106578103        0.0000000000000000     
  0.52525252525252530       0.46969696969696972        64.030608333033314        0.0000000000000000     
  0.52525252525252530       0.47474747474747475        64.031235279618556        0.0000000000000000     
  0.52525252525252530       0.47979797979797978        64.031862945770214        0.0000000000000000     
  0.52525252525252530       0.48484848484848486        64.032491330920720        0.0000000000000000     
  0.52525252525252530       0.48989898989898989        64.033120434498230        0.0000000000000000     
  0.52525252525252530       0.49494949494949497        64.033750255926861        0.0000000000000000     
  0.52525252525252530       0.50000000000000000        64.034380794626813        0.0000000000000000     
