 pt up dp u1 d1 u2 d2
   0.0000000000000000        0.0000000000000000        0.0000000000000000        0.0000000000000000        0.0000000000000000        0.0000000000000000        0.0000000000000000     
   9.9999997764825821E-003   1.3378197830411287       0.64744686274028063       0.88003111057286310       0.42940403445696129       0.79373847343577020       0.39145111740010374     
   1.9999999552965164E-002   1.3353595589004592       0.64625622075568245       0.87866353036134859       0.42873673479765090       0.79254373453853111       0.39086190333025861     
   2.9999999329447746E-002   1.3311234560215746       0.64420613033696794       0.87627514162909026       0.42757133990971796       0.79045048647022831       0.38982956796696727     
   3.9999999105930328E-002   1.3254335387215499       0.64145245667191086       0.87307135158286542       0.42600807657178186       0.78764254063484473       0.38844476230156699     
   4.9999997019767761E-002   1.3179841475703808       0.63784727382793693       0.86889011285737860       0.42396787508778772       0.78397996714369744       0.38663847656180256     
   5.9999998658895493E-002   1.3089360907565899       0.63346840600713927       0.86380623977609439       0.42148724049937003       0.77953003876326277       0.38444388792187989     
   7.0000000298023224E-002   1.2983194983325939       0.62833043485060314       0.85783502410646684       0.41857363430028754       0.77430177648504706       0.38186544529957744     
   7.9999998211860657E-002   1.2861709825356042       0.62245107909624953       0.85099587676214672       0.41523652788823689       0.76830846751552861       0.37890970159864895     
   8.9999996125698090E-002   1.2725359211128027       0.61585229960937671       0.84330631237293352       0.41148446738460859       0.76157217343583117       0.37558753701562347     
   9.9999994039535522E-002   1.2574599035870888       0.60855615974556643       0.83479092742118854       0.40732945444324414       0.75411111625149096       0.37190793816846912     
  0.10999999940395355        1.2409973682649114       0.60058900528858394       0.82547603646710721       0.40278432904011457       0.74594307178529473       0.36787967162945934     
  0.11999999731779099        1.2232054223084234       0.59197847363282774       0.81538697129768767       0.39786145161498837       0.73709590854315332       0.36351648141900300     
  0.12999999523162842        1.2041404411114369       0.58275184802849433       0.80455529113993762       0.39257622123641955       0.72759308996960637       0.35882993909610966     
  0.14000000059604645        1.1838722555814736       0.57294292361194632       0.79301061080437529       0.38694308821072532       0.71746020573985747       0.35383266482130771     
  0.14999999105930328        1.1624677906960432       0.56258408917521552       0.78078589213813587       0.38097813600356123       0.70672816395538640       0.34853990166428112     
  0.15999999642372131        1.1399942251870918       0.55170785631649455       0.76792035210867537       0.37470050021575185       0.69542601051379382       0.34296597430431791     
  0.17000000178813934        1.1165278123725051       0.54035112834074639       0.75444507776712300       0.36812534952146547       0.68358337648330292       0.33712549601160063     
  0.17999999225139618        1.0921477342762980       0.52855222591992068       0.74039859384590667       0.36127148175106472       0.67123212888593542       0.33103418277041863     
  0.18999999761581421        1.0669239336933638       0.51634499833902514       0.72582161917305232       0.35415876532604423       0.65840726985400055       0.32470929671970389     
  0.19999998807907104        1.0409389930570936       0.50376941192094948       0.71075417391064277       0.34680672775952426       0.64514085150299771       0.31816664512702164     
  0.20999999344348907        1.0142756053450013       0.49086548648715167       0.69523253885938552       0.33923307197360569       0.63146917792203172       0.31142413222244658     
  0.21999999880790710       0.98700779164725150       0.47766904504100843       0.67930240607874537       0.33146009303768043       0.61742567523957670       0.30449824290091398     
  0.22999998927116394       0.95921926660213930       0.46422060184357028       0.66299919753003311       0.32350507481013929       0.60304867234660309       0.29740787997197826     
  0.23999999463558197       0.93099018757411922       0.45055894958933901       0.64637142182461094       0.31539168667400169       0.58836867121894043       0.29016808621474216     
  0.25000000000000000       0.90240444490589256       0.43672468757269228       0.62945706558377867       0.30713846389267579       0.57342773362057342       0.28279960539439181     
  0.25999999046325684       0.87353226688463559       0.42275180324454448       0.61229453133607326       0.29876414466812795       0.55825675590523971       0.27531767478692926     
  0.26999998092651367       0.84445540432786204       0.40867986046169891       0.59493119452283116       0.29029184546226511       0.54289379111102609       0.26774106115846041     
  0.28000000119209290       0.81524959159885824       0.39454551137755756       0.57740454255548701       0.28173985795309431       0.52737276838982583       0.26008649748195517     
  0.28999999165534973       0.78599115482385629       0.38038569453317067       0.55975310124763578       0.27312698049852624       0.51173082417505400       0.25237229847799558     
  0.29999998211860657       0.75674713193216003       0.36623285338434786       0.54201865801479121       0.26447360292864208       0.49599952847247231       0.24461403365019740     
  0.31000000238418579       0.72758898894506918       0.35212157439173947       0.52423998810549344       0.25579864531110802       0.48021282724920800       0.23682844426436495     
  0.31999999284744263       0.69858502347393459       0.33808491064273555       0.50645210696935872       0.24711919315023470       0.46440327808026716       0.22903158686751302     
  0.32999998331069946       0.66979509545489591       0.32415183175517953       0.48869451096854377       0.23845451837522272       0.44860586840539035       0.22124071635258094     
  0.34000000357627869       0.64128272126843688       0.31035307690769459       0.47099833600987145       0.22981981349897845       0.43284899732743581       0.21346983841655792     
  0.34999999403953552       0.61310580789096081       0.29671667057015250       0.45340077574389148       0.22123322686127156       0.41716165635018010       0.20573325091311748     
  0.35999998450279236       0.58531192854116609       0.28326563612102806       0.43593666060201602       0.21271175368828266       0.40157277816338122       0.19804522269039285     
  0.37000000476837158       0.55795997683367782       0.27002847552038173       0.41863018911847938       0.20426720145829685       0.38611022436850512       0.19041949436370195     
  0.37999999523162842       0.53109070684536963       0.25702491197723709       0.40151415645294192       0.19591557230317019       0.37080012581371902       0.18286895298596720     
  0.38999998569488525       0.50474763494706754       0.24427600553131337       0.38461619640523331       0.18767034991113984       0.35566711466451484       0.17540574649889562     
  0.39999997615814209       0.47881256286075491       0.23172455333268038       0.36796526952401665       0.17954566534676342       0.34073720452289730       0.16804270413265943     
  0.40999999642372131       0.45363927867960380       0.21954177350346735       0.35157961466243792       0.17155041811033225       0.32602497557587662       0.16078701645529569     
  0.41999998688697815       0.42909680740715289       0.20766427981510138       0.33548488250817438       0.16369712424661173       0.31155864311103060       0.15365259851088992     
  0.42999997735023499       0.40521821521518131       0.19610807486333837       0.31970177018874735       0.15599588275091333       0.29735204991952047       0.14664627720307508     
  0.43999999761581421       0.38202415477953006       0.18488315364926097       0.30424919392048899       0.14845592363739443       0.28342415519930236       0.13977740271389935     
  0.44999998807907104       0.35953733313496100       0.17400050539473969       0.28914706715486943       0.14108696351300057       0.26979087041583782       0.13305382216321701     
  0.45999997854232788       0.33777144906913931       0.16346675972000441       0.27440539842179396       0.13389388595862856       0.25646739006619917       0.12648302908076930     
  0.46999999880790710       0.31674501903604896       0.15329087778723302       0.26004048353110965       0.12688464238236979       0.24346462145847853       0.12007040266648580     
  0.47999998927116394       0.29646382283739064       0.14347565677024968       0.24606430839518323       0.12006508121283660       0.23079634062006885       0.11382273689785020     
  0.48999997973442078       0.27693972060794642       0.13402683646088104       0.23248949275811068       0.11344136015168696       0.21846945627372871       0.10774343897677345     
  0.50000000000000000       0.25817226600146803       0.12494420084686450       0.21931954601729556       0.10701519158088720       0.20649242502838938       0.10183667948226410     
  0.50999999046325684       0.24016878091014707       0.11623129340706723       0.20656396935376445       0.10079121152456870       0.19487869385152570        9.6109090108034839E-002
  0.51999998092651367       0.22292059530394015       0.10788391822226062       0.19422806059712411        9.4772005015669097E-002  0.18362390671428144        9.0558522574242323E-002
  0.52999997138977051       0.20642951354930703        9.9902948527703275E-002  0.18231795128745987        8.8960563889384378E-002  0.17273872580629604        8.5190235194787300E-002
  0.53999996185302734       0.19068484773828601        9.2283211838605134E-002  0.17083135978352060        8.3355774837392871E-002  0.16222482713836317        8.0005054534489181E-002
  0.55000001192092896       0.17568218276050174        8.5022571432668420E-002  0.15977155172652907        7.7959231302812362E-002  0.15208397089585612        7.5003848670874854E-002
  0.56000000238418579       0.16140686944306820        7.8113937744357445E-002  0.14913832310364486        7.2770833739233654E-002  0.14231692939126972        7.0186998488327948E-002
  0.56999999284744263       0.14785170623273219        7.1553825533642146E-002  0.13893002272165830        6.7789776460338028E-002  0.13292517475456872        6.5555230002959625E-002
  0.57999998331069946       0.13499589850470414        6.5332171102293390E-002  0.12914601237862799        6.3015748060670382E-002  0.12390318096068023        6.1105817923301567E-002
  0.58999997377395630       0.12282902699009884        5.9443931975205241E-002  0.11977816339283717        5.8444782215992933E-002  0.11525047342375158        5.6838528195986733E-002
  0.59999996423721313       0.11133009268000223        5.3878945541079720E-002  0.11082374878549751        5.4075548319149173E-002  0.10696362762823915        5.2751671939247437E-002
  0.61000001430511475       0.10048468150479102        4.8630236014182940E-002  0.10227689414768731        4.9905180000006683E-002   9.9040184075185778E-002   4.8844036192332442E-002
  0.62000000476837158        9.0269835432020787E-002   4.3686692700631413E-002   9.4133032802681010E-002   4.5931448985739011E-002   9.1471382458358105E-002   4.5111300600642959E-002
  0.62999999523162842        8.0669212842503793E-002   3.9040406964142856E-002   8.6380556542586778E-002   4.2148691145565312E-002   8.4253259186519922E-002   4.1551510424337010E-002
  0.63999998569488525        7.1659363371860157E-002   3.4680029843489175E-002   7.9013320049186209E-002   3.8553907921361444E-002   7.7379331425122114E-002   3.8161468498462733E-002
  0.64999997615814209        6.3220369035692586E-002   3.0595921896442439E-002   7.2022488539107588E-002   3.5142788452320807E-002   7.0842512636482058E-002   3.4937679927424983E-002
  0.65999996662139893        5.5327916225415941E-002   2.6776316388947681E-002   6.5398662698546522E-002   3.1910746419595730E-002   6.4635175573540038E-002   3.1876383151863877E-002
  0.66999995708465576        4.7963606417310137E-002   2.3212309231969472E-002   5.9133851074817383E-002   2.8853882458739839E-002   5.8749214039738325E-002   2.8973580407016045E-002
  0.68000000715255737        4.1101528879126971E-002   1.9891360752737269E-002   5.3213882197320324E-002   2.5965281715747822E-002   5.3177809592564275E-002   2.6225909014833355E-002
  0.68999999761581421        3.4723089055252114E-002   1.6804471991264600E-002   4.7630080641193971E-002   2.3240711087503887E-002   4.7908630844523854E-002   2.3627287456559912E-002
  0.69999998807907104        2.8803533084917024E-002   1.3939663150497794E-002   4.2371438309624164E-002   2.0674799262554534E-002   4.2934244067386169E-002   2.1174049611275527E-002
  0.70999997854232788        2.3322126037031560E-002   1.1286899421373902E-002   3.7428598058416779E-002   1.8262980498371190E-002   3.8245196479425952E-002   1.8861533613526257E-002
  0.71999996900558472        1.8254641087420528E-002   8.8344560697357476E-003   3.2786557816433158E-002   1.5997934656160260E-002   3.3831852561105179E-002   1.6684987476333853E-002
  0.72999995946884155        1.3583039522477228E-002   6.5736031390670321E-003   2.8435674709771014E-002   1.3874956573902258E-002   2.9684428948400236E-002   1.4639586299675015E-002
  0.74000000953674316        9.2827155430397126E-003   4.4924324877222161E-003   2.4364394051372740E-002   1.1888408235872715E-002   2.5794651265621363E-002   1.2721249377223937E-002
  0.75000000000000000        5.3347933246324954E-003   2.5818090337620062E-003   2.0562974251462640E-002   1.0033536312443327E-002   2.2149344505349663E-002   1.0923479138876081E-002
  0.75999999046325684        1.7234965290153111E-003   8.3409771241245369E-004   1.7016359473050888E-002   8.3029944302099833E-003   1.8740176948876378E-002   9.2421665982239248E-003
  0.76999998092651367       -1.5796046619747102E-003  -7.6446027763219545E-004   1.3714877797139591E-002   6.6920632548345890E-003   1.5557210834548866E-002   7.6724107103596853E-003
  0.77999997138977051       -4.5890577689952387E-003  -2.2209053066294449E-003   1.0647229344398613E-002   5.1952291019543321E-003   1.2592135425179772E-002   6.2101128364151648E-003
  0.78999996185302734       -7.3215560707210322E-003  -3.5433161988303809E-003   7.8039177125272434E-003   3.8078582791782728E-003   9.8320416709900948E-003   4.8489065696585608E-003
  0.79999995231628418       -9.7981095079157487E-003  -4.7418608560752104E-003   5.1705866739828465E-003   2.5229457818511970E-003   7.2663618026963294E-003   3.5835801618466952E-003
  0.81000000238418579       -1.2034060863687477E-002  -5.8239645212216822E-003   2.7381443071697832E-003   1.3360552806578627E-003   4.8945443911518668E-003   2.4138616625036906E-003
  0.81999999284744263       -1.4041428646493371E-002  -6.7954436320995524E-003   4.9608458958100808E-004   2.4206044722595326E-004   2.6943000025467906E-003   1.3287585040986337E-003
  0.82999998331069946       -1.5844343497455678E-002  -7.6679763744319446E-003  -1.5658829957217104E-003  -7.6405989262440721E-004   6.6544841882767265E-004   3.2818180778695618E-004
  0.83999997377395630       -1.7453392843471718E-002  -8.4466866045230411E-003  -3.4561536832149430E-003  -1.6864021253858810E-003  -1.2009887102855936E-003  -5.9229631466799573E-004
  0.84999996423721313       -1.8881118163030907E-002  -9.1376438550595535E-003  -5.1876445702829102E-003  -2.5312690438388688E-003  -2.9209818262656505E-003  -1.4405520685518600E-003
  0.85999995470046997       -2.0144180802689364E-002  -9.7489114965294780E-003  -6.7681308202821510E-003  -3.3024544758080265E-003  -4.4942141452213582E-003  -2.2164292243100035E-003
  0.87000000476837158       -2.1253697390189830E-002  -1.0285869495537775E-002  -8.2066909217980450E-003  -4.0043881960802790E-003  -5.9342779712709759E-003  -2.9266311518977009E-003
  0.87999999523162842       -2.2220102006337811E-002  -1.0753567495518314E-002  -9.5104724968799095E-003  -4.6405578287951540E-003  -7.2475745144367056E-003  -3.5743147611784973E-003
  0.88999998569488525       -2.3055361885568559E-002  -1.1157797119893736E-002  -1.0691052057464888E-002  -5.2166120389498596E-003  -8.4417355456949776E-003  -4.1632438425902637E-003
  0.89999997615814209       -2.3773709603387171E-002  -1.1505446319101314E-002  -1.1754907066023421E-002  -5.7357114517591554E-003  -9.5241220613958011E-003  -4.6970486475858804E-003
  0.90999996662139893       -2.4381005611735476E-002  -1.1799351298190505E-002  -1.2709759553532715E-002  -6.2016239695346408E-003  -1.0500365745069655E-002  -5.1785065756295365E-003
  0.91999995708465576       -2.4889820094279910E-002  -1.2045595481911094E-002  -1.3561445795619053E-002  -6.6171973555769845E-003  -1.1380111325777762E-002  -5.6123741555961833E-003
  0.93000000715255737       -2.5307362679493781E-002  -1.2247668018349965E-002  -1.4435779328682223E-002  -7.0438213033530307E-003  -1.2168430359461186E-002  -6.0011525466289167E-003
  0.93999999761581421       -2.5640260836460062E-002  -1.2408776315649819E-002  -1.5106578102249222E-002  -7.3711321179570103E-003  -1.2871457006018945E-002  -6.3478669564342692E-003
  0.94999998807907104       -2.5896775348748288E-002  -1.2532918235461220E-002  -1.5695875717945826E-002  -7.6586751043762761E-003  -1.3493719704742538E-002  -6.6547506931862151E-003
  0.95999997854232788       -2.6087514589073251E-002  -1.2625227770957164E-002  -1.6208571916042330E-002  -7.9088410510893218E-003  -1.4043647423530946E-002  -6.9259607040569188E-003
  0.96999996900558472       -2.6214960641355270E-002  -1.2686906143309440E-002  -1.6652589786373285E-002  -8.1254959654445281E-003  -1.4525155101347963E-002  -7.1634277348565237E-003
  0.97999995946884155       -2.6288355633899776E-002  -1.2722426142539657E-002  -1.7032226085170330E-002  -8.3107364147550645E-003  -1.4943304595695539E-002  -7.3696481617108811E-003
  0.98999994993209839       -2.6311771145138739E-002  -1.2733758236356236E-002  -1.7352569079564131E-002  -8.4670451776500139E-003  -1.5302881325349359E-002  -7.5469820283745213E-003
   1.0000000000000000       -2.6288852151012048E-002  -1.2722666435328491E-002  -1.7618410233920957E-002  -8.5967602102597247E-003  -1.5713242289029362E-002  -7.7493613549990629E-003
