 x kt FF(p) FF(Pb) ratio
  0.64999997615814209        9.9999997764825821E-003  0.45466550216972468       0.19026212591284761       0.41846615809840698     
  0.64999997615814209        1.5959594398736954E-002  0.45391963233241056       0.18987727471384275       0.41830593168702923     
  0.64999997615814209        2.1919190883636475E-002  0.45329776471044975       0.18969242232433708       0.41847200028772646     
  0.64999997615814209        2.7878785505890846E-002  0.45240515910902473       0.18944027367782271       0.41874030360509140     
  0.64999997615814209        3.3838383853435516E-002  0.45166079986453972       0.18916461906122156       0.41882009489855010     
  0.64999997615814209        3.9797976613044739E-002  0.45042095628537610       0.18870710001023336       0.41895719410238319     
  0.64999997615814209        4.5757569372653961E-002  0.44898993420721456       0.18823885863313661       0.41924961851430276     
  0.64999997615814209        5.1717169582843781E-002  0.44735380928414442       0.18770850479401294       0.41959742132158012     
  0.64999997615814209        5.7676762342453003E-002  0.44554170181109809       0.18711279337582729       0.41996695845804316     
  0.64999997615814209        6.3636362552642822E-002  0.44352472649421792       0.18645555245072029       0.42039494376003195     
  0.64999997615814209        6.9595955312252045E-002  0.44132887434893803       0.18573626108243796       0.42085680742381026     
  0.64999997615814209        7.5555548071861267E-002  0.43895221322949679       0.18495561411039174       0.42135706014470337     
  0.64999997615814209        8.1515140831470490E-002  0.43638253195442178       0.18411436809361845       0.42191049047959689     
  0.64999997615814209        8.7474741041660309E-002  0.43363500487520834       0.18321276879335618       0.42250456428461358     
  0.64999997615814209        9.3434333801269531E-002  0.43072739125090009       0.18225280628473195       0.42312796907445599     
  0.64999997615814209        9.9393934011459351E-002  0.42763322386327585       0.18123518772331015       0.42380988569133066     
  0.64999997615814209       0.10535352677106857       0.42437178272784554       0.18016025037484554       0.42453399992049978     
  0.64999997615814209       0.11131311953067780       0.42094696143230875       0.17902933297028467       0.42530140225058699     
  0.64999997615814209       0.11727271974086761       0.41736284919214583       0.17784303442031177       0.42611131959767762     
  0.64999997615814209       0.12323231250047684       0.41364132086961108       0.17660343948026297       0.42694825340220854     
  0.64999997615814209       0.12919192016124725       0.40975073117316924       0.17531123877578697       0.42784850749100134     
  0.64999997615814209       0.13515150547027588       0.40571428716264141       0.17396765474542417       0.42879351368684876     
  0.64999997615814209       0.14111110568046570       0.40153671330853119       0.17257393567020488       0.42978370333375521     
  0.64999997615814209       0.14707070589065552       0.39722290815037620       0.17113111212056753       0.43081883901766971     
  0.64999997615814209       0.15303029119968414       0.39278653725254581       0.16964106088700789       0.43189123047243233     
  0.64999997615814209       0.15898989140987396       0.38821507715664644       0.16810487936248039       0.43301996561727912     
  0.64999997615814209       0.16494949162006378       0.38352281625921708       0.16652384487843089       0.43419540590221373     
  0.64999997615814209       0.17090909183025360       0.37871509547543669       0.16489993377347739       0.43541949012215370     
  0.64999997615814209       0.17686867713928223       0.37380931753708829       0.16323392760981026       0.43667698998330789     
  0.64999997615814209       0.18282827734947205       0.36878658450865209       0.16152759160584659       0.43799747168421471     
  0.64999997615814209       0.18878787755966187       0.36365384344081553       0.15978224715244049       0.43938005890605958     
  0.64999997615814209       0.19474746286869049       0.35843929490803650       0.15799985113759873       0.44079946976275636     
  0.64999997615814209       0.20070706307888031       0.35313707804465100       0.15618175072015975       0.44226947672827482     
  0.64999997615814209       0.20666666328907013       0.34777921808979861       0.15432953193069829       0.44375719969227578     
  0.64999997615814209       0.21262624859809875       0.34230816546109921       0.15244470198730151       0.44534345764715833     
  0.64999997615814209       0.21858584880828857       0.33677679938695371       0.15052905777368700       0.44696979734857084     
  0.64999997615814209       0.22454544901847839       0.33118074048743912       0.14858412936510981       0.44864966829417802     
  0.64999997615814209       0.23050503432750702       0.32552574583247718       0.14661153955173967       0.45038385267133141     
  0.64999997615814209       0.23646463453769684       0.31981751595012881       0.14461295084801495       0.45217332896352486     
  0.64999997615814209       0.24242423474788666       0.31406176868525182       0.14258999732881600       0.45401895915487134     
  0.64999997615814209       0.24838383495807648       0.30827728643580160       0.14054436961226527       0.45590244820561399     
  0.64999997615814209       0.25434342026710510       0.30244309824554888       0.13847762941035582       0.45786341369221123     
  0.64999997615814209       0.26030299067497253       0.29657829975345890       0.13639143914408081       0.45988340771209818     
  0.64999997615814209       0.26626259088516235       0.29068836285173638       0.13428749993669475       0.46196379730958537     
  0.64999997615814209       0.27222219109535217       0.28477876373525784       0.13216742065133791       0.46410560576141213     
  0.64999997615814209       0.27818179130554199       0.27885487384133983       0.13003286201754244       0.46631016423090127     
  0.64999997615814209       0.28414139151573181       0.27292198103820575       0.12788538694022536       0.46857855293935802     
  0.64999997615814209       0.29010099172592163       0.26698528232693591       0.12572663038585208       0.47091221392456367     
  0.64999997615814209       0.29606056213378906       0.26106047327562681       0.12355828095889961       0.47329371393748743     
  0.64999997615814209       0.30202016234397888       0.25512078868484955       0.12138173280002092       0.47578142661656492     
  0.64999997615814209       0.30797976255416870       0.24921285327443804       0.11919863861233826       0.47830052521839395     
  0.64999997615814209       0.31393936276435852       0.24331058399292699       0.11701066815627337       0.48091072010116442     
  0.64999997615814209       0.31989896297454834       0.23743289676123680       0.11481909094327364       0.48358543617793637     
  0.64999997615814209       0.32585856318473816       0.23158255700392461       0.11262533280923767       0.48632908396174684     
  0.64999997615814209       0.33181816339492798       0.22574804894841682       0.11043126076846227       0.48917924776260496     
  0.64999997615814209       0.33777773380279541       0.21995266860116941       0.10823814195575304       0.49209742552392738     
  0.64999997615814209       0.34373733401298523       0.21419130775254064       0.10604750157416230       0.49510646667642105     
  0.64999997615814209       0.34969693422317505       0.20848267265210893       0.10386050043880508       0.49817329717426984     
  0.64999997615814209       0.35565653443336487       0.20282012449103534       0.10167909045299121       0.50132643744376282     
  0.64999997615814209       0.36161613464355469       0.19720673148964707        9.9502997659547468E-002  0.50456187224405757     
  0.64999997615814209       0.36757573485374451       0.19163510279232454        9.7335440034691523E-002  0.50792072337693894     
  0.64999997615814209       0.37353530526161194       0.18612985181681149        9.5176948097814199E-002  0.51134703632326051     
  0.64999997615814209       0.37949490547180176       0.18067538726952362        9.3028733549795212E-002  0.51489433594526646     
  0.64999997615814209       0.38545450568199158       0.17529173084825361        9.0892005759547936E-002  0.51851850238292896     
  0.64999997615814209       0.39141410589218140       0.16997323394306871        8.8767462301369060E-002  0.52224376886952140     
  0.64999997615814209       0.39737370610237122       0.16471480700379176        8.6657114953260173E-002  0.52610397650082130     
  0.64999997615814209       0.40333330631256104       0.15953480345771714        8.4561635955173062E-002  0.53005133752889944     
  0.64999997615814209       0.40929290652275085       0.15442768192830200        8.2482076764656354E-002  0.53411458188533389     
  0.64999997615814209       0.41525247693061829       0.14938843687853284        8.0419460841561513E-002  0.53832453516432643     
  0.64999997615814209       0.42121207714080811       0.14443381321153340        7.8374168499285121E-002  0.54263033535298744     
  0.64999997615814209       0.42717167735099792       0.13955836469624466        7.6348255978841068E-002  0.54707043999130134     
  0.64999997615814209       0.43313127756118774       0.13475296124288452        7.4342084086967547E-002  0.55169165412973886     
  0.64999997615814209       0.43909087777137756       0.13004125165740144        7.2355590828586946E-002  0.55640490926072039     
  0.64999997615814209       0.44505047798156738       0.12540725276234888        7.0392345687111030E-002  0.56131000509601292     
  0.64999997615814209       0.45101004838943481       0.12086513750927953        6.8448825099990465E-002  0.56632397489090058     
  0.64999997615814209       0.45696964859962463       0.11640957342986259        6.6529692986789901E-002  0.57151393160008790     
  0.64999997615814209       0.46292924880981445       0.11204161825768576        6.4634185780828246E-002  0.57687658198737690     
  0.64999997615814209       0.46888884902000427       0.10775635109963801        6.2762958914818145E-002  0.58245252622542620     
  0.64999997615814209       0.47484844923019409       0.10356625746917371        6.0916627975946283E-002  0.58818991305230850     
  0.64999997615814209       0.48080804944038391        9.9466036100263056E-002   5.9095768910734391E-002  0.59413012951642197     
  0.64999997615814209       0.48676764965057373        9.5450764109018732E-002   5.7300277021135181E-002  0.60031239724482333     
  0.64999997615814209       0.49272722005844116        9.1531733069215290E-002   5.5531916586167615E-002  0.60669578433716520     
  0.64999997615814209       0.49868682026863098        8.7703626789466013E-002   5.3790513688967374E-002  0.61332142874880624     
  0.64999997615814209       0.50464642047882080        8.3966574997768828E-002   5.2076497778821035E-002  0.62020509685198921     
  0.64999997615814209       0.51060599088668823        8.0315656610441738E-002   5.0390259994648495E-002  0.62740270230321848     
  0.64999997615814209       0.51656562089920044        7.6752993418249246E-002   4.8730406061159269E-002  0.63489909501787378     
  0.64999997615814209       0.52252519130706787        7.3288870704243406E-002   4.7100654088256450E-002  0.64267130378268111     
  0.64999997615814209       0.52848482131958008        6.9910615260021070E-002   4.5499586766271631E-002  0.65082515147439879     
  0.64999997615814209       0.53444439172744751        6.6626867604969400E-002   4.3928587508135969E-002  0.65932241882641851     
  0.64999997615814209       0.54040402173995972        6.3432484480333798E-002   4.2385626592248420E-002  0.66820063788277739     
  0.64999997615814209       0.54636359214782715        6.0326907556054694E-002   4.0870157001274089E-002  0.67747807167636209     
  0.64999997615814209       0.55232316255569458        5.7305339059366148E-002   3.9385921663766477E-002  0.68729933912377972     
  0.64999997615814209       0.55828279256820679        5.4375153852026660E-002   3.7931220821690835E-002  0.69758369649701824     
  0.64999997615814209       0.56424236297607422        5.1531401356049861E-002   3.6506155123813104E-002  0.70842542921699969     
  0.64999997615814209       0.57020199298858643        4.8769324339836925E-002   3.5110736722886525E-002  0.71993486065597456     
  0.64999997615814209       0.57616156339645386        4.6095557461876838E-002   3.3743253190671112E-002  0.73202831354362830     
  0.64999997615814209       0.58212113380432129        4.3505159295103284E-002   3.2408217323423055E-002  0.74492813837532035     
  0.64999997615814209       0.58808076381683350        4.0996967172194441E-002   3.1101724192319248E-002  0.75863475611955777     
  0.64999997615814209       0.59404033422470093        3.8569836619179051E-002   2.9824780437445072E-002  0.77326696329884226     
  0.64999997615814209       0.59999996423721313        3.6219146273385468E-002   2.8577261136397258E-002  0.78900979389998449     
  0.52499997615814209        9.9999997764825821E-003  0.74076052747661081       0.32556893986422536       0.43950632868259176     
  0.52499997615814209        1.5959594398736954E-002  0.74029418636404698       0.32560605853732272       0.43983333184951251     
  0.52499997615814209        2.1919190883636475E-002  0.73911296864755160       0.32506671739340431       0.43980653997753544     
  0.52499997615814209        2.7878785505890846E-002  0.73780580577767085       0.32459794289380245       0.43995037766294870     
  0.52499997615814209        3.3838383853435516E-002  0.73625678414440709       0.32405116540626921       0.44013335073420640     
  0.52499997615814209        3.9797976613044739E-002  0.73422377544243811       0.32329054174589417       0.44031608967045716     
  0.52499997615814209        4.5757569372653961E-002  0.73185003799718429       0.32248125131994587       0.44063842942806075     
  0.52499997615814209        5.1717169582843781E-002  0.72918413661734816       0.32156018497175498       0.44098625960715215     
  0.52499997615814209        5.7676762342453003E-002  0.72617979594689241       0.32053063555315270       0.44139294062182088     
  0.52499997615814209        6.3636362552642822E-002  0.72286998337588415       0.31939244421138363       0.44183940619554429     
  0.52499997615814209        6.9595955312252045E-002  0.71925193905479967       0.31814673025800061       0.44233002788437542     
  0.52499997615814209        7.5555548071861267E-002  0.71531895554817704       0.31679261999468894       0.44286904119843756     
  0.52499997615814209        8.1515140831470490E-002  0.71111323651787839       0.31533564959223342       0.44343943186368384     
  0.52499997615814209        8.7474741041660309E-002  0.70659154751892694       0.31377514086761127       0.44406863055378737     
  0.52499997615814209        9.3434333801269531E-002  0.70178208522227048       0.31211260900267473       0.44474291318482645     
  0.52499997615814209        9.9393934011459351E-002  0.69669683818219508       0.31034965678725673       0.44545868414878087     
  0.52499997615814209       0.10535352677106857       0.69132970290061302       0.30848662956758399       0.44622215460042614     
  0.52499997615814209       0.11131311953067780       0.68569331007907952       0.30652804000129008       0.44703373285928494     
  0.52499997615814209       0.11727271974086761       0.67980552971741781       0.30447439884714605       0.44788455747588618     
  0.52499997615814209       0.12323231250047684       0.67365074580148265       0.30232842780570274       0.44879105336104763     
  0.52499997615814209       0.12919192016124725       0.66724806837976414       0.30009061396043557       0.44974369830567879     
  0.52499997615814209       0.13515150547027588       0.66060517384331296       0.29776385658050147       0.45074405767691916     
  0.52499997615814209       0.14111110568046570       0.65372990264932140       0.29534922430600163       0.45179090494264118     
  0.52499997615814209       0.14707070589065552       0.64664435821307287       0.29285120865996861       0.45287831702302200     
  0.52499997615814209       0.15303029119968414       0.63932824623548734       0.29027100958707713       0.45402500405114277     
  0.52499997615814209       0.15898989140987396       0.63180473962989470       0.28761099702813780       0.45522133499127854     
  0.52499997615814209       0.16494949162006378       0.62408253440928374       0.28487283263794672       0.45646660005889922     
  0.52499997615814209       0.17090909183025360       0.61617777850314959       0.28206060388621795       0.45775848095563254     
  0.52499997615814209       0.17686867713928223       0.60808453653835237       0.27917606468747341       0.45910732457816011     
  0.52499997615814209       0.18282827734947205       0.59981951950515344       0.27622122543464134       0.46050723001232396     
  0.52499997615814209       0.18878787755966187       0.59139195717932025       0.27319988665755740       0.46196077464529750     
  0.52499997615814209       0.19474746286869049       0.58281117172596986       0.27011415583620063       0.46346770436172208     
  0.52499997615814209       0.20070706307888031       0.57408649516538768       0.26696632835663420       0.46502805867210706     
  0.52499997615814209       0.20666666328907013       0.56522737941044254       0.26375997712256211       0.46664402102685748     
  0.52499997615814209       0.21262624859809875       0.55624331746366273       0.26049747623077402       0.46831569576166876     
  0.52499997615814209       0.21858584880828857       0.54714375854194974       0.25718227824523782       0.47004516496832072     
  0.52499997615814209       0.22454544901847839       0.53793822492918453       0.25381493859175491       0.47182915589455965     
  0.52499997615814209       0.23050503432750702       0.52864932996310210       0.25040132301499957       0.47366242388404561     
  0.52499997615814209       0.23646463453769684       0.51925982163563456       0.24694236463297178       0.47556609301123942     
  0.52499997615814209       0.24242423474788666       0.50979274109328687       0.24344141508958364       0.47753017151147775     
  0.52499997615814209       0.24838383495807648       0.50025745407888966       0.23990105026782776       0.47955517366463035     
  0.52499997615814209       0.25434342026710510       0.49066327909480772       0.23632473104734641       0.48164340213786999     
  0.52499997615814209       0.26030299067497253       0.48101942556675070       0.23271501990142096       0.48379547172596937     
  0.52499997615814209       0.26626259088516235       0.47133493095432022       0.22907456370415574       0.48601227844569972     
  0.52499997615814209       0.27222219109535217       0.46156425875122126       0.22540659753086245       0.48835366529615643     
  0.52499997615814209       0.27818179130554199       0.45182565071778846       0.22171376228029022       0.49070645265063367     
  0.52499997615814209       0.28414139151573181       0.44207305099447181       0.21799914496862086       0.49312923390877988     
  0.52499997615814209       0.29010099172592163       0.43237844128200409       0.21426463724983985       0.49554884516106817     
  0.52499997615814209       0.29606056213378906       0.42256918618065925       0.21051402175124267       0.49817646112332120     
  0.52499997615814209       0.30202016234397888       0.41282513156455242       0.20674977218320137       0.50081682624225710     
  0.52499997615814209       0.30797976255416870       0.40310040079783122       0.20297421167695079       0.50353264664390496     
  0.52499997615814209       0.31393936276435852       0.39346439192058080       0.19919046879328600       0.50624776443173491     
  0.52499997615814209       0.31989896297454834       0.38373265456775296       0.19540097320812980       0.50921122005692954     
  0.52499997615814209       0.32585856318473816       0.37411770430559105       0.19160836715039953       0.51216065143468270     
  0.52499997615814209       0.33181816339492798       0.36455202656652480       0.18781528498691749       0.51519473573038621     
  0.52499997615814209       0.33777773380279541       0.35503198011044684       0.18402405010505030       0.51833091218374827     
  0.52499997615814209       0.34373733401298523       0.34558587438685706       0.18023751841398317       0.52154191410098261     
  0.52499997615814209       0.34969693422317505       0.33620939076043682       0.17645765764013588       0.52484452394689152     
  0.52499997615814209       0.35565653443336487       0.32689903253277836       0.17268685512707221       0.52825746772363669     
  0.52499997615814209       0.36161613464355469       0.31768064758821152       0.16892768143898954       0.53175313863612916     
  0.52499997615814209       0.36757573485374451       0.30854089565923776       0.16518252564476416       0.53536671465165164     
  0.52499997615814209       0.37353530526161194       0.29950384531358160       0.16145338250706903       0.53906948118821907     
  0.52499997615814209       0.37949490547180176       0.29056535993103921       0.15774240548925766       0.54288097358437759     
  0.52499997615814209       0.38545450568199158       0.28173050979285735       0.15405115160818708       0.54680322596744435     
  0.52499997615814209       0.39141410589218140       0.27299587691846616       0.15038326652086231       0.55086277572527687     
  0.52499997615814209       0.39737370610237122       0.26437765708659894       0.14673805803852244       0.55503199345796927     
  0.52499997615814209       0.40333330631256104       0.25587527012027733       0.14312047048585891       0.55933686134882576     
  0.52499997615814209       0.40929290652275085       0.24749986831546195       0.13952960803616343       0.56375629201676902     
  0.52499997615814209       0.41525247693061829       0.23924935284080173       0.13596910688523825       0.56831546363978291     
  0.52499997615814209       0.42121207714080811       0.23112245584745336       0.13244000111486401       0.57302956836992824     
  0.52499997615814209       0.42717167735099792       0.22313178949802723       0.12894393048669214       0.57788238411377135     
  0.52499997615814209       0.43313127756118774       0.21527552890902113       0.12548195719232472       0.58289001926157336     
  0.52499997615814209       0.43909087777137756       0.20755225495662616       0.12205650371921230       0.58807601846927371     
  0.52499997615814209       0.44505047798156738       0.19997269217209879       0.11866854036627261       0.59342372739646421     
  0.52499997615814209       0.45101004838943481       0.19253484027330539       0.11531942833930038       0.59895356173253189     
  0.52499997615814209       0.45696964859962463       0.18524055403690051       0.11201040884773138       0.60467541478751219     
  0.52499997615814209       0.46292924880981445       0.17808808682304411       0.10874210925640787       0.61060855443103645     
  0.52499997615814209       0.46888884902000427       0.17108595440989074       0.10551682259295138       0.61674742942458216     
  0.52499997615814209       0.47484844923019409       0.16422681473861184       0.10233505462478071       0.62313243295657994     
  0.52499997615814209       0.48080804944038391       0.15751898806837289        9.9196849011952845E-002  0.62974534199581922     
  0.52499997615814209       0.48676764965057373       0.15096382780084930        9.6105993702699136E-002  0.63661603645531339     
  0.52499997615814209       0.49272722005844116       0.14455901937884896        9.3058908386083342E-002  0.64374335676836492     
  0.52499997615814209       0.49868682026863098       0.13830485992215802        9.0060439208704435E-002  0.65117335182142588     
  0.52499997615814209       0.50464642047882080       0.13219923938050596        8.7109800678750737E-002  0.65892815334606158     
  0.52499997615814209       0.51060599088668823       0.12624685902803359        8.4207667678757203E-002  0.66700802164162021     
  0.52499997615814209       0.51656562089920044       0.12044500957471999        8.1355666549977113E-002  0.67545900687157012     
  0.52499997615814209       0.52252519130706787       0.11479148310354187        7.8552262964496689E-002  0.68430392953144947     
  0.52499997615814209       0.52848482131958008       0.10928953640453229        7.5797164637260411E-002  0.69354457097063016     
  0.52499997615814209       0.53444439172744751       0.10393652288393797        7.3094305229437898E-002  0.70325909700731071     
  0.52499997615814209       0.54040402173995972        9.8731438921415351E-002   7.0442263872344396E-002  0.71347348566865776     
  0.52499997615814209       0.54636359214782715        9.3671864383494799E-002   6.7841381731069031E-002  0.72424502466743734     
  0.52499997615814209       0.55232316255569458        8.8759593139395354E-002   6.5291862260916753E-002  0.73560344241750919     
  0.52499997615814209       0.55828279256820679        8.3989785604020539E-002   6.2792236280601099E-002  0.74761753264429420     
  0.52499997615814209       0.56424236297607422        7.9364000203500609E-002   6.0345890164086903E-002  0.76036855513017787     
  0.52499997615814209       0.57020199298858643        7.4880647565268285E-002   5.7952243341493438E-002  0.77392818072226832     
  0.52499997615814209       0.57616156339645386        7.0537024222398881E-002   5.5609371463691687E-002  0.78837138476892321     
  0.52499997615814209       0.58212113380432129        6.6331284649551736E-002   5.3318199570929405E-002  0.80381677895469084     
  0.52499997615814209       0.58808076381683350        6.2260821807495627E-002   5.1077021516157763E-002  0.82037178490966467     
  0.52499997615814209       0.59404033422470093        5.8325132737215721E-002   4.8888947950530240E-002  0.83821408809817410     
  0.52499997615814209       0.59999996423721313        5.4521319073976816E-002   4.6752161859375911E-002  0.85750239820758212     
  0.40000000596046448        9.9999997764825821E-003   1.3666421777754660       0.65509179213303970       0.47934404688091570     
  0.40000000596046448        1.5959594398736954E-002   1.3651716442529598       0.65443537176362432       0.47937955239448304     
  0.40000000596046448        2.1919190883636475E-002   1.3632451024781636       0.65376775290106437       0.47956728523184733     
  0.40000000596046448        2.7878785505890846E-002   1.3606808490878808       0.65280210820965789       0.47976136994009833     
  0.40000000596046448        3.3838383853435516E-002   1.3575949087047381       0.65162176978609898       0.47998247902078683     
  0.40000000596046448        3.9797976613044739E-002   1.3538177738370269       0.65020237903331579       0.48027318860683488     
  0.40000000596046448        4.5757569372653961E-002   1.3494408886321807       0.64857425692311588       0.48062442926308779     
  0.40000000596046448        5.1717169582843781E-002   1.3444622599324170       0.64671768930481899       0.48102331212876737     
  0.40000000596046448        5.7676762342453003E-002   1.3389046115933150       0.64464599861518357       0.48147268523337589     
  0.40000000596046448        6.3636362552642822E-002   1.3327663968829027       0.64235258086554581       0.48196937015210711     
  0.40000000596046448        6.9595955312252045E-002   1.3260554808754941       0.63984541086967428       0.48251782832437207     
  0.40000000596046448        7.5555548071861267E-002   1.3187803796302020       0.63712043470282187       0.48311337091735945     
  0.40000000596046448        8.1515140831470490E-002   1.3109502821651133       0.63419117685331738       0.48376447641165499     
  0.40000000596046448        8.7474741041660309E-002   1.3025676749994117       0.63104486880574706       0.48446225168763846     
  0.40000000596046448        9.3434333801269531E-002   1.2936581947541017       0.62769836933365331       0.48521191446011447     
  0.40000000596046448        9.9393934011459351E-002   1.2842250615803528       0.62414959637661127       0.48601262741948043     
  0.40000000596046448       0.10535352677106857        1.2742799915401823       0.62039790418694440       0.48686152831850471     
  0.40000000596046448       0.11131311953067780        1.2638352344857187       0.61645541789682634       0.48776565257549187     
  0.40000000596046448       0.11727271974086761        1.2529035832781599       0.61232149446293849       0.48872195964260057     
  0.40000000596046448       0.12323231250047684        1.2414983928506824       0.60799658517914601       0.48972804852617396     
  0.40000000596046448       0.12919192016124725        1.2296334407616283       0.60349204588831351       0.49079020290348790     
  0.40000000596046448       0.13515150547027588        1.2173230911049511       0.59880841285981168       0.49190590175717419     
  0.40000000596046448       0.14111110568046570        1.2045819947157876       0.59395007255650123       0.49307566870666986     
  0.40000000596046448       0.14707070589065552        1.1914253197609332       0.58892158930791916       0.49430004511410741     
  0.40000000596046448       0.15303029119968414        1.1778686192900956       0.58372492590876446       0.49557727945972191     
  0.40000000596046448       0.15898989140987396        1.1639276943582788       0.57837047667239738       0.49691272015937105     
  0.40000000596046448       0.16494949162006378        1.1496187681737735       0.57286029266044147       0.49830457584687704     
  0.40000000596046448       0.17090909183025360        1.1349546466039140       0.56719698463611767       0.49975299571072890     
  0.40000000596046448       0.17686867713928223        1.1199595831440505       0.56139068037289086       0.50125976760420654     
  0.40000000596046448       0.18282827734947205        1.1046466549330298       0.55544403439374945       0.50282507253636122     
  0.40000000596046448       0.18878787755966187        1.0890278131368432       0.54936021745421448       0.50445012590801841     
  0.40000000596046448       0.19474746286869049        1.0731310897010935       0.54314908533891904       0.50613488934535111     
  0.40000000596046448       0.20070706307888031        1.0569684351048581       0.53681381093739089       0.50788064535166133     
  0.40000000596046448       0.20666666328907013        1.0405574493922904       0.53035995149035253       0.50968829428888807     
  0.40000000596046448       0.21262624859809875        1.0239204152027908       0.52379125941260607       0.51155465955707846     
  0.40000000596046448       0.21858584880828857        1.0070655596166918       0.51711715205155528       0.51348906445413534     
  0.40000000596046448       0.22454544901847839       0.99001536081952712       0.51034413214899976       0.51549112503319217     
  0.40000000596046448       0.23050503432750702       0.97278752108297006       0.50346802345864072       0.51755189344755115     
  0.40000000596046448       0.23646463453769684       0.95539299111585985       0.49650619889526432       0.51968792267919550     
  0.40000000596046448       0.24242423474788666       0.93786267600225659       0.48946242574118498       0.52189135815445042     
  0.40000000596046448       0.24838383495807648       0.92020723025534501       0.48233350641079514       0.52415748382780492     
  0.40000000596046448       0.25434342026710510       0.90244398674988602       0.47513577939194612       0.52649891446795227     
  0.40000000596046448       0.26030299067497253       0.88459007262171652       0.46787319824922818       0.52891527129912530     
  0.40000000596046448       0.26626259088516235       0.86666229201103473       0.46054403120206983       0.53139964141442764     
  0.40000000596046448       0.27222219109535217       0.84867746008710621       0.45316204382514924       0.53396262436219033     
  0.40000000596046448       0.27818179130554199       0.83065206557898097       0.44573182632228786       0.53660472873393017     
  0.40000000596046448       0.28414139151573181       0.81260233674120463       0.43825574981018439       0.53932376267551752     
  0.40000000596046448       0.29010099172592163       0.79454421902892225       0.43073973318379077       0.54212178865291250     
  0.40000000596046448       0.29606056213378906       0.77649344419660082       0.42319223598500944       0.54500426133393232     
  0.40000000596046448       0.30202016234397888       0.75846041162951527       0.41561702485261404       0.54797457913417136     
  0.40000000596046448       0.30797976255416870       0.74046978267353492       0.40801988717380638       0.55102841023520599     
  0.40000000596046448       0.31393936276435852       0.72253130544767918       0.40040545555194407       0.55417039031112092     
  0.40000000596046448       0.31989896297454834       0.70466264228708397       0.39278026637317187       0.55740185842454626     
  0.40000000596046448       0.32585856318473816       0.68686781857401147       0.38514980288871231       0.56073351010724581     
  0.40000000596046448       0.33181816339492798       0.66916683594269455       0.37751715122278007       0.56415998364735087     
  0.40000000596046448       0.33777773380279541       0.65158222828648271       0.36988919132912901       0.56767845295881669     
  0.40000000596046448       0.34373733401298523       0.63410714050183492       0.36227103017842349       0.57130886413251991     
  0.40000000596046448       0.34969693422317505       0.61676918052401997       0.35466576413504403       0.57503807799493578     
  0.40000000596046448       0.35565653443336487       0.59956863514251724       0.34707971943225141       0.57888238158046856     
  0.40000000596046448       0.36161613464355469       0.58252250661650506       0.33951749025067013       0.58284012444893629     
  0.40000000596046448       0.36757573485374451       0.56564663585837516       0.33198309386136360       0.58690898666368885     
  0.40000000596046448       0.37353530526161194       0.54894095715535440       0.32448116965693002       0.59110395285207229     
  0.40000000596046448       0.37949490547180176       0.53242522180016016       0.31701596147960698       0.59541875271753253     
  0.40000000596046448       0.38545450568199158       0.51609893642997151       0.30959052179042534       0.59986661459131507     
  0.40000000596046448       0.39141410589218140       0.49997592403649438       0.30221204840879018       0.60445320240406419     
  0.40000000596046448       0.39737370610237122       0.48407209287902381       0.29488113898861606       0.60916781472529724     
  0.40000000596046448       0.40333330631256104       0.46837671695287636       0.28760370108343802       0.61404354801089311     
  0.40000000596046448       0.40929290652275085       0.45291124419551659       0.28038271540810139       0.61906768489736008     
  0.40000000596046448       0.41525247693061829       0.43768676932496114       0.27322141129418342       0.62423959425497233     
  0.40000000596046448       0.42121207714080811       0.42269409220896809       0.26612384877237238       0.62958970488948363     
  0.40000000596046448       0.42717167735099792       0.40794724297217844       0.25909296069189264       0.63511389071837043     
  0.40000000596046448       0.43313127756118774       0.39345692795359055       0.25213187860322611       0.64081189245946091     
  0.40000000596046448       0.43909087777137756       0.37921716859215632       0.24524359430233542       0.64671015611661842     
  0.40000000596046448       0.44505047798156738       0.36524308403519207       0.23843095919856452       0.65280075002211713     
  0.40000000596046448       0.45101004838943481       0.35152828552492743       0.23169648018023034       0.65911191139069913     
  0.40000000596046448       0.45696964859962463       0.33808145665289202       0.22504315198750413       0.66564772352645107     
  0.40000000596046448       0.46292924880981445       0.32490574218125329       0.21847318148731654       0.67242019183963253     
  0.40000000596046448       0.46888884902000427       0.31201589756531040       0.21198885700402662       0.67941684593059437     
  0.40000000596046448       0.47484844923019409       0.29938223314227946       0.20559232683768885       0.68672186949712022     
  0.40000000596046448       0.48080804944038391       0.28704092052739139       0.19928560000144752       0.69427592287292128     
  0.40000000596046448       0.48676764965057373       0.27497574465751373       0.19307040414805499       0.70213612618279098     
  0.40000000596046448       0.49272722005844116       0.26318635351263425       0.18694880376482240       0.71032863698933357     
  0.40000000596046448       0.49868682026863098       0.25167765084597959       0.18092217700854382       0.71886469219813109     
  0.40000000596046448       0.50464642047882080       0.24044992854102612       0.17499201800698996       0.72776905806870484     
  0.40000000596046448       0.51060599088668823       0.22950689818682340       0.16915968630746769       0.73705708910661227     
  0.40000000596046448       0.51656562089920044       0.21884022834795944       0.16342608526627533       0.74678264823606955     
  0.40000000596046448       0.52252519130706787       0.20845323501084184       0.15779285274993343       0.75697003570957522     
  0.40000000596046448       0.52848482131958008       0.19834457941212943       0.15226057675115132       0.76765685859645971     
  0.40000000596046448       0.53444439172744751       0.18843247980501004       0.14683018819368748       0.77921910461310795     
  0.40000000596046448       0.54040402173995972       0.17887876178437509       0.14150227689878173       0.79105129914389771     
  0.40000000596046448       0.54636359214782715       0.16959556260020764       0.13627756666269189       0.80354441220813544     
  0.40000000596046448       0.55232316255569458       0.16058719846543881       0.13115633761604900       0.81672971986167475     
  0.40000000596046448       0.55828279256820679       0.15184504526505699       0.12613904249776003       0.83070897886443917     
  0.40000000596046448       0.56424236297607422       0.14336861012764940       0.12122595662076616       0.84555438260042870     
  0.40000000596046448       0.57020199298858643       0.13515523455550896       0.11641711205589807       0.86135851444277545     
  0.40000000596046448       0.57616156339645386       0.12720090106710763       0.11171263060807293       0.87823773000740368     
  0.40000000596046448       0.58212113380432129       0.11950259580621962       0.10711246670496022       0.89631916346527973     
  0.40000000596046448       0.58808076381683350       0.11205665768901245       0.10261626474574441       0.91575339530947208     
  0.40000000596046448       0.59404033422470093       0.10486014913342348        9.8223827403936106E-002  0.93671264265470999     
  0.40000000596046448       0.59999996423721313        9.7907692643122074E-002   9.3934842991356723E-002  0.95942249741042751     
  0.27500000596046448        9.9999997764825821E-003   2.4896151273423097        1.3565404358507844       0.54487957634596540     
  0.27500000596046448        1.5959594398736954E-002   2.4876661434041463        1.3553981768303061       0.54484729810872701     
  0.27500000596046448        2.1919190883636475E-002   2.4845319576531608        1.3539714368467808       0.54496036272590964     
  0.27500000596046448        2.7878785505890846E-002   2.4790800882686117        1.3519102861919277       0.54532739486286674     
  0.27500000596046448        3.3838383853435516E-002   2.4731124718769304        1.3492813789160092       0.54558027354574501     
  0.27500000596046448        3.9797976613044739E-002   2.4663833130919244        1.3467592035898721       0.54604618691712548     
  0.27500000596046448        4.5757569372653961E-002   2.4586796780983926        1.3434964610178075       0.54643005064283234     
  0.27500000596046448        5.1717169582843781E-002   2.4498635780497442        1.3397716005188076       0.54687600261617653     
  0.27500000596046448        5.7676762342453003E-002   2.4400725903134153        1.3356232715819973       0.54737030237712847     
  0.27500000596046448        6.3636362552642822E-002   2.4292822065513162        1.3310365351745517       0.54791350777813996     
  0.27500000596046448        6.9595955312252045E-002   2.4174459187100692        1.3260159589994875       0.54851938930118427     
  0.27500000596046448        7.5555548071861267E-002   2.4045725123597230        1.3205664472652980       0.54918969608005808     
  0.27500000596046448        8.1515140831470490E-002   2.3908173133552237        1.3146932768084088       0.54989282094640490     
  0.27500000596046448        8.7474741041660309E-002   2.3759485753980734        1.3083924475821509       0.55068214065320797     
  0.27500000596046448        9.3434333801269531E-002   2.3602765976800399        1.3016901223467863       0.55149897415677551     
  0.27500000596046448        9.9393934011459351E-002   2.3435959375968021        1.2945820507562580       0.55239131882254566     
  0.27500000596046448       0.10535352677106857        2.3260395131060361        1.2870750025835225       0.55333324964237152     
  0.27500000596046448       0.11131311953067780        2.3075733399523095        1.2791685733231590       0.55433495923019960     
  0.27500000596046448       0.11727271974086761        2.2882477350031980        1.2708857416552291       0.55539691888013731     
  0.27500000596046448       0.12323231250047684        2.2680497731018887        1.2622361723891899       0.55652930872980710     
  0.27500000596046448       0.12919192016124725        2.2471316469722327        1.2532070844518937       0.55769188518191848     
  0.27500000596046448       0.13515150547027588        2.2254187432994574        1.2438177479589805       0.55891402537343038     
  0.27500000596046448       0.14111110568046570        2.2028599370367941        1.2340767464453504       0.56021571126550374     
  0.27500000596046448       0.14707070589065552        2.1796418045414105        1.2239930213876022       0.56155695804574013     
  0.27500000596046448       0.15303029119968414        2.1556667289574065        1.2135640843964832       0.56296461233756034     
  0.27500000596046448       0.15898989140987396        2.1310503762799629        1.2028304685577909       0.56443079992200573     
  0.27500000596046448       0.16494949162006378        2.1057146178032853        1.1917748960310981       0.56597170668567442     
  0.27500000596046448       0.17090909183025360        2.0798150776458137        1.1804147390775979       0.56755754478601728     
  0.27500000596046448       0.17686867713928223        2.0532819750328239        1.1687601193357300       0.56921559413048761     
  0.27500000596046448       0.18282827734947205        2.0262149746759390        1.1568124602930761       0.57092286591065677     
  0.27500000596046448       0.18878787755966187        1.9985589911479891        1.1446056623222955       0.57271547519586818     
  0.27500000596046448       0.19474746286869049        1.9704458528935074        1.1321301479638486       0.57455532020906264     
  0.27500000596046448       0.20070706307888031        1.9418538524345801        1.1194022213713113       0.57646059200998667     
  0.27500000596046448       0.20666666328907013        1.9127462281322150        1.1064328091861371       0.57845248518229309     
  0.27500000596046448       0.21262624859809875        1.8832931021990289        1.0932365718824082       0.58049199596488166     
  0.27500000596046448       0.21858584880828857        1.8534536485057562        1.0798170795794768       0.58259729367929924     
  0.27500000596046448       0.22454544901847839        1.8232015364102332        1.0661841891416453       0.58478679830475211     
  0.27500000596046448       0.23050503432750702        1.7926858735031885        1.0523600299804130       0.58702980010878147     
  0.27500000596046448       0.23646463453769684        1.7618765595130768        1.0383450624373587       0.58934041481562260     
  0.27500000596046448       0.24242423474788666        1.7308044208726667        1.0241688692332447       0.59172998224540108     
  0.27500000596046448       0.24838383495807648        1.6995000124734216        1.0098217592506515       0.59418755624542485     
  0.27500000596046448       0.25434342026710510        1.6679505480612020       0.99531936093441697       0.59673193674198532     
  0.27500000596046448       0.26030299067497253        1.6362748324888112       0.98068102333360996       0.59933759528768882     
  0.27500000596046448       0.26626259088516235        1.6044329045920531       0.96591830618426011       0.60203097519360382     
  0.27500000596046448       0.27222219109535217        1.5725253015650522       0.95103118288483057       0.60477957457238940     
  0.27500000596046448       0.27818179130554199        1.5404550384346931       0.93604026592414658       0.60763880968268169     
  0.27500000596046448       0.28414139151573181        1.5083871790926890       0.92095166765947234       0.61055389519648040     
  0.27500000596046448       0.29010099172592163        1.4762914554849804       0.90578220522203678       0.61355242683056499     
  0.27500000596046448       0.29606056213378906        1.4441954841093827       0.89054265082090500       0.61663580908514715     
  0.27500000596046448       0.30202016234397888        1.4120997797214470       0.87523708646992637       0.61981249415857642     
  0.27500000596046448       0.30797976255416870        1.3800845090550622       0.85988173482483110       0.62306455089013957     
  0.27500000596046448       0.31393936276435852        1.3481475835373642       0.84448471763840682       0.62640376168801093     
  0.27500000596046448       0.31989896297454834        1.3163140164577560       0.82905962407146383       0.62983422929924449     
  0.27500000596046448       0.32585856318473816        1.2846030406563473       0.81361619593774503       0.63336001098210137     
  0.27500000596046448       0.33181816339492798        1.2530365030806281       0.79816183703189292       0.63698211111135861     
  0.27500000596046448       0.33777773380279541        1.2216708097228555       0.78270912562648920       0.64068742528443667     
  0.27500000596046448       0.34373733401298523        1.1904761669336703       0.76726685934860372       0.64450417459835929     
  0.27500000596046448       0.34969693422317505        1.1595009397728722       0.75184610078075209       0.64842215731884345     
  0.27500000596046448       0.35565653443336487        1.1287655882743008       0.73645491644353689       0.65244274284571058     
  0.27500000596046448       0.36161613464355469        1.0983070611712611       0.72110310183565540       0.65655874147495119     
  0.27500000596046448       0.36757573485374451        1.0681076471130144       0.70579923679392775       0.66079410507136693     
  0.27500000596046448       0.37353530526161194        1.0382048611415875       0.69055427436237249       0.66514259392221875     
  0.27500000596046448       0.37949490547180176        1.0086155959315393       0.67537449742172451       0.66960544745291262     
  0.27500000596046448       0.38545450568199158       0.97935635533908583       0.66026942997594829       0.67418710909099167     
  0.27500000596046448       0.39141410589218140       0.95045218735652082       0.64524672001508421       0.67888393398272850     
  0.27500000596046448       0.39737370610237122       0.92189703415520763       0.63031478886009040       0.68371495460736309     
  0.27500000596046448       0.40333330631256104       0.89371595276531934       0.61548074471420378       0.68867601927636479     
  0.27500000596046448       0.40929290652275085       0.86592823656878448       0.60075225961928735       0.69376679758099902     
  0.27500000596046448       0.41525247693061829       0.83853203025164524       0.58613657127313046       0.69900319859842397     
  0.27500000596046448       0.42121207714080811       0.81154617647658611       0.57164043318796021       0.70438435884178252     
  0.27500000596046448       0.42717167735099792       0.78498125269597641       0.55727092971659331       0.70991622768400631     
  0.27500000596046448       0.43313127756118774       0.75884928482749769       0.54303362092264795       0.71560141358779938     
  0.27500000596046448       0.43909087777137756       0.73315301459436633       0.52893500381304115       0.72145240254612675     
  0.27500000596046448       0.44505047798156738       0.70790411161316458       0.51498150145647736       0.72747352785244157     
  0.27500000596046448       0.45101004838943481       0.68310987965614212       0.50117788003773278       0.73367095830909568     
  0.27500000596046448       0.45696964859962463       0.65877585391550375       0.48752894442822098       0.74005284427251139     
  0.27500000596046448       0.46292924880981445       0.63490800324524699       0.47404029460733854       0.74662831809387387     
  0.27500000596046448       0.46888884902000427       0.61151164099241884       0.46071665320965310       0.75340618612257093     
  0.27500000596046448       0.47484844923019409       0.58858889420506999       0.44756246920372478       0.76039910642246966     
  0.27500000596046448       0.48080804944038391       0.56614630642890651       0.43458211255162865       0.76761449755426614     
  0.27500000596046448       0.48676764965057373       0.54418549078836365       0.42177899236910144       0.77506475183318202     
  0.27500000596046448       0.49272722005844116       0.52270856932682930       0.40915710559397533       0.78276334004033776     
  0.27500000596046448       0.49868682026863098       0.50171292337840889       0.39671981865066863       0.79073071504568182     
  0.27500000596046448       0.50464642047882080       0.48120619038318446       0.38446986438798925       0.79897115222444648     
  0.27500000596046448       0.51060599088668823       0.46118553197816087       0.37241052278777342       0.80750695103203862     
  0.27500000596046448       0.51656562089920044       0.44165013444703455       0.36054396005503969       0.81635650469450582     
  0.27500000596046448       0.52252519130706787       0.42252662578392008       0.34887293817143783       0.82568273070168907     
  0.27500000596046448       0.52848482131958008       0.40396273645701719       0.33739931559439190       0.83522385889742123     
  0.27500000596046448       0.53444439172744751       0.38587958846279535       0.32612516898810112       0.84514749869840433     
  0.27500000596046448       0.54040402173995972       0.36827412340575455       0.31505116106459674       0.85548003794304550     
  0.27500000596046448       0.54636359214782715       0.35114351034565078       0.30417996333692821       0.86625540377353505     
  0.27500000596046448       0.55232316255569458       0.33447921950472109       0.29351224611435067       0.87752012381805922     
  0.27500000596046448       0.55828279256820679       0.31828602778620219       0.28304978827263338       0.88929379100097494     
  0.27500000596046448       0.56424236297607422       0.30255548156773671       0.27279010874114501       0.90162011716873236     
  0.27500000596046448       0.57020199298858643       0.28728237640026544       0.26273723841823871       0.91456093377677850     
  0.27500000596046448       0.57616156339645386       0.27245676323038870       0.25289033318276744       0.92818519233792718     
  0.27500000596046448       0.58212113380432129       0.25808258767230507       0.24324936772666994       0.94252529750488512     
  0.27500000596046448       0.58808076381683350       0.24414911324275398       0.23381412915006430       0.95766937690077225     
  0.27500000596046448       0.59404033422470093       0.23065039639720275       0.22458226032832609       0.97369119601066401     
  0.27500000596046448       0.59999996423721313       0.21757464582482747       0.21555722623103790       0.99072768986413140     
  0.15000000596046448        9.9999997764825821E-003   5.9567143683830883        3.9241538621147929       0.65877824912057670     
  0.15000000596046448        1.5959594398736954E-002   5.9553814294754659        3.9212900816884728       0.65844482475639676     
  0.15000000596046448        2.1919190883636475E-002   5.9437930848548568        3.9170208760774514       0.65901030203394140     
  0.15000000596046448        2.7878785505890846E-002   5.9347005543990017        3.9117465709237211       0.65913124597739003     
  0.15000000596046448        3.3838383853435516E-002   5.9216287087314621        3.9048705936977561       0.65942509835849905     
  0.15000000596046448        3.9797976613044739E-002   5.9061161646267166        3.8966672362782417       0.65976813317970395     
  0.15000000596046448        4.5757569372653961E-002   5.8881389158661914        3.8871706121740446       0.66016965083817347     
  0.15000000596046448        5.1717169582843781E-002   5.8676813152625948        3.8763766754676423       0.66063176699536963     
  0.15000000596046448        5.7676762342453003E-002   5.8448473467366338        3.8642973688846736       0.66114598716461515     
  0.15000000596046448        6.3636362552642822E-002   5.8196729028046619        3.8509422710940528       0.66171111940641492     
  0.15000000596046448        6.9595955312252045E-002   5.7920828354230940        3.8363254323331204       0.66233953162254600     
  0.15000000596046448        7.5555548071861267E-002   5.7622111726260110        3.8204597894499233       0.66301974623898174     
  0.15000000596046448        8.1515140831470490E-002   5.7299326811412366        3.8033607419264146       0.66377058048941950     
  0.15000000596046448        8.7474741041660309E-002   5.6955095706543819        3.7850449324560835       0.66456651253088905     
  0.15000000596046448        9.3434333801269531E-002   5.6587786122801562        3.7655282035365762       0.66543126380045625     
  0.15000000596046448        9.9393934011459351E-002   5.6198895075094164        3.7448294974543308       0.66635286911787317     
  0.15000000596046448       0.10535352677106857        5.5789987722834553        3.7229681294315649       0.66731832742593944     
  0.15000000596046448       0.11131311953067780        5.5359090132655364        3.6999645996521178       0.66835719134581173     
  0.15000000596046448       0.11727271974086761        5.4908635719368197        3.6758395314834562       0.66944652390750603     
  0.15000000596046448       0.12323231250047684        5.4437780447968374        3.6506155536171225       0.67060330593499873     
  0.15000000596046448       0.12919192016124725        5.3948703057611782        3.6243156873525657       0.67180775105606549     
  0.15000000596046448       0.13515150547027588        5.3439984739634454        3.5969640770267763       0.67308478745860145     
  0.15000000596046448       0.14111110568046570        5.2913239975201156        3.5685853496463911       0.67442200691525966     
  0.15000000596046448       0.14707070589065552        5.2369051589880335        3.5392052892329651       0.67582000853283974     
  0.15000000596046448       0.15303029119968414        5.1809204351678808        3.5088502279896892       0.67726387075388261     
  0.15000000596046448       0.15898989140987396        5.1231817345349011        3.4775473991879049       0.67878665629721369     
  0.15000000596046448       0.16494949162006378        5.0638843650389553        3.4453246293367372       0.68037190049663254     
  0.15000000596046448       0.17090909183025360        5.0030923328349859        3.4122101175651021       0.68202021681090674     
  0.15000000596046448       0.17686867713928223        4.9409705947069655        3.3782335280080611       0.68371860614329649     
  0.15000000596046448       0.18282827734947205        4.8773763681617321        3.3434241319171054       0.68549643897529100     
  0.15000000596046448       0.18878787755966187        4.8124870886366820        3.3078129787930695       0.68733960587728704     
  0.15000000596046448       0.19474746286869049        4.7463707776007267        3.2714279856083577       0.68924829915248487     
  0.15000000596046448       0.20070706307888031        4.6791796600253157        3.2343041253710298       0.69121178504899117     
  0.15000000596046448       0.20666666328907013        4.6108074596263355        3.1964692386552884       0.69325584870861934     
  0.15000000596046448       0.21262624859809875        4.5414160843090308        3.1579588161525969       0.69536874788099834     
  0.15000000596046448       0.21858584880828857        4.4710749396431213        3.1188013054117762       0.69755066678902888     
  0.15000000596046448       0.22454544901847839        4.3998541395930211        3.0790314760418451       0.69980307945541353     
  0.15000000596046448       0.23050503432750702        4.3278238805396150        3.0386813977863887       0.70212686136560398     
  0.15000000596046448       0.23646463453769684        4.2551557443603851        2.9977828980440582       0.70450603412512003     
  0.15000000596046448       0.24242423474788666        4.1816682924718220        2.9563704805684257       0.70698349888027301     
  0.15000000596046448       0.24838383495807648        4.1076592907452962        2.9144764359631807       0.70952243837009576     
  0.15000000596046448       0.25434342026710510        4.0330480533092317        2.8721318837844154       0.71214918488951517     
  0.15000000596046448       0.26030299067497253        3.9580970701722866        2.8293751557474303       0.71483217960197076     
  0.15000000596046448       0.26626259088516235        3.8826584593549955        2.7862345069955534       0.71760999226762145     
  0.15000000596046448       0.27222219109535217        3.8068937521857102        2.7427458333498844       0.72046818532173373     
  0.15000000596046448       0.27818179130554199        3.7308695006300852        2.6989364876362960       0.72340683242351100     
  0.15000000596046448       0.28414139151573181        3.6546513883102443        2.6548454896399973       0.72642920146413337     
  0.15000000596046448       0.29010099172592163        3.5783041407494447        2.6105045044679951       0.72953678664140820     
  0.15000000596046448       0.29606056213378906        3.5019321960637342        2.5659402415099528       0.73272128009621051     
  0.15000000596046448       0.30202016234397888        3.4255135813940352        2.5211909016271346       0.73600376752881513     
  0.15000000596046448       0.30797976255416870        3.3491536739588197        2.4762875004498732       0.73937709090631620     
  0.15000000596046448       0.31393936276435852        3.2729125306036964        2.4312553422498469       0.74284152708517270     
  0.15000000596046448       0.31989896297454834        3.1968831581899027        2.3861323582135050       0.74639335882533464     
  0.15000000596046448       0.32585856318473816        3.1210663812067039        2.3409481606152807       0.75004753974832006     
  0.15000000596046448       0.33181816339492798        3.0455482362811570        2.2957265809459741       0.75379747843009992     
  0.15000000596046448       0.33777773380279541        2.9703254904725180        2.2505047522652237       0.75766267349616778     
  0.15000000596046448       0.34373733401298523        2.8955208562647292        2.2053103735805260       0.76162821235051081     
  0.15000000596046448       0.34969693422317505        2.8212169376381029        2.1601687002108338       0.76568684647813978     
  0.15000000596046448       0.35565653443336487        2.7473187407223012        2.1151065449303381       0.76988028858065904     
  0.15000000596046448       0.36161613464355469        2.6740532968727617        2.0701599387060141       0.77416554902888968     
  0.15000000596046448       0.36757573485374451        2.6013327788635037        2.0253465294286648       0.77858032847051517     
  0.15000000596046448       0.37353530526161194        2.5292374294922255        1.9806992234216201       0.78312111007279728     
  0.15000000596046448       0.37949490547180176        2.4578529645998271        1.9362374704898957       0.78777595664887234     
  0.15000000596046448       0.38545450568199158        2.3871869933075218        1.8919892597581194       0.79256014089483184     
  0.15000000596046448       0.39141410589218140        2.3172782283545783        1.8479788270580435       0.79747818127572512     
  0.15000000596046448       0.39737370610237122        2.2481331299520297        1.8042297079441147       0.80254575848122178     
  0.15000000596046448       0.40333330631256104        2.1798473776545677        1.7607647223915930       0.80774679018404871     
  0.15000000596046448       0.40929290652275085        2.1124238960428214        1.7176089211789238       0.81309860411847268     
  0.15000000596046448       0.41525247693061829        2.0458942473686146        1.6747779546950703       0.81860436180859975     
  0.15000000596046448       0.42121207714080811        1.9802594298784151        1.6322949431315341       0.82428338353210340     
  0.15000000596046448       0.42717167735099792        1.9156026617092057        1.5901799341387128       0.83011992305328453     
  0.15000000596046448       0.43313127756118774        1.8519219472367245        1.5484519895156694       0.83613242546541100     
  0.15000000596046448       0.43909087777137756        1.7892154439581174        1.5071293932333061       0.84234092564013519     
  0.15000000596046448       0.44505047798156738        1.7275563255962274        1.4662327223731146       0.84873222403737092     
  0.15000000596046448       0.45101004838943481        1.6669394575681196        1.4257727503749378       0.85532365551834899     
  0.15000000596046448       0.45696964859962463        1.6073584150636258        1.3857680602204909       0.86214004744277062     
  0.15000000596046448       0.46292924880981445        1.5488783495177796        1.3462390842154779       0.86917031581893411     
  0.15000000596046448       0.46888884902000427        1.4914899750352155        1.3071848641237900       0.87642886375614160     
  0.15000000596046448       0.47484844923019409        1.4352063853762702        1.2686425676836175       0.88394434459753013     
  0.15000000596046448       0.48080804944038391        1.3800389932752390        1.2306032235386417       0.89171627000050036     
  0.15000000596046448       0.48676764965057373        1.3259744445742228        1.1930871067660380       0.89978137335003050     
  0.15000000596046448       0.49272722005844116        1.2730674779518372        1.1561055891612912       0.90812593140882136     
  0.15000000596046448       0.49868682026863098        1.2213009766643150        1.1196687130276992       0.91678360569709894     
  0.15000000596046448       0.50464642047882080        1.1706802529586942        1.0837810927439868       0.92577037154672714     
  0.15000000596046448       0.51060599088668823        1.1211866470617058        1.0484706581234251       0.93514372550828406     
  0.15000000596046448       0.51656562089920044        1.0728665557308781        1.0137229045822742       0.94487324557496999     
  0.15000000596046448       0.52252519130706787        1.0256991070743009       0.97955435287896619       0.95501141233615994     
  0.15000000596046448       0.52848482131958008       0.97968270186325823       0.94597096804565406       0.96558913028321536     
  0.15000000596046448       0.53444439172744751       0.93479424202388428       0.91297934674152492       0.97666342570197173     
  0.15000000596046448       0.54040402173995972       0.89103791061074644       0.88058404428031067       0.98826776481006251     
  0.15000000596046448       0.54636359214782715       0.84845993310729917       0.84879864953340245        1.0003992132249107     
  0.15000000596046448       0.55232316255569458       0.80699582558389338       0.81760461304385246        1.0131460252006672     
  0.15000000596046448       0.55828279256820679       0.76671936516203154       0.78702362484770216        1.0264819966838581     
  0.15000000596046448       0.56424236297607422       0.72749310437647552       0.75705348714818566        1.0406332136949201     
  0.15000000596046448       0.57020199298858643       0.68941542724944460       0.72769549133886258        1.0555253952499202     
  0.15000000596046448       0.57616156339645386       0.65241884497998170       0.69896035550211522        1.0713368580326057     
  0.15000000596046448       0.58212113380432129       0.61653733444951542       0.67083099505263499        1.0880622430620466     
  0.15000000596046448       0.58808076381683350       0.58173641285415789       0.64331571326673598        1.1058542993904288     
  0.15000000596046448       0.59404033422470093       0.54800438984833688       0.61641452380204942        1.1248350108520944     
  0.15000000596046448       0.59999996423721313       0.51530520457257867       0.59011974902389985        1.1451849191264745     
