 gamma g3f pt DY-RATIO error R_dy tmp element 
   3.7171717171717171        0.0000000000000000       0.25000000000000000       0.93700000000000006        1.4999999999999999E-002  0.99027389577592717        12.613813205085977      W
   3.7171717171717171        5.0505050505050509E-003  0.25000000000000000       0.93700000000000006        1.4999999999999999E-002  0.99016919639906675        12.564281980989010      W
   3.7171717171717171        1.0101010101010102E-002  0.25000000000000000       0.93700000000000006        1.4999999999999999E-002  0.99006453110047354        12.514864270724969      W
   3.7171717171717171        1.5151515151515152E-002  0.25000000000000000       0.93700000000000006        1.4999999999999999E-002  0.98995989986035426        12.465559969861093      W
   3.7171717171717171        2.0202020202020204E-002  0.25000000000000000       0.93700000000000006        1.4999999999999999E-002  0.98985530265893418        12.416368974077905      W
   3.7171717171717171        2.5252525252525252E-002  0.25000000000000000       0.93700000000000006        1.4999999999999999E-002  0.98975073947645476        12.367291179167983      W
   3.7171717171717171        3.0303030303030304E-002  0.25000000000000000       0.93700000000000006        1.4999999999999999E-002  0.98964621029317423        12.318326481036085      W
   3.7171717171717171        3.5353535353535352E-002  0.25000000000000000       0.93700000000000006        1.4999999999999999E-002  0.98954171508936717        12.269474775698791      W
   3.7171717171717171        4.0404040404040407E-002  0.25000000000000000       0.93700000000000006        1.4999999999999999E-002  0.98943725384532577        12.220735959285006      W
   3.7171717171717171        4.5454545454545456E-002  0.25000000000000000       0.93700000000000006        1.4999999999999999E-002  0.98933282654135879        12.172109928035294      W
   3.7171717171717171        5.0505050505050504E-002  0.25000000000000000       0.93700000000000006        1.4999999999999999E-002  0.98922843315779097        12.123596578301481      W
   3.7171717171717171        5.5555555555555552E-002  0.25000000000000000       0.93700000000000006        1.4999999999999999E-002  0.98912407367496524        12.075195806547551      W
   3.7171717171717171        6.0606060606060608E-002  0.25000000000000000       0.93700000000000006        1.4999999999999999E-002  0.98901974807323956        12.026907509348023      W
   3.7171717171717171        6.5656565656565663E-002  0.25000000000000000       0.93700000000000006        1.4999999999999999E-002  0.98891545633298994        11.978731583389242      W
   3.7171717171717171        7.0707070707070704E-002  0.25000000000000000       0.93700000000000006        1.4999999999999999E-002  0.98881119843460874        11.930667925468434      W
   3.7171717171717171        7.5757575757575760E-002  0.25000000000000000       0.93700000000000006        1.4999999999999999E-002  0.98870571067843160        11.882135630051868      W
   3.7171717171717171        8.0808080808080815E-002  0.25000000000000000       0.93700000000000006        1.4999999999999999E-002  0.98860152044206928        11.834297386370171      W
   3.7171717171717171        8.5858585858585856E-002  0.25000000000000000       0.93700000000000006        1.4999999999999999E-002  0.98849736398885102        11.786571101334241      W
   3.7171717171717171        9.0909090909090912E-002  0.25000000000000000       0.93700000000000006        1.4999999999999999E-002  0.98839324129923667        11.738956672184711      W
   3.7171717171717171        9.5959595959595953E-002  0.25000000000000000       0.93700000000000006        1.4999999999999999E-002  0.98828915235369952        11.691453996271090      W
   3.7171717171717171       0.10101010101010101       0.25000000000000000       0.93700000000000006        1.4999999999999999E-002  0.98818421500866749        11.643661626904429      W
   3.7171717171717171       0.10606060606060606       0.25000000000000000       0.93700000000000006        1.4999999999999999E-002  0.98808019350800114        11.596382972510382      W
   3.7171717171717171       0.11111111111111110       0.25000000000000000       0.93700000000000006        1.4999999999999999E-002  0.98797620569293876        11.549215763772427      W
   3.7171717171717171       0.11616161616161616       0.25000000000000000       0.93700000000000006        1.4999999999999999E-002  0.98787225154402192        11.502159898481043      W
   3.7171717171717171       0.12121212121212122       0.25000000000000000       0.93700000000000006        1.4999999999999999E-002  0.98776833104180828        11.455215274536126      W
   3.7171717171717171       0.12626262626262627       0.25000000000000000       0.93700000000000006        1.4999999999999999E-002  0.98766444416687271        11.408381789947365      W
   3.7171717171717171       0.13131313131313133       0.25000000000000000       0.93700000000000006        1.4999999999999999E-002  0.98756059089980575        11.361659342833395      W
   3.7171717171717171       0.13636363636363635       0.25000000000000000       0.93700000000000006        1.4999999999999999E-002  0.98745677122121456        11.315047831422133      W
   3.7171717171717171       0.14141414141414141       0.25000000000000000       0.93700000000000006        1.4999999999999999E-002  0.98735298511172320        11.268547154050724      W
   3.7171717171717171       0.14646464646464646       0.25000000000000000       0.93700000000000006        1.4999999999999999E-002  0.98724923255197161        11.222157209164969      W
   3.7171717171717171       0.15151515151515152       0.25000000000000000       0.93700000000000006        1.4999999999999999E-002  0.98714489883891210        11.175603909176544      W
   3.7171717171717171       0.15656565656565657       0.25000000000000000       0.93700000000000006        1.4999999999999999E-002  0.98704121334186123        11.129435701002956      W
   3.7171717171717171       0.16161616161616163       0.25000000000000000       0.93700000000000006        1.4999999999999999E-002  0.98693756133656840        11.083377921082338      W
   3.7171717171717171       0.16666666666666666       0.25000000000000000       0.93700000000000006        1.4999999999999999E-002  0.98683394280373971        11.037430468295089      W
   3.7171717171717171       0.17171717171717171       0.25000000000000000       0.93700000000000006        1.4999999999999999E-002  0.98673035772409601        10.991593241629111      W
   3.7171717171717171       0.17676767676767677       0.25000000000000000       0.93700000000000006        1.4999999999999999E-002  0.98662680607837616        10.945866140181101      W
   3.7171717171717171       0.18181818181818182       0.25000000000000000       0.93700000000000006        1.4999999999999999E-002  0.98652328784733445        10.900249063155282      W
   3.7171717171717171       0.18686868686868688       0.25000000000000000       0.93700000000000006        1.4999999999999999E-002  0.98641980301174115        10.854741909863529      W
   3.7171717171717171       0.19191919191919191       0.25000000000000000       0.93700000000000006        1.4999999999999999E-002  0.98631635155238362        10.809344579725710      W
   3.7171717171717171       0.19696969696969696       0.25000000000000000       0.93700000000000006        1.4999999999999999E-002  0.98621293345006455        10.764056972268788      W
   3.7171717171717171       0.20202020202020202       0.25000000000000000       0.93700000000000006        1.4999999999999999E-002  0.98610954868560408        10.718878987127608      W
   3.7171717171717171       0.20707070707070707       0.25000000000000000       0.93700000000000006        1.4999999999999999E-002  0.98600619723983685        10.673810524043498      W
   3.7171717171717171       0.21212121212121213       0.25000000000000000       0.93700000000000006        1.4999999999999999E-002  0.98590287909361474        10.628851482865315      W
   3.7171717171717171       0.21717171717171718       0.25000000000000000       0.93700000000000006        1.4999999999999999E-002  0.98579959422780561        10.584001763548770      W
   3.7171717171717171       0.22222222222222221       0.25000000000000000       0.93700000000000006        1.4999999999999999E-002  0.98569634262329364        10.539261266156442      W
   3.7171717171717171       0.22727272727272727       0.25000000000000000       0.93700000000000006        1.4999999999999999E-002  0.98559312426097878        10.494629890857420      W
   3.7171717171717171       0.23232323232323232       0.25000000000000000       0.93700000000000006        1.4999999999999999E-002  0.98548993912177663        10.450107537927103      W
   3.7171717171717171       0.23737373737373738       0.25000000000000000       0.93700000000000006        1.4999999999999999E-002  0.98538678718662054        10.405694107748001      W
   3.7171717171717171       0.24242424242424243       0.25000000000000000       0.93700000000000006        1.4999999999999999E-002  0.98528366843645732        10.361389500807730      W
   3.7171717171717171       0.24747474747474749       0.25000000000000000       0.93700000000000006        1.4999999999999999E-002  0.98518058285225263        10.317193617701221      W
   3.7171717171717171       0.25252525252525254       0.25000000000000000       0.93700000000000006        1.4999999999999999E-002  0.98507753041498547        10.273106359128212      W
   3.7171717171717171       0.25757575757575757       0.25000000000000000       0.93700000000000006        1.4999999999999999E-002  0.98497451110565359        10.229127625895444      W
   3.7171717171717171       0.26262626262626265       0.25000000000000000       0.93700000000000006        1.4999999999999999E-002  0.98487152490526819        10.185257318914257      W
   3.7171717171717171       0.26767676767676768       0.25000000000000000       0.93700000000000006        1.4999999999999999E-002  0.98476857179485833        10.141495339202352      W
   3.7171717171717171       0.27272727272727271       0.25000000000000000       0.93700000000000006        1.4999999999999999E-002  0.98466565175546739        10.097841587882160      W
   3.7171717171717171       0.27777777777777779       0.25000000000000000       0.93700000000000006        1.4999999999999999E-002  0.98456204887592025        10.053993303446317      W
   3.7171717171717171       0.28282828282828282       0.25000000000000000       0.93700000000000006        1.4999999999999999E-002  0.98445919494101097        10.010556375328340      W
   3.7171717171717171       0.28787878787878790       0.25000000000000000       0.93700000000000006        1.4999999999999999E-002  0.98435637402034926        9.9672273793564674      W
   3.7171717171717171       0.29292929292929293       0.25000000000000000       0.93700000000000006        1.4999999999999999E-002  0.98425358609504265        9.9240062170737922      W
   3.7171717171717171       0.29797979797979796       0.25000000000000000       0.93700000000000006        1.4999999999999999E-002  0.98415083114621515        9.8808927901283923      W
   3.7171717171717171       0.30303030303030304       0.25000000000000000       0.93700000000000006        1.4999999999999999E-002  0.98404810915500573        9.8378870002725751      W
   3.7171717171717171       0.30808080808080807       0.25000000000000000       0.93700000000000006        1.4999999999999999E-002  0.98394542010257091        9.7949887493638386      W
   3.7171717171717171       0.31313131313131315       0.25000000000000000       0.93700000000000006        1.4999999999999999E-002  0.98384276397008097        9.7521979393631586      W
   3.7171717171717171       0.31818181818181818       0.25000000000000000       0.93700000000000006        1.4999999999999999E-002  0.98374014073872285        9.7095144723360622      W
   3.7171717171717171       0.32323232323232326       0.25000000000000000       0.93700000000000006        1.4999999999999999E-002  0.98363755038969947        9.6669382504522314      W
   3.7171717171717171       0.32828282828282829       0.25000000000000000       0.93700000000000006        1.4999999999999999E-002  0.98353499290422908        9.6244691759850909      W
   3.7171717171717171       0.33333333333333331       0.25000000000000000       0.93700000000000006        1.4999999999999999E-002  0.98343246826354647        9.5821071513121989      W
   3.7171717171717171       0.33838383838383840       0.25000000000000000       0.93700000000000006        1.4999999999999999E-002  0.98332962395847401        9.5397069161493508      W
   3.7171717171717171       0.34343434343434343       0.25000000000000000       0.93700000000000006        1.4999999999999999E-002  0.98322716496259122        9.4975590243494032      W
   3.7171717171717171       0.34848484848484851       0.25000000000000000       0.93700000000000006        1.4999999999999999E-002  0.98312473875529272        9.4555178899733185      W
   3.7171717171717171       0.35353535353535354       0.25000000000000000       0.93700000000000006        1.4999999999999999E-002  0.98302234531787569        9.4135834158123970      W
   3.7171717171717171       0.35858585858585856       0.25000000000000000       0.93700000000000006        1.4999999999999999E-002  0.98291998463165231        9.3717555047607970      W
   3.7171717171717171       0.36363636363636365       0.25000000000000000       0.93700000000000006        1.4999999999999999E-002  0.98281765667795040        9.3300340598156790      W
   3.7171717171717171       0.36868686868686867       0.25000000000000000       0.93700000000000006        1.4999999999999999E-002  0.98271536143811467        9.2884189840775839      W
   3.7171717171717171       0.37373737373737376       0.25000000000000000       0.93700000000000006        1.4999999999999999E-002  0.98261309889350434        9.2469101807493441      W
   3.7171717171717171       0.37878787878787878       0.25000000000000000       0.93700000000000006        1.4999999999999999E-002  0.98251086902549445        9.2055075531364672      W
   3.7171717171717171       0.38383838383838381       0.25000000000000000       0.93700000000000006        1.4999999999999999E-002  0.98240867181547542        9.1642110046468748      W
   3.7171717171717171       0.38888888888888890       0.25000000000000000       0.93700000000000006        1.4999999999999999E-002  0.98230650724485380        9.1230204387910430      W
   3.7171717171717171       0.39393939393939392       0.25000000000000000       0.93700000000000006        1.4999999999999999E-002  0.98220437529505067        9.0819357591812562      W
   3.7171717171717171       0.39898989898989901       0.25000000000000000       0.93700000000000006        1.4999999999999999E-002  0.98210227594750388        9.0409568695323639      W
   3.7171717171717171       0.40404040404040403       0.25000000000000000       0.93700000000000006        1.4999999999999999E-002  0.98200020918366582        9.0000836736607841      W
   3.7171717171717171       0.40909090909090912       0.25000000000000000       0.93700000000000006        1.4999999999999999E-002  0.98189817498500442        8.9593160754847645      W
   3.7171717171717171       0.41414141414141414       0.25000000000000000       0.93700000000000006        1.4999999999999999E-002  0.98179617333300417        8.9186539790246631      W
   3.7171717171717171       0.41919191919191917       0.25000000000000000       0.93700000000000006        1.4999999999999999E-002  0.98169420420916298        8.8780972884015856      W
   3.7171717171717171       0.42424242424242425       0.25000000000000000       0.93700000000000006        1.4999999999999999E-002  0.98159226759499651        8.8376459078389829      W
   3.7171717171717171       0.42929292929292928       0.25000000000000000       0.93700000000000006        1.4999999999999999E-002  0.98149036347203378        8.7972997416607672      W
   3.7171717171717171       0.43434343434343436       0.25000000000000000       0.93700000000000006        1.4999999999999999E-002  0.98138849182182009        8.7570586942923736      W
   3.7171717171717171       0.43939393939393939       0.25000000000000000       0.93700000000000006        1.4999999999999999E-002  0.98128665262591697        8.7169226702605922      W
   3.7171717171717171       0.44444444444444442       0.25000000000000000       0.93700000000000006        1.4999999999999999E-002  0.98118484586589960        8.6768915741924459      W
   3.7171717171717171       0.44949494949494950       0.25000000000000000       0.93700000000000006        1.4999999999999999E-002  0.98108307152335983        8.6369653108162368      W
   3.7171717171717171       0.45454545454545453       0.25000000000000000       0.93700000000000006        1.4999999999999999E-002  0.98098112218446221        8.5970627049092840      W
   3.7171717171717171       0.45959595959595961       0.25000000000000000       0.93700000000000006        1.4999999999999999E-002  0.98087941262817091        8.5573460115256896      W
   3.7171717171717171       0.46464646464646464       0.25000000000000000       0.93700000000000006        1.4999999999999999E-002  0.98077773543422353        8.5177338655505146      W
   3.7171717171717171       0.46969696969696972       0.25000000000000000       0.93700000000000006        1.4999999999999999E-002  0.98067609058427141        8.4782261721132315      W
   3.7171717171717171       0.47474747474747475       0.25000000000000000       0.93700000000000006        1.4999999999999999E-002  0.98057447805998366        8.4388228364444107      W
   3.7171717171717171       0.47979797979797978       0.25000000000000000       0.93700000000000006        1.4999999999999999E-002  0.98047289784304237        8.3995237638737468      W
   3.7171717171717171       0.48484848484848486       0.25000000000000000       0.93700000000000006        1.4999999999999999E-002  0.98037029685726385        8.3599228866097128      W
   3.7171717171717171       0.48989898989898989       0.25000000000000000       0.93700000000000006        1.4999999999999999E-002  0.98026878122551209        8.3208330166276561      W
   3.7171717171717171       0.49494949494949497       0.25000000000000000       0.93700000000000006        1.4999999999999999E-002  0.98016729784624812        8.2818471259853013      W
   3.7171717171717171       0.50000000000000000       0.25000000000000000       0.93700000000000006        1.4999999999999999E-002  0.98006584670121522        8.2429651204113981      W
