 gamma g3f pt DY-RATIO error R_dy tmp element 
   1.6565656565656566        0.0000000000000000        1.7500000000000000       0.95999999999999996        2.3000000000000000E-002  0.99821818623775382        2.7611148569066892      C
   1.6565656565656566        5.0505050505050509E-003   1.7500000000000000       0.95999999999999996        2.3000000000000000E-002  0.99861855197690397        2.8192675931811646      C
   1.6565656565656566        1.0101010101010102E-002   1.7500000000000000       0.95999999999999996        2.3000000000000000E-002  0.99901849664851239        2.8779642357466453      C
   1.6565656565656566        1.5151515151515152E-002   1.7500000000000000       0.95999999999999996        2.3000000000000000E-002  0.99944016382874412        2.9405038238906980      C
   1.6565656565656566        2.0202020202020204E-002   1.7500000000000000       0.95999999999999996        2.3000000000000000E-002  0.99983756023174108        3.0000589890691907      C
   1.6565656565656566        2.5252525252525252E-002   1.7500000000000000       0.95999999999999996        2.3000000000000000E-002   1.0002325139353874        3.0598396551250318      C
   1.6565656565656566        3.0303030303030304E-002   1.7500000000000000       0.95999999999999996        2.3000000000000000E-002   1.0006264327627317        3.1200511134683553      C
   1.6565656565656566        3.5353535353535352E-002   1.7500000000000000       0.95999999999999996        2.3000000000000000E-002   1.0013345768077693        3.2297679392767114      C
   1.6565656565656566        4.0404040404040407E-002   1.7500000000000000       0.95999999999999996        2.3000000000000000E-002   1.0017296807665057        3.2918076689498661      C
   1.6565656565656566        4.5454545454545456E-002   1.7500000000000000       0.95999999999999996        2.3000000000000000E-002   1.0021179209132272        3.3533445407426474      C
   1.6565656565656566        5.0505050505050504E-002   1.7500000000000000       0.95999999999999996        2.3000000000000000E-002   1.0025124711749316        3.4164654166340114      C
   1.6565656565656566        5.5555555555555552E-002   1.7500000000000000       0.95999999999999996        2.3000000000000000E-002   1.0029131908660649        3.4811757094656310      C
   1.6565656565656566        6.0606060606060608E-002   1.7500000000000000       0.95999999999999996        2.3000000000000000E-002   1.0032918016325783        3.5428735134111689      C
   1.6565656565656566        6.5656565656565663E-002   1.7500000000000000       0.95999999999999996        2.3000000000000000E-002   1.0036785092008200        3.6064502192932375      C
   1.6565656565656566        7.0707070707070704E-002   1.7500000000000000       0.95999999999999996        2.3000000000000000E-002   1.0040686505480394        3.6711643877603337      C
   1.6565656565656566        7.5757575757575760E-002   1.7500000000000000       0.95999999999999996        2.3000000000000000E-002   1.0044530731673595        3.7354928431429575      C
   1.6565656565656566        8.0808080808080815E-002   1.7500000000000000       0.95999999999999996        2.3000000000000000E-002   1.0048508268599534        3.8026402079801938      C
   1.6565656565656566        8.5858585858585856E-002   1.7500000000000000       0.95999999999999996        2.3000000000000000E-002   1.0052347456119568        3.8680193016605835      C
   1.6565656565656566        9.0909090909090912E-002   1.7500000000000000       0.95999999999999996        2.3000000000000000E-002   1.0056281624292527        3.9355939634598665      C
   1.6565656565656566        9.5959595959595953E-002   1.7500000000000000       0.95999999999999996        2.3000000000000000E-002   1.0060181775648001        4.0031619402371845      C
   1.6565656565656566       0.10101010101010101        1.7500000000000000       0.95999999999999996        2.3000000000000000E-002   1.0063982932057898        4.0695682654261640      C
   1.6565656565656566       0.10606060606060606        1.7500000000000000       0.95999999999999996        2.3000000000000000E-002   1.0067750879706532        4.1359335626887477      C
   1.6565656565656566       0.11111111111111110        1.7500000000000000       0.95999999999999996        2.3000000000000000E-002   1.0071689428426005        4.2058774459140196      C
   1.6565656565656566       0.11616161616161616        1.7500000000000000       0.95999999999999996        2.3000000000000000E-002   1.0075633733252303        4.2765113082707567      C
   1.6565656565656566       0.12121212121212122        1.7500000000000000       0.95999999999999996        2.3000000000000000E-002   1.0079412130868737        4.3447257320246342      C
   1.6565656565656566       0.12626262626262627        1.7500000000000000       0.95999999999999996        2.3000000000000000E-002   1.0083291818497755        4.4153304693169604      C
   1.6565656565656566       0.13131313131313133        1.7500000000000000       0.95999999999999996        2.3000000000000000E-002   1.0087064532123187        4.4845341862453516      C
   1.6565656565656566       0.13636363636363635        1.7500000000000000       0.95999999999999996        2.3000000000000000E-002   1.0090878484207901        4.5550413281332176      C
   1.6565656565656566       0.14141414141414141        1.7500000000000000       0.95999999999999996        2.3000000000000000E-002   1.0094742779178960        4.6270400292953058      C
   1.6565656565656566       0.14646464646464646        1.7500000000000000       0.95999999999999996        2.3000000000000000E-002   1.0098667131160539        4.7007354952718856      C
   1.6565656565656566       0.15151515151515152        1.7500000000000000       0.95999999999999996        2.3000000000000000E-002   1.0102623640944093        4.7756242804517344      C
   1.6565656565656566       0.15656565656565657        1.7500000000000000       0.95999999999999996        2.3000000000000000E-002   1.0106391542661228        4.8474932793727596      C
   1.6565656565656566       0.16161616161616163        1.7500000000000000       0.95999999999999996        2.3000000000000000E-002   1.0110376294323506        4.9240824538259904      C
   1.6565656565656566       0.16666666666666666        1.7500000000000000       0.95999999999999996        2.3000000000000000E-002   1.0110738100065604        4.9310662922234991      C
   1.6565656565656566       0.17171717171717171        1.7500000000000000       0.95999999999999996        2.3000000000000000E-002   1.0114660012704988        5.0070874986294660      C
   1.6565656565656566       0.17676767676767677        1.7500000000000000       0.95999999999999996        2.3000000000000000E-002   1.0118462350879340        5.0813461111405021      C
   1.6565656565656566       0.18181818181818182        1.7500000000000000       0.95999999999999996        2.3000000000000000E-002   1.0122280703697757        5.1564675511346794      C
   1.6565656565656566       0.18686868686868688        1.7500000000000000       0.95999999999999996        2.3000000000000000E-002   1.0126160722215278        5.2333668355785186      C
   1.6565656565656566       0.19191919191919191        1.7500000000000000       0.95999999999999996        2.3000000000000000E-002   1.0129999952299111        5.3100179477705227      C
   1.6565656565656566       0.19696969696969696        1.7500000000000000       0.95999999999999996        2.3000000000000000E-002   1.0133786872298267        5.3861706056326462      C
   1.6565656565656566       0.20202020202020202        1.7500000000000000       0.95999999999999996        2.3000000000000000E-002   1.0137619223461942        5.4637888362159197      C
   1.6565656565656566       0.20707070707070707        1.7500000000000000       0.95999999999999996        2.3000000000000000E-002   1.0141300763356631        5.5388755465117550      C
   1.6565656565656566       0.21212121212121213        1.7500000000000000       0.95999999999999996        2.3000000000000000E-002   1.0145090348018249        5.6167010870067262      C
   1.6565656565656566       0.21717171717171718        1.7500000000000000       0.95999999999999996        2.3000000000000000E-002   1.0148877976816992        5.6950289874237283      C
   1.6565656565656566       0.22222222222222221        1.7500000000000000       0.95999999999999996        2.3000000000000000E-002   1.0152734685349538        5.7753427672675501      C
   1.6565656565656566       0.22727272727272727        1.7500000000000000       0.95999999999999996        2.3000000000000000E-002   1.0156618159856359        5.8567821527765469      C
   1.6565656565656566       0.23232323232323232        1.7500000000000000       0.95999999999999996        2.3000000000000000E-002   1.0160185163705249        5.9320872898955903      C
   1.6565656565656566       0.23737373737373738        1.7500000000000000       0.95999999999999996        2.3000000000000000E-002   1.0163881252018310        6.0106250733031557      C
   1.6565656565656566       0.24242424242424243        1.7500000000000000       0.95999999999999996        2.3000000000000000E-002   1.0168017818864703        6.0991350198074663      C
   1.6565656565656566       0.24747474747474749        1.7500000000000000       0.95999999999999996        2.3000000000000000E-002   1.0171774784677128        6.1800832588388719      C
   1.6565656565656566       0.25252525252525254        1.7500000000000000       0.95999999999999996        2.3000000000000000E-002   1.0175462739898617        6.2600636108057524      C
   1.6565656565656566       0.25757575757575757        1.7500000000000000       0.95999999999999996        2.3000000000000000E-002   1.0179200856221817        6.3416565566746064      C
   1.6565656565656566       0.26262626262626265        1.7500000000000000       0.95999999999999996        2.3000000000000000E-002   1.0182975210534642        6.4245764857828007      C
   1.6565656565656566       0.26767676767676768        1.7500000000000000       0.95999999999999996        2.3000000000000000E-002   1.0190852432873119        6.5993685714949653      C
   1.6565656565656566       0.27272727272727271        1.7500000000000000       0.95999999999999996        2.3000000000000000E-002   1.0194556794328848        6.6823777255689425      C
   1.6565656565656566       0.27777777777777779        1.7500000000000000       0.95999999999999996        2.3000000000000000E-002   1.0198334124941215        6.7675562394928184      C
   1.6565656565656566       0.28282828282828282        1.7500000000000000       0.95999999999999996        2.3000000000000000E-002   1.0201952833000951        6.8496637647990841      C
   1.6565656565656566       0.28787878787878790        1.7500000000000000       0.95999999999999996        2.3000000000000000E-002   1.0205710325540618        6.9354442054162897      C
   1.6565656565656566       0.29292929292929293        1.7500000000000000       0.95999999999999996        2.3000000000000000E-002   1.0209468638319901        7.0217773363991380      C
   1.6565656565656566       0.29797979797979796        1.7500000000000000       0.95999999999999996        2.3000000000000000E-002   1.0213152100289993        7.1069092266546274      C
   1.6565656565656566       0.30303030303030304        1.7500000000000000       0.95999999999999996        2.3000000000000000E-002   1.0216741742025413        7.1903662827323434      C
   1.6565656565656566       0.30808080808080807        1.7500000000000000       0.95999999999999996        2.3000000000000000E-002   1.0220472123615891        7.2776116480985698      C
   1.6565656565656566       0.31313131313131315        1.7500000000000000       0.95999999999999996        2.3000000000000000E-002   1.0224269500108873        7.3669642488881522      C
   1.6565656565656566       0.31818181818181818        1.7500000000000000       0.95999999999999996        2.3000000000000000E-002   1.0228048164805470        7.4564177186298526      C
   1.6565656565656566       0.32323232323232326        1.7500000000000000       0.95999999999999996        2.3000000000000000E-002   1.0231693024971373        7.5432150812378929      C
   1.6565656565656566       0.32828282828282829        1.7500000000000000       0.95999999999999996        2.3000000000000000E-002   1.0235263562408867        7.6287295600076614      C
   1.6565656565656566       0.33333333333333331        1.7500000000000000       0.95999999999999996        2.3000000000000000E-002   1.0238996768501913        7.7186553904704800      C
   1.6565656565656566       0.33838383838383840        1.7500000000000000       0.95999999999999996        2.3000000000000000E-002   1.0242717246555599        7.8087988472591974      C
   1.6565656565656566       0.34343434343434343        1.7500000000000000       0.95999999999999996        2.3000000000000000E-002   1.0246266624563174        7.8952844995137790      C
   1.6565656565656566       0.34848484848484851        1.7500000000000000       0.95999999999999996        2.3000000000000000E-002   1.0249938160894985        7.9852478825624855      C
   1.6565656565656566       0.35353535353535354        1.7500000000000000       0.95999999999999996        2.3000000000000000E-002   1.0253605270996911        8.0756115363883811      C
   1.6565656565656566       0.35858585858585856        1.7500000000000000       0.95999999999999996        2.3000000000000000E-002   1.0257298144277891        8.1671238274321301      C
   1.6565656565656566       0.36363636363636365        1.7500000000000000       0.95999999999999996        2.3000000000000000E-002   1.0260980515207647        8.2588892530088334      C
   1.6565656565656566       0.36868686868686867        1.7500000000000000       0.95999999999999996        2.3000000000000000E-002   1.0264687896166464        8.3517958281701539      C
   1.6565656565656566       0.37373737373737376        1.7500000000000000       0.95999999999999996        2.3000000000000000E-002   1.0268385216452078        8.4449678179903991      C
   1.6565656565656566       0.37878787878787878        1.7500000000000000       0.95999999999999996        2.3000000000000000E-002   1.0271937158054139        8.5349630316422083      C
   1.6565656565656566       0.38383838383838381        1.7500000000000000       0.95999999999999996        2.3000000000000000E-002   1.0275518833921264        8.6261946121426352      C
   1.6565656565656566       0.38888888888888890        1.7500000000000000       0.95999999999999996        2.3000000000000000E-002   1.0279182566365057        8.7200181182273298      C
   1.6565656565656566       0.39393939393939392        1.7500000000000000       0.95999999999999996        2.3000000000000000E-002   1.0282929367763964        8.8164937874194447      C
   1.6565656565656566       0.39898989898989901        1.7500000000000000       0.95999999999999996        2.3000000000000000E-002   1.0286631701962650        8.9123458249551124      C
   1.6565656565656566       0.40404040404040403        1.7500000000000000       0.95999999999999996        2.3000000000000000E-002   1.0290278233671448        9.0072597330921553      C
   1.6565656565656566       0.40909090909090912        1.7500000000000000       0.95999999999999996        2.3000000000000000E-002   1.0293810592558266        9.0996812541786820      C
   1.6565656565656566       0.41414141414141414        1.7500000000000000       0.95999999999999996        2.3000000000000000E-002   1.0297321542775846        9.1920100948825372      C
   1.6565656565656566       0.41919191919191917        1.7500000000000000       0.95999999999999996        2.3000000000000000E-002   1.0300929481746701        9.2873750166672906      C
   1.6565656565656566       0.42424242424242425        1.7500000000000000       0.95999999999999996        2.3000000000000000E-002   1.0304605015259325        9.3850326564951629      C
   1.6565656565656566       0.42929292929292928        1.7500000000000000       0.95999999999999996        2.3000000000000000E-002   1.0312962331990398        9.6089846283022258      C
   1.6565656565656566       0.43434343434343436        1.7500000000000000       0.95999999999999996        2.3000000000000000E-002   1.0316512389942509        9.7049150272424782      C
   1.6565656565656566       0.43939393939393939        1.7500000000000000       0.95999999999999996        2.3000000000000000E-002   1.0320105684804015        9.8024990035361093      C
   1.6565656565656566       0.44444444444444442        1.7500000000000000       0.95999999999999996        2.3000000000000000E-002   1.0323658622315455        9.8994669499338848      C
   1.6565656565656566       0.44949494949494950        1.7500000000000000       0.95999999999999996        2.3000000000000000E-002   1.0327161678692283        9.9955407742642546      C
   1.6565656565656566       0.45454545454545453        1.7500000000000000       0.95999999999999996        2.3000000000000000E-002   1.0330792641063178        10.095612178300478      C
   1.6565656565656566       0.45959595959595961        1.7500000000000000       0.95999999999999996        2.3000000000000000E-002   1.0334352849780242        10.194217542161867      C
   1.6565656565656566       0.46464646464646464        1.7500000000000000       0.95999999999999996        2.3000000000000000E-002   1.0338007030263567        10.295923945528367      C
   1.6565656565656566       0.46969696969696972        1.7500000000000000       0.95999999999999996        2.3000000000000000E-002   1.0341893531838080        10.404650521421187      C
   1.6565656565656566       0.47474747474747475        1.7500000000000000       0.95999999999999996        2.3000000000000000E-002   1.0345413408138737        10.503613403270476      C
   1.6565656565656566       0.47979797979797978        1.7500000000000000       0.95999999999999996        2.3000000000000000E-002   1.0348917059741805        10.602585300043671      C
   1.6565656565656566       0.48484848484848486        1.7500000000000000       0.95999999999999996        2.3000000000000000E-002   1.0352585774055794        10.706717340475588      C
   1.6565656565656566       0.48989898989898989        1.7500000000000000       0.95999999999999996        2.3000000000000000E-002   1.0356113789121595        10.807335767482348      C
   1.6565656565656566       0.49494949494949497        1.7500000000000000       0.95999999999999996        2.3000000000000000E-002   1.0359648939687569        10.908629708288252      C
   1.6565656565656566       0.50000000000000000        1.7500000000000000       0.95999999999999996        2.3000000000000000E-002   1.0363257030991875        11.012500857439175      C
