 gamma g3f pt DY-RATIO error R_dy tmp element 
   1.6565656565656566        0.0000000000000000       0.25000000000000000       0.87600000000000000        4.8000000000000001E-002  0.97936230363725629        4.6370511342015472      W
   1.6565656565656566        5.0505050505050509E-003  0.25000000000000000       0.87600000000000000        4.8000000000000001E-002  0.97831532715514657        4.5435877477711255      W
   1.6565656565656566        1.0101010101010102E-002  0.25000000000000000       0.87600000000000000        4.8000000000000001E-002  0.97727188315324398        4.4513864224845054      W
   1.6565656565656566        1.5151515151515152E-002  0.25000000000000000       0.87600000000000000        4.8000000000000001E-002  0.97623195193425150        4.3604358457248704      W
   1.6565656565656566        2.0202020202020204E-002  0.25000000000000000       0.87600000000000000        4.8000000000000001E-002  0.97519551395422199        4.2707248214593099      W
   1.6565656565656566        2.5252525252525252E-002  0.25000000000000000       0.87600000000000000        4.8000000000000001E-002  0.97416254982102624        4.1822422688218133      W
   1.6565656565656566        3.0303030303030304E-002  0.25000000000000000       0.87600000000000000        4.8000000000000001E-002  0.97313304029284176        4.0949772207165012      W
   1.6565656565656566        3.5353535353535352E-002  0.25000000000000000       0.87600000000000000        4.8000000000000001E-002  0.97210696627665816        4.0089188224404113      W
   1.6565656565656566        4.0404040404040407E-002  0.25000000000000000       0.87600000000000000        4.8000000000000001E-002  0.97108430882679930        3.9240563303255831      W
   1.6565656565656566        4.5454545454545456E-002  0.25000000000000000       0.87600000000000000        4.8000000000000001E-002  0.97006504914346603        3.8403791104004688      W
   1.6565656565656566        5.0505050505050504E-002  0.25000000000000000       0.87600000000000000        4.8000000000000001E-002  0.96904916857129575        3.7578766370700576      W
   1.6565656565656566        5.5555555555555552E-002  0.25000000000000000       0.87600000000000000        4.8000000000000001E-002  0.96803664859793659        3.6765384918142634      W
   1.6565656565656566        6.0606060606060608E-002  0.25000000000000000       0.87600000000000000        4.8000000000000001E-002  0.96702747085264340        3.5963543619048801      W
   1.6565656565656566        6.5656565656565663E-002  0.25000000000000000       0.87600000000000000        4.8000000000000001E-002  0.96602161710488743        3.5173140391401740      W
   1.6565656565656566        7.0707070707070704E-002  0.25000000000000000       0.87600000000000000        4.8000000000000001E-002  0.96501906926298164        3.4394074185970149      W
   1.6565656565656566        7.5757575757575760E-002  0.25000000000000000       0.87600000000000000        4.8000000000000001E-002  0.96401980937272735        3.3626244974007213      W
   1.6565656565656566        8.0808080808080815E-002  0.25000000000000000       0.87600000000000000        4.8000000000000001E-002  0.96302381961606953        3.2869553735113750      W
   1.6565656565656566        8.5858585858585856E-002  0.25000000000000000       0.87600000000000000        4.8000000000000001E-002  0.96203108230977674        3.2123902445275956      W
   1.6565656565656566        9.0909090909090912E-002  0.25000000000000000       0.87600000000000000        4.8000000000000001E-002  0.96104157990412886        3.1389194065062211      W
   1.6565656565656566        9.5959595959595953E-002  0.25000000000000000       0.87600000000000000        4.8000000000000001E-002  0.96005529498162523        3.0665332527986249      W
   1.6565656565656566       0.10101010101010101       0.25000000000000000       0.87600000000000000        4.8000000000000001E-002  0.95907221025570599        2.9952222729028746      W
   1.6565656565656566       0.10606060606060606       0.25000000000000000       0.87600000000000000        4.8000000000000001E-002  0.95809230856949001        2.9249770513317550      W
   1.6565656565656566       0.11111111111111110       0.25000000000000000       0.87600000000000000        4.8000000000000001E-002  0.95711557289452587        2.8557882664961540      W
   1.6565656565656566       0.11616161616161616       0.25000000000000000       0.87600000000000000        4.8000000000000001E-002  0.95614198632955794        2.7876466896037546      W
   1.6565656565656566       0.12121212121212122       0.25000000000000000       0.87600000000000000        4.8000000000000001E-002  0.95517153209930805        2.7205431835728144      W
   1.6565656565656566       0.12626262626262627       0.25000000000000000       0.87600000000000000        4.8000000000000001E-002  0.95420419355327069        2.6544687019606874      W
   1.6565656565656566       0.13131313131313133       0.25000000000000000       0.87600000000000000        4.8000000000000001E-002  0.95323995416452156        2.5894142879068540      W
   1.6565656565656566       0.13636363636363635       0.25000000000000000       0.87600000000000000        4.8000000000000001E-002  0.95227879752854128        2.5253710730903625      W
   1.6565656565656566       0.14141414141414141       0.25000000000000000       0.87600000000000000        4.8000000000000001E-002  0.95132070736205065        2.4623302767012465      W
   1.6565656565656566       0.14646464646464646       0.25000000000000000       0.87600000000000000        4.8000000000000001E-002  0.95036566750186346        2.4002832044260898      W
   1.6565656565656566       0.15151515151515152       0.25000000000000000       0.87600000000000000        4.8000000000000001E-002  0.94941366190374721        2.3392212474469201      W
   1.6565656565656566       0.15656565656565657       0.25000000000000000       0.87600000000000000        4.8000000000000001E-002  0.94846467464130113        2.2791358814538327      W
   1.6565656565656566       0.16161616161616163       0.25000000000000000       0.87600000000000000        4.8000000000000001E-002  0.94751868990484500        2.2200186656707372      W
   1.6565656565656566       0.16666666666666666       0.25000000000000000       0.87600000000000000        4.8000000000000001E-002  0.94657569200032254        2.1618612418942673      W
   1.6565656565656566       0.17171717171717171       0.25000000000000000       0.87600000000000000        4.8000000000000001E-002  0.94563566534821553        2.1046553335454274      W
   1.6565656565656566       0.17676767676767677       0.25000000000000000       0.87600000000000000        4.8000000000000001E-002  0.94469859448247029        2.0483927447338965      W
   1.6565656565656566       0.18181818181818182       0.25000000000000000       0.87600000000000000        4.8000000000000001E-002  0.94376446404943870        1.9930653593349261      W
   1.6565656565656566       0.18686868686868688       0.25000000000000000       0.87600000000000000        4.8000000000000001E-002  0.94283325880682856        1.9386651400783534      W
   1.6565656565656566       0.19191919191919191       0.25000000000000000       0.87600000000000000        4.8000000000000001E-002  0.94190496362266807        1.8851841276498269      W
   1.6565656565656566       0.19696969696969696       0.25000000000000000       0.87600000000000000        4.8000000000000001E-002  0.94097956347428013        1.8326144398038196      W
   1.6565656565656566       0.20202020202020202       0.25000000000000000       0.87600000000000000        4.8000000000000001E-002  0.94005704344726992        1.7809482704884665      W
   1.6565656565656566       0.20707070707070707       0.25000000000000000       0.87600000000000000        4.8000000000000001E-002  0.93913738873452390        1.7301778889819384      W
   1.6565656565656566       0.21212121212121213       0.25000000000000000       0.87600000000000000        4.8000000000000001E-002  0.93822058463521729        1.6802956390400339      W
   1.6565656565656566       0.21717171717171718       0.25000000000000000       0.87600000000000000        4.8000000000000001E-002  0.93730661655383696        1.6312939380552063      W
   1.6565656565656566       0.22222222222222221       0.25000000000000000       0.87600000000000000        4.8000000000000001E-002  0.93639546999921208        1.5831652762264439      W
   1.6565656565656566       0.22727272727272727       0.25000000000000000       0.87600000000000000        4.8000000000000001E-002  0.93548713058355759        1.5359022157401183      W
   1.6565656565656566       0.23232323232323232       0.25000000000000000       0.87600000000000000        4.8000000000000001E-002  0.93458158402152613        1.4894973899614261      W
   1.6565656565656566       0.23737373737373738       0.25000000000000000       0.87600000000000000        4.8000000000000001E-002  0.93367881612927361        1.4439435026365250      W
   1.6565656565656566       0.24242424242424243       0.25000000000000000       0.87600000000000000        4.8000000000000001E-002  0.93277881282353325        1.3992333271049584      W
   1.6565656565656566       0.24747474747474749       0.25000000000000000       0.87600000000000000        4.8000000000000001E-002  0.93188156012069834        1.3553597055222322      W
   1.6565656565656566       0.25252525252525254       0.25000000000000000       0.87600000000000000        4.8000000000000001E-002  0.93098704413591926        1.3123155480926791      W
   1.6565656565656566       0.25757575757575757       0.25000000000000000       0.87600000000000000        4.8000000000000001E-002  0.93009525108220859        1.2700938323121480      W
   1.6565656565656566       0.26262626262626265       0.25000000000000000       0.87600000000000000        4.8000000000000001E-002  0.92920616726955241        1.2286876022203082      W
   1.6565656565656566       0.26767676767676768       0.25000000000000000       0.87600000000000000        4.8000000000000001E-002  0.92831977910403929        1.1880899676629628      W
   1.6565656565656566       0.27272727272727271       0.25000000000000000       0.87600000000000000        4.8000000000000001E-002  0.92743607308699072        1.1482941035634771      W
   1.6565656565656566       0.27777777777777779       0.25000000000000000       0.87600000000000000        4.8000000000000001E-002  0.92655503581410814        1.1092932492038874      W
   1.6565656565656566       0.28282828282828282       0.25000000000000000       0.87600000000000000        4.8000000000000001E-002  0.92567665397462162        1.0710807075148827      W
   1.6565656565656566       0.28787878787878790       0.25000000000000000       0.87600000000000000        4.8000000000000001E-002  0.92480091435045675        1.0336498443752671      W
   1.6565656565656566       0.29292929292929293       0.25000000000000000       0.87600000000000000        4.8000000000000001E-002  0.92392780381540285       0.99699408792002764      W
   1.6565656565656566       0.29797979797979796       0.25000000000000000       0.87600000000000000        4.8000000000000001E-002  0.92305730933429564       0.96110692785745988      W
   1.6565656565656566       0.30303030303030304       0.25000000000000000       0.87600000000000000        4.8000000000000001E-002  0.92218941796220433       0.92598191479479330      W
   1.6565656565656566       0.30808080808080807       0.25000000000000000       0.87600000000000000        4.8000000000000001E-002  0.92132411684363225       0.89161265957258173      W
   1.6565656565656566       0.31313131313131315       0.25000000000000000       0.87600000000000000        4.8000000000000001E-002  0.92046139321172138       0.85799283260733672      W
   1.6565656565656566       0.31818181818181818       0.25000000000000000       0.87600000000000000        4.8000000000000001E-002  0.91960123438747055       0.82511616324268400      W
   1.6565656565656566       0.32323232323232326       0.25000000000000000       0.87600000000000000        4.8000000000000001E-002  0.91874362777895657       0.79297643910850169      W
   1.6565656565656566       0.32828282828282829       0.25000000000000000       0.87600000000000000        4.8000000000000001E-002  0.91788856088056825       0.76156750548831276      W
   1.6565656565656566       0.33333333333333331       0.25000000000000000       0.87600000000000000        4.8000000000000001E-002  0.91703602127224704       0.73088326469457954      W
   1.6565656565656566       0.33838383838383840       0.25000000000000000       0.87600000000000000        4.8000000000000001E-002  0.91618599661873446       0.70091767545179551      W
   1.6565656565656566       0.34343434343434343       0.25000000000000000       0.87600000000000000        4.8000000000000001E-002  0.91533847466882978       0.67166475228739686      W
   1.6565656565656566       0.34848484848484851       0.25000000000000000       0.87600000000000000        4.8000000000000001E-002  0.91449344325465476       0.64311856493026298      W
   1.6565656565656566       0.35353535353535354       0.25000000000000000       0.87600000000000000        4.8000000000000001E-002  0.91365089029092672       0.61527323771675335      W
   1.6565656565656566       0.35858585858585856       0.25000000000000000       0.87600000000000000        4.8000000000000001E-002  0.91281080377423662       0.58812294900405959      W
   1.6565656565656566       0.36363636363636365       0.25000000000000000       0.87600000000000000        4.8000000000000001E-002  0.91197317178233916       0.56166193059100811      W
   1.6565656565656566       0.36868686868686867       0.25000000000000000       0.87600000000000000        4.8000000000000001E-002  0.91113798247344835       0.53588446714599103      W
   1.6565656565656566       0.37373737373737376       0.25000000000000000       0.87600000000000000        4.8000000000000001E-002  0.91030522408553938       0.51078489564195795      W
   1.6565656565656566       0.37878787878787878       0.25000000000000000       0.87600000000000000        4.8000000000000001E-002  0.90947488493565820       0.48635760479841850      W
   1.6565656565656566       0.38383838383838381       0.25000000000000000       0.87600000000000000        4.8000000000000001E-002  0.90864695341924195       0.46259703453044876      W
   1.6565656565656566       0.38888888888888890       0.25000000000000000       0.87600000000000000        4.8000000000000001E-002  0.90782141800944094       0.43949767540432816      W
   1.6565656565656566       0.39393939393939392       0.25000000000000000       0.87600000000000000        4.8000000000000001E-002  0.90699826725645238       0.41705406810002082      W
   1.6565656565656566       0.39898989898989901       0.25000000000000000       0.87600000000000000        4.8000000000000001E-002  0.90617748978685742       0.39526080288015780      W
   1.6565656565656566       0.40404040404040403       0.25000000000000000       0.87600000000000000        4.8000000000000001E-002  0.90535907430296914       0.37411251906565213      W
   1.6565656565656566       0.40909090909090912       0.25000000000000000       0.87600000000000000        4.8000000000000001E-002  0.90454300958218381       0.35360390451763746      W
   1.6565656565656566       0.41414141414141414       0.25000000000000000       0.87600000000000000        4.8000000000000001E-002  0.90372928447634038       0.33372969512578621      W
   1.6565656565656566       0.41919191919191917       0.25000000000000000       0.87600000000000000        4.8000000000000001E-002  0.90291788791108707       0.31448467430288513      W
   1.6565656565656566       0.42424242424242425       0.25000000000000000       0.87600000000000000        4.8000000000000001E-002  0.90210880888525358       0.29586367248554518      W
   1.6565656565656566       0.42929292929292928       0.25000000000000000       0.87600000000000000        4.8000000000000001E-002  0.90130203647023033       0.27786156664100065      W
   1.6565656565656566       0.43434343434343436       0.25000000000000000       0.87600000000000000        4.8000000000000001E-002  0.90049755980935409       0.26047327977989604      W
   1.6565656565656566       0.43939393939393939       0.25000000000000000       0.87600000000000000        4.8000000000000001E-002  0.89969536811730000       0.24369378047498144      W
   1.6565656565656566       0.44444444444444442       0.25000000000000000       0.87600000000000000        4.8000000000000001E-002  0.89889545067947996       0.22751808238563331      W
   1.6565656565656566       0.44949494949494950       0.25000000000000000       0.87600000000000000        4.8000000000000001E-002  0.89809779685144620       0.21194124378810125      W
   1.6565656565656566       0.45454545454545453       0.25000000000000000       0.87600000000000000        4.8000000000000001E-002  0.89730239605830286       0.19695836711145720      W
   1.6565656565656566       0.45959595959595961       0.25000000000000000       0.87600000000000000        4.8000000000000001E-002  0.89650923779412173       0.18256459847909332      W
   1.6565656565656566       0.46464646464646464       0.25000000000000000       0.87600000000000000        4.8000000000000001E-002  0.89571831162136539       0.16875512725576106      W
   1.6565656565656566       0.46969696969696972       0.25000000000000000       0.87600000000000000        4.8000000000000001E-002  0.89492960717031489       0.15552518560001599      W
   1.6565656565656566       0.47474747474747475       0.25000000000000000       0.87600000000000000        4.8000000000000001E-002  0.89414311413850533       0.14287004802206255      W
   1.6565656565656566       0.47979797979797978       0.25000000000000000       0.87600000000000000        4.8000000000000001E-002  0.89335882229016428       0.13078503094683339      W
   1.6565656565656566       0.48484848484848486       0.25000000000000000       0.87600000000000000        4.8000000000000001E-002  0.89257672145565847       0.11926549228232984      W
   1.6565656565656566       0.48989898989898989       0.25000000000000000       0.87600000000000000        4.8000000000000001E-002  0.89179680153094509       0.10830683099308561      W
   1.6565656565656566       0.49494949494949497       0.25000000000000000       0.87600000000000000        4.8000000000000001E-002  0.89101905247702751        9.7904486678691852E-002 W
   1.6565656565656566       0.50000000000000000       0.25000000000000000       0.87600000000000000        4.8000000000000001E-002  0.89024346431942025        8.8053939157377512E-002 W
