 gamma g3f pt DY-RATIO error R_dy tmp element 
   1.6161616161616161        0.0000000000000000        1.2500000000000000       0.90700000000000003        1.9000000000000000E-002  0.94509901437410870        4.0208722888602200      W
   1.6161616161616161        5.0505050505050509E-003   1.2500000000000000       0.90700000000000003        1.9000000000000000E-002  0.94557209081891036        4.1213467870976919      W
   1.6161616161616161        1.0101010101010102E-002   1.2500000000000000       0.90700000000000003        1.9000000000000000E-002  0.94600440675829378        4.2142486054471782      W
   1.6161616161616161        1.5151515151515152E-002   1.2500000000000000       0.90700000000000003        1.9000000000000000E-002  0.94643606701236993        4.3080426077676721      W
   1.6161616161616161        2.0202020202020204E-002   1.2500000000000000       0.90700000000000003        1.9000000000000000E-002  0.94687233302718898        4.4038862632439422      W
   1.6161616161616161        2.5252525252525252E-002   1.2500000000000000       0.90700000000000003        1.9000000000000000E-002  0.94727073199318501        4.4923320090496750      W
   1.6161616161616161        3.0303030303030304E-002   1.2500000000000000       0.90700000000000003        1.9000000000000000E-002  0.94769961365338062        4.5885278435857177      W
   1.6161616161616161        3.5353535353535352E-002   1.2500000000000000       0.90700000000000003        1.9000000000000000E-002  0.94806172020868529        4.6705397963887849      W
   1.6161616161616161        4.0404040404040407E-002   1.2500000000000000       0.90700000000000003        1.9000000000000000E-002  0.94845057827206614        4.7594194988606064      W
   1.6161616161616161        4.5454545454545456E-002   1.2500000000000000       0.90700000000000003        1.9000000000000000E-002  0.94882786601691027        4.8464553338742240      W
   1.6161616161616161        5.0505050505050504E-002   1.2500000000000000       0.90700000000000003        1.9000000000000000E-002  0.94917209328241903        4.9265524981192508      W
   1.6161616161616161        5.5555555555555552E-002   1.2500000000000000       0.90700000000000003        1.9000000000000000E-002  0.94952660190245386        5.0097281699994181      W
   1.6161616161616161        6.0606060606060608E-002   1.2500000000000000       0.90700000000000003        1.9000000000000000E-002  0.94985736079060146        5.0879594845866505      W
   1.6161616161616161        6.5656565656565663E-002   1.2500000000000000       0.90700000000000003        1.9000000000000000E-002  0.95017965861953058        5.1647726274216037      W
   1.6161616161616161        7.0707070707070704E-002   1.2500000000000000       0.90700000000000003        1.9000000000000000E-002  0.95050085787254768        5.2418964976387556      W
   1.6161616161616161        7.5757575757575760E-002   1.2500000000000000       0.90700000000000003        1.9000000000000000E-002  0.95081117373900736        5.3169499844584101      W
   1.6161616161616161        8.0808080808080815E-002   1.2500000000000000       0.90700000000000003        1.9000000000000000E-002  0.95108368943358312        5.3833010362232852      W
   1.6161616161616161        8.5858585858585856E-002   1.2500000000000000       0.90700000000000003        1.9000000000000000E-002  0.95137258673696135        5.4540898995267471      W
   1.6161616161616161        9.0909090909090912E-002   1.2500000000000000       0.90700000000000003        1.9000000000000000E-002  0.95165093437275117        5.5227311367305516      W
   1.6161616161616161        9.5959595959595953E-002   1.2500000000000000       0.90700000000000003        1.9000000000000000E-002  0.95190439070147692        5.5856074910550815      W
   1.6161616161616161       0.10101010101010101        1.2500000000000000       0.90700000000000003        1.9000000000000000E-002  0.95217463022002991        5.6530393781618740      W
   1.6161616161616161       0.10606060606060606        1.2500000000000000       0.90700000000000003        1.9000000000000000E-002  0.95240231821844790        5.7101675889451613      W
   1.6161616161616161       0.11111111111111110        1.2500000000000000       0.90700000000000003        1.9000000000000000E-002  0.95263956986063181        5.7700009336938747      W
   1.6161616161616161       0.11616161616161616        1.2500000000000000       0.90700000000000003        1.9000000000000000E-002  0.95286681265535944        5.8276025018333470      W
   1.6161616161616161       0.12121212121212122        1.2500000000000000       0.90700000000000003        1.9000000000000000E-002  0.95307432643856538        5.8804530658379006      W
   1.6161616161616161       0.12626262626262627        1.2500000000000000       0.90700000000000003        1.9000000000000000E-002  0.95328186922402769        5.9335496367589995      W
   1.6161616161616161       0.13131313131313133        1.2500000000000000       0.90700000000000003        1.9000000000000000E-002  0.95347454927805508        5.9830574254802436      W
   1.6161616161616161       0.13636363636363635        1.2500000000000000       0.90700000000000003        1.9000000000000000E-002  0.95366280786591262        6.0316278059032520      W
   1.6161616161616161       0.14141414141414141        1.2500000000000000       0.90700000000000003        1.9000000000000000E-002  0.95383506373865956        6.0762415385160695      W
   1.6161616161616161       0.14646464646464646        1.2500000000000000       0.90700000000000003        1.9000000000000000E-002  0.95400444710603283        6.1202716003984357      W
   1.6161616161616161       0.15151515151515152        1.2500000000000000       0.90700000000000003        1.9000000000000000E-002  0.95417976862386744        6.1660126520821716      W
   1.6161616161616161       0.15656565656565657        1.2500000000000000       0.90700000000000003        1.9000000000000000E-002  0.95432620228054033        6.2043474301900758      W
   1.6161616161616161       0.16161616161616163        1.2500000000000000       0.90700000000000003        1.9000000000000000E-002  0.95446802705338807        6.2415888984520187      W
   1.6161616161616161       0.16666666666666666        1.2500000000000000       0.90700000000000003        1.9000000000000000E-002  0.95460086542866240        6.2765717162261083      W
   1.6161616161616161       0.17171717171717171        1.2500000000000000       0.90700000000000003        1.9000000000000000E-002  0.95472425206470168        6.3091530059146272      W
   1.6161616161616161       0.17676767676767677        1.2500000000000000       0.90700000000000003        1.9000000000000000E-002  0.95483940377924659        6.3396358835285049      W
   1.6161616161616161       0.18181818181818182        1.2500000000000000       0.90700000000000003        1.9000000000000000E-002  0.95494586017173200        6.3678822925409255      W
   1.6161616161616161       0.18686868686868688        1.2500000000000000       0.90700000000000003        1.9000000000000000E-002  0.95956171594240913        7.6530027224667689      W
   1.6161616161616161       0.19191919191919191        1.2500000000000000       0.90700000000000003        1.9000000000000000E-002  0.95964497001531335        7.6772655620865340      W
   1.6161616161616161       0.19696969696969696        1.2500000000000000       0.90700000000000003        1.9000000000000000E-002  0.95971982394328226        7.6991131208051922      W
   1.6161616161616161       0.20202020202020202        1.2500000000000000       0.90700000000000003        1.9000000000000000E-002  0.95974254119213775        7.7057497268818418      W
   1.6161616161616161       0.20707070707070707        1.2500000000000000       0.90700000000000003        1.9000000000000000E-002  0.95980710313082651        7.7246264295560776      W
   1.6161616161616161       0.21212121212121213        1.2500000000000000       0.90700000000000003        1.9000000000000000E-002  0.95983109457150739        7.7316469629461357      W
   1.6161616161616161       0.21717171717171718        1.2500000000000000       0.90700000000000003        1.9000000000000000E-002  0.95987342935098019        7.7440430230833535      W
   1.6161616161616161       0.22222222222222221        1.2500000000000000       0.90700000000000003        1.9000000000000000E-002  0.95986649629786391        7.7420122737176058      W
   1.6161616161616161       0.22727272727272727        1.2500000000000000       0.90700000000000003        1.9000000000000000E-002  0.95989312702521723        7.7498140900436630      W
   1.6161616161616161       0.23232323232323232        1.2500000000000000       0.90700000000000003        1.9000000000000000E-002  0.95991199085809420        7.7553428713768451      W
   1.6161616161616161       0.23737373737373738        1.2500000000000000       0.90700000000000003        1.9000000000000000E-002  0.95985959860811798        7.7399921468458315      W
   1.6161616161616161       0.24242424242424243        1.2500000000000000       0.90700000000000003        1.9000000000000000E-002  0.95986584061608726        7.7418202328131267      W
   1.6161616161616161       0.24747474747474749        1.2500000000000000       0.90700000000000003        1.9000000000000000E-002  0.95986207320714212        7.7407168525131569      W
   1.6161616161616161       0.25252525252525254        1.2500000000000000       0.90700000000000003        1.9000000000000000E-002  0.95981364206942998        7.7265395807142978      W
   1.6161616161616161       0.25757575757575757        1.2500000000000000       0.90700000000000003        1.9000000000000000E-002  0.95979520167134791        7.7211449294135575      W
   1.6161616161616161       0.26262626262626265        1.2500000000000000       0.90700000000000003        1.9000000000000000E-002  0.95989170293559933        7.7493967851182379      W
   1.6161616161616161       0.26767676767676768        1.2500000000000000       0.90700000000000003        1.9000000000000000E-002  0.95985870368355941        7.7397300695466322      W
   1.6161616161616161       0.27272727272727271        1.2500000000000000       0.90700000000000003        1.9000000000000000E-002  0.95972476512660410        7.7005563923976847      W
   1.6161616161616161       0.27777777777777779        1.2500000000000000       0.90700000000000003        1.9000000000000000E-002  0.95967977647551161        7.6874206357613959      W
   1.6161616161616161       0.28282828282828282        1.2500000000000000       0.90700000000000003        1.9000000000000000E-002  0.95962591172876754        7.6717079924765379      W
   1.6161616161616161       0.28787878787878790        1.2500000000000000       0.90700000000000003        1.9000000000000000E-002  0.95956519775583493        7.6540166623546551      W
   1.6161616161616161       0.29292929292929293        1.2500000000000000       0.90700000000000003        1.9000000000000000E-002  0.95934747837945411        7.5907437470565453      W
   1.6161616161616161       0.29797979797979796        1.2500000000000000       0.90700000000000003        1.9000000000000000E-002  0.95927355445892504        7.5693199328814371      W
   1.6161616161616161       0.30303030303030304        1.2500000000000000       0.90700000000000003        1.9000000000000000E-002  0.95919301526801193        7.5460134148668230      W
   1.6161616161616161       0.30808080808080807        1.2500000000000000       0.90700000000000003        1.9000000000000000E-002  0.95901393979311900        7.4943211434964123      W
   1.6161616161616161       0.31313131313131315        1.2500000000000000       0.90700000000000003        1.9000000000000000E-002  0.95892055199310511        7.4674341253981380      W
   1.6161616161616161       0.31818181818181818        1.2500000000000000       0.90700000000000003        1.9000000000000000E-002  0.95882077643898211        7.4387614147893659      W
   1.6161616161616161       0.32323232323232326        1.2500000000000000       0.90700000000000003        1.9000000000000000E-002  0.95871468761321255        7.4083349444104050      W
   1.6161616161616161       0.32828282828282829        1.2500000000000000       0.90700000000000003        1.9000000000000000E-002  0.95845515622432120        7.3341637176434853      W
   1.6161616161616161       0.33333333333333331        1.2500000000000000       0.90700000000000003        1.9000000000000000E-002  0.95833690239763680        7.3004918221176851      W
   1.6161616161616161       0.33838383838383840        1.2500000000000000       0.90700000000000003        1.9000000000000000E-002  0.95821015958754452        7.2644887672625345      W
   1.6161616161616161       0.34343434343434343        1.2500000000000000       0.90700000000000003        1.9000000000000000E-002  0.95807979454518166        7.2275496143433999      W
   1.6161616161616161       0.34848484848484851        1.2500000000000000       0.90700000000000003        1.9000000000000000E-002  0.95785352945460178        7.1636605484488873      W
   1.6161616161616161       0.35353535353535354        1.2500000000000000       0.90700000000000003        1.9000000000000000E-002  0.95771147583162675        7.1236946842705287      W
   1.6161616161616161       0.35858585858585856        1.2500000000000000       0.90700000000000003        1.9000000000000000E-002  0.95750837306598890        7.0667472292883948      W
   1.6161616161616161       0.36363636363636365        1.2500000000000000       0.90700000000000003        1.9000000000000000E-002  0.95735485168760381        7.0238534306941096      W
   1.6161616161616161       0.36868686868686867        1.2500000000000000       0.90700000000000003        1.9000000000000000E-002  0.95710686041559867        6.9548406113802947      W
   1.6161616161616161       0.37373737373737376        1.2500000000000000       0.90700000000000003        1.9000000000000000E-002  0.95694219616630549        6.9092048695671364      W
   1.6161616161616161       0.37878787878787878        1.2500000000000000       0.90700000000000003        1.9000000000000000E-002  0.95677199032925031        6.8621911948337493      W
   1.6161616161616161       0.38383838383838381        1.2500000000000000       0.90700000000000003        1.9000000000000000E-002  0.95659630907107263        6.8138334445245370      W
   1.6161616161616161       0.38888888888888890        1.2500000000000000       0.90700000000000003        1.9000000000000000E-002  0.95627325783037465        6.7253571668104524      W
   1.6161616161616161       0.39393939393939392        1.2500000000000000       0.90700000000000003        1.9000000000000000E-002  0.95608704369948927        6.6746201084641728      W
   1.6161616161616161       0.39898989898989901        1.2500000000000000       0.90700000000000003        1.9000000000000000E-002  0.95589061482290894        6.6213080824433250      W
   1.6161616161616161       0.40404040404040403        1.2500000000000000       0.90700000000000003        1.9000000000000000E-002  0.95569390738470106        6.5681346714400046      W
   1.6161616161616161       0.40909090909090912        1.2500000000000000       0.90700000000000003        1.9000000000000000E-002  0.95540537606521492        6.4905275125065884      W
   1.6161616161616161       0.41414141414141414        1.2500000000000000       0.90700000000000003        1.9000000000000000E-002  0.95519855495392991        6.4351819934819918      W
   1.6161616161616161       0.41919191919191917        1.2500000000000000       0.90700000000000003        1.9000000000000000E-002  0.95498670273292618        6.3787358425989549      W
   1.6161616161616161       0.42424242424242425        1.2500000000000000       0.90700000000000003        1.9000000000000000E-002  0.95476988042968902        6.3212229259467678      W
   1.6161616161616161       0.42929292929292928        1.2500000000000000       0.90700000000000003        1.9000000000000000E-002  0.95440966483559275        6.2262501934161705      W
   1.6161616161616161       0.43434343434343436        1.2500000000000000       0.90700000000000003        1.9000000000000000E-002  0.95418329334043916        6.1669339901660063      W
   1.6161616161616161       0.43939393939393939        1.2500000000000000       0.90700000000000003        1.9000000000000000E-002  0.95395213076187702        6.1066553547933387      W
   1.6161616161616161       0.44444444444444442        1.2500000000000000       0.90700000000000003        1.9000000000000000E-002  0.95371623568253394        6.0454478569142793      W
   1.6161616161616161       0.44949494949494950        1.2500000000000000       0.90700000000000003        1.9000000000000000E-002  0.95339121157626461        5.9616191454674379      W
   1.6161616161616161       0.45454545454545453        1.2500000000000000       0.90700000000000003        1.9000000000000000E-002  0.95314615125804170        5.8988013183658188      W
   1.6161616161616161       0.45959595959595961        1.2500000000000000       0.90700000000000003        1.9000000000000000E-002  0.95288291377477063        5.8316946716427545      W
   1.6161616161616161       0.46464646464646464        1.2500000000000000       0.90700000000000003        1.9000000000000000E-002  0.95257713211902850        5.7542242997101853      W
   1.6161616161616161       0.46969696969696972        1.2500000000000000       0.90700000000000003        1.9000000000000000E-002  0.95231864761681417        5.6891407806564382      W
   1.6161616161616161       0.47474747474747475        1.2500000000000000       0.90700000000000003        1.9000000000000000E-002  0.95205576939762315        5.6233306260714473      W
   1.6161616161616161       0.47979797979797978        1.2500000000000000       0.90700000000000003        1.9000000000000000E-002  0.95170580799454885        5.5363137630068291      W
   1.6161616161616161       0.48484848484848486        1.2500000000000000       0.90700000000000003        1.9000000000000000E-002  0.95143442697562008        5.4693027718883975      W
   1.6161616161616161       0.48989898989898989        1.2500000000000000       0.90700000000000003        1.9000000000000000E-002  0.95115881384065470        5.4016643762149448      W
   1.6161616161616161       0.49494949494949497        1.2500000000000000       0.90700000000000003        1.9000000000000000E-002  0.95087902141862557        5.3334308051418251      W
   1.6161616161616161       0.50000000000000000        1.2500000000000000       0.90700000000000003        1.9000000000000000E-002  0.95046332081030271        5.2328538943470653      W
