 gamma g3f pt DY-RATIO error R_dy tmp element 
   1.6161616161616161        0.0000000000000000       0.25000000000000000       0.92000000000000004        3.2000000000000001E-002  0.96096940702531330        1.6391526484431524      W
   1.6161616161616161        5.0505050505050509E-003  0.25000000000000000       0.92000000000000004        3.2000000000000001E-002  0.95942335310625337        1.5177741895901704      W
   1.6161616161616161        1.0101010101010102E-002  0.25000000000000000       0.92000000000000004        3.2000000000000001E-002  0.95788497355607904        1.4016320520945367      W
   1.6161616161616161        1.5151515151515152E-002  0.25000000000000000       0.92000000000000004        3.2000000000000001E-002  0.95635420632886992        1.2906526541035572      W
   1.6161616161616161        2.0202020202020204E-002  0.25000000000000000       0.92000000000000004        3.2000000000000001E-002  0.95483099007308803        1.1847635444058144      W
   1.6161616161616161        2.5252525252525252E-002  0.25000000000000000       0.92000000000000004        3.2000000000000001E-002  0.95331526412166423        1.0838933823205521      W
   1.6161616161616161        3.0303030303030304E-002  0.25000000000000000       0.92000000000000004        3.2000000000000001E-002  0.95180696848225566       0.98797191799922091      W
   1.6161616161616161        3.5353535353535352E-002  0.25000000000000000       0.92000000000000004        3.2000000000000001E-002  0.95030604382767270       0.89692997312970313      W
   1.6161616161616161        4.0404040404040407E-002  0.25000000000000000       0.92000000000000004        3.2000000000000001E-002  0.94881243148647043       0.81069942203374068      W
   1.6161616161616161        4.5454545454545456E-002  0.25000000000000000       0.92000000000000004        3.2000000000000001E-002  0.94732607343370234       0.72921317314852618      W
   1.6161616161616161        5.0505050505050504E-002  0.25000000000000000       0.92000000000000004        3.2000000000000001E-002  0.94584691228182904       0.65240515088336237      W
   1.6161616161616161        5.5555555555555552E-002  0.25000000000000000       0.92000000000000004        3.2000000000000001E-002  0.94437489127178709       0.58021027784320356      W
   1.6161616161616161        6.0606060606060608E-002  0.25000000000000000       0.92000000000000004        3.2000000000000001E-002  0.94290995426420554       0.51256445741014434      W
   1.6161616161616161        6.5656565656565663E-002  0.25000000000000000       0.92000000000000004        3.2000000000000001E-002  0.94145204573077368       0.44940455667500345      W
   1.6161616161616161        7.0707070707070704E-002  0.25000000000000000       0.92000000000000004        3.2000000000000001E-002  0.94000111074575354       0.39066838971083617      W
   1.6161616161616161        7.5757575757575760E-002  0.25000000000000000       0.92000000000000004        3.2000000000000001E-002  0.93855709497763673       0.33629470118069227      W
   1.6161616161616161        8.0808080808080815E-002  0.25000000000000000       0.92000000000000004        3.2000000000000001E-002  0.93711994468094129       0.28622315027196138      W
   1.6161616161616161        8.5858585858585856E-002  0.25000000000000000       0.92000000000000004        3.2000000000000001E-002  0.93568960668814316       0.24039429494982947      W
   1.6161616161616161        9.0909090909090912E-002  0.25000000000000000       0.92000000000000004        3.2000000000000001E-002  0.93426602840174822       0.19874957652293521      W
   1.6161616161616161        9.5959595959595953E-002  0.25000000000000000       0.92000000000000004        3.2000000000000001E-002  0.93284915778649080       0.16123130451380485      W
   1.6161616161616161       0.10101010101010101       0.25000000000000000       0.92000000000000004        3.2000000000000001E-002  0.93143894336166400       0.12778264182749596      W
   1.6161616161616161       0.10606060606060606       0.25000000000000000       0.92000000000000004        3.2000000000000001E-002  0.93003533419357920        9.8347590211737390E-002 W
   1.6161616161616161       0.11111111111111110       0.25000000000000000       0.92000000000000004        3.2000000000000001E-002  0.92863827988814662        7.2870976001911864E-002 W
   1.6161616161616161       0.11616161616161616       0.25000000000000000       0.92000000000000004        3.2000000000000001E-002  0.92724773058357757        5.1298436144653362E-002 W
   1.6161616161616161       0.12121212121212122       0.25000000000000000       0.92000000000000004        3.2000000000000001E-002  0.92586363694321216        3.3576404493947297E-002 W
   1.6161616161616161       0.12626262626262627       0.25000000000000000       0.92000000000000004        3.2000000000000001E-002  0.92448595014845769        1.9652098373483619E-002 W
   1.6161616161616161       0.13131313131313133       0.25000000000000000       0.92000000000000004        3.2000000000000001E-002  0.92311462189184712        9.4735053995830924E-003 W
   1.6161616161616161       0.13636363636363635       0.25000000000000000       0.92000000000000004        3.2000000000000001E-002  0.92174960437020659        2.9893705588338389E-003 W
   1.6161616161616161       0.14141414141414141       0.25000000000000000       0.92000000000000004        3.2000000000000001E-002  0.92039085027793854        1.4918353492637265E-004 W
   1.6161616161616161       0.14646464646464646       0.25000000000000000       0.92000000000000004        3.2000000000000001E-002  0.91903831280040882        9.0316627915781791E-004 W
   1.6161616161616161       0.15151515151515152       0.25000000000000000       0.92000000000000004        3.2000000000000001E-002  0.91769194560744316        5.2022608193370195E-003 W
   1.6161616161616161       0.15656565656565657       0.25000000000000000       0.92000000000000004        3.2000000000000001E-002  0.91635170284692713        1.2998117301874904E-002 W
   1.6161616161616161       0.16161616161616163       0.25000000000000000       0.92000000000000004        3.2000000000000001E-002  0.91501753913851080        2.4243082261984426E-002 W
   1.6161616161616161       0.16666666666666666       0.25000000000000000       0.92000000000000004        3.2000000000000001E-002  0.91368940956741207        3.8890187117061353E-002 W
   1.6161616161616161       0.17171717171717171       0.25000000000000000       0.92000000000000004        3.2000000000000001E-002  0.91236726967831783        5.6893136878444397E-002 W
   1.6161616161616161       0.17676767676767677       0.25000000000000000       0.92000000000000004        3.2000000000000001E-002  0.91105107546938657        7.8206299076772914E-002 W
   1.6161616161616161       0.18181818181818182       0.25000000000000000       0.92000000000000004        3.2000000000000001E-002  0.90974078338634057       0.10278469289647121      W
   1.6161616161616161       0.18686868686868688       0.25000000000000000       0.92000000000000004        3.2000000000000001E-002  0.90843635031665615       0.13058397851474537      W
   1.6161616161616161       0.19191919191919191       0.25000000000000000       0.92000000000000004        3.2000000000000001E-002  0.90713773358384320       0.16156044664081659      W
   1.6161616161616161       0.19696969696969696       0.25000000000000000       0.92000000000000004        3.2000000000000001E-002  0.90584489094181508       0.19567100825108380      W
   1.6161616161616161       0.20202020202020202       0.25000000000000000       0.92000000000000004        3.2000000000000001E-002  0.90455778056934633       0.23287318451607336      W
   1.6161616161616161       0.20707070707070707       0.25000000000000000       0.92000000000000004        3.2000000000000001E-002  0.90327636106461906       0.27312509691502995      W
   1.6161616161616161       0.21212121212121213       0.25000000000000000       0.92000000000000004        3.2000000000000001E-002  0.90200059143985190       0.31638545753431085      W
   1.6161616161616161       0.21717171717171718       0.25000000000000000       0.92000000000000004        3.2000000000000001E-002  0.90073043111601359       0.36261355954560448      W
   1.6161616161616161       0.22222222222222221       0.25000000000000000       0.92000000000000004        3.2000000000000001E-002  0.89946583991762030       0.41176926786015372      W
   1.6161616161616161       0.22727272727272727       0.25000000000000000       0.92000000000000004        3.2000000000000001E-002  0.89820677806760962       0.46381300995549091      W
   1.6161616161616161       0.23232323232323232       0.25000000000000000       0.92000000000000004        3.2000000000000001E-002  0.89695320618229679       0.51870576687082492      W
   1.6161616161616161       0.23737373737373738       0.25000000000000000       0.92000000000000004        3.2000000000000001E-002  0.89570508526640813       0.57640906436767703      W
   1.6161616161616161       0.24242424242424243       0.25000000000000000       0.92000000000000004        3.2000000000000001E-002  0.89446237670818840       0.63688496425242225      W
   1.6161616161616161       0.24747474747474749       0.25000000000000000       0.92000000000000004        3.2000000000000001E-002  0.89322504227458632       0.70009605585712076      W
   1.6161616161616161       0.25252525252525254       0.25000000000000000       0.92000000000000004        3.2000000000000001E-002  0.89199304410651215       0.76600544767556278      W
   1.6161616161616161       0.25757575757575757       0.25000000000000000       0.92000000000000004        3.2000000000000001E-002  0.89076634471416438       0.83457675915143281      W
   1.6161616161616161       0.26262626262626265       0.25000000000000000       0.92000000000000004        3.2000000000000001E-002  0.88954490697243471       0.90577411261490060      W
   1.6161616161616161       0.26767676767676768       0.25000000000000000       0.92000000000000004        3.2000000000000001E-002  0.88832869411637239       0.97956212536553489      W
   1.6161616161616161       0.27272727272727271       0.25000000000000000       0.92000000000000004        3.2000000000000001E-002  0.88711766973672945        1.0559059018972663      W
   1.6161616161616161       0.27777777777777779       0.25000000000000000       0.92000000000000004        3.2000000000000001E-002  0.88591179777555995        1.1347710262639865      W
   1.6161616161616161       0.28282828282828282       0.25000000000000000       0.92000000000000004        3.2000000000000001E-002  0.88471104252189592        1.2161235545814852      W
   1.6161616161616161       0.28787878787878790       0.25000000000000000       0.92000000000000004        3.2000000000000001E-002  0.88351536860748203        1.2999300076639750      W
   1.6161616161616161       0.29292929292929293       0.25000000000000000       0.92000000000000004        3.2000000000000001E-002  0.88232474100257507        1.3861573637920419      W
   1.6161616161616161       0.29797979797979796       0.25000000000000000       0.92000000000000004        3.2000000000000001E-002  0.88113912501180880        1.4747730516092068      W
   1.6161616161616161       0.30303030303030304       0.25000000000000000       0.92000000000000004        3.2000000000000001E-002  0.87995848627011419        1.5657449431451531      W
   1.6161616161616161       0.30808080808080807       0.25000000000000000       0.92000000000000004        3.2000000000000001E-002  0.87878279073870935        1.6590413469619405      W
   1.6161616161616161       0.31313131313131315       0.25000000000000000       0.92000000000000004        3.2000000000000001E-002  0.87761200470113798        1.7546310014222186      W
   1.6161616161616161       0.31818181818181818       0.25000000000000000       0.92000000000000004        3.2000000000000001E-002  0.87644609475937607        1.8524830680754416      W
   1.6161616161616161       0.32323232323232326       0.25000000000000000       0.92000000000000004        3.2000000000000001E-002  0.87528502782998641        1.9525671251612247      W
   1.6161616161616161       0.32828282828282829       0.25000000000000000       0.92000000000000004        3.2000000000000001E-002  0.87412877114034027        2.0548531612258629      W
   1.6161616161616161       0.33333333333333331       0.25000000000000000       0.92000000000000004        3.2000000000000001E-002  0.87297729222488274        2.1593115688516380      W
   1.6161616161616161       0.33838383838383840       0.25000000000000000       0.92000000000000004        3.2000000000000001E-002  0.87183055892146233        2.2659131384948403      W
   1.6161616161616161       0.34343434343434343       0.25000000000000000       0.92000000000000004        3.2000000000000001E-002  0.87068853936770807        2.3746290524317195      W
   1.6161616161616161       0.34848484848484851       0.25000000000000000       0.92000000000000004        3.2000000000000001E-002  0.86955120199746017        2.4854308788096398      W
   1.6161616161616161       0.35353535353535354       0.25000000000000000       0.92000000000000004        3.2000000000000001E-002  0.86841851553725613        2.5982905658010660      W
   1.6161616161616161       0.35858585858585856       0.25000000000000000       0.92000000000000004        3.2000000000000001E-002  0.86729044900286056        2.7131804358594214      W
   1.6161616161616161       0.36363636363636365       0.25000000000000000       0.92000000000000004        3.2000000000000001E-002  0.86616697169585255        2.8300731800733838      W
   1.6161616161616161       0.36868686868686867       0.25000000000000000       0.92000000000000004        3.2000000000000001E-002  0.86504805320025702        2.9489418526189333      W
   1.6161616161616161       0.37373737373737376       0.25000000000000000       0.92000000000000004        3.2000000000000001E-002  0.86393366337922461        3.0697598653067417      W
   1.6161616161616161       0.37878787878787878       0.25000000000000000       0.92000000000000004        3.2000000000000001E-002  0.86282377237176267        3.1925009822226711      W
   1.6161616161616161       0.38383838383838381       0.25000000000000000       0.92000000000000004        3.2000000000000001E-002  0.86171835058950708        3.3171393144605616      W
   1.6161616161616161       0.38888888888888890       0.25000000000000000       0.92000000000000004        3.2000000000000001E-002  0.86061736871354777        3.4436493149440821      W
   1.6161616161616161       0.39393939393939392       0.25000000000000000       0.92000000000000004        3.2000000000000001E-002  0.85952079769128975        3.5720057733378012      W
   1.6161616161616161       0.39898989898989901       0.25000000000000000       0.92000000000000004        3.2000000000000001E-002  0.85842860873336746        3.7021838110437097      W
   1.6161616161616161       0.40404040404040403       0.25000000000000000       0.92000000000000004        3.2000000000000001E-002  0.85734077331059511        3.8341588762834333      W
   1.6161616161616161       0.40909090909090912       0.25000000000000000       0.92000000000000004        3.2000000000000001E-002  0.85625726315096695        3.9679067392627743      W
   1.6161616161616161       0.41414141414141414       0.25000000000000000       0.92000000000000004        3.2000000000000001E-002  0.85517805023669358        4.1034034874185812      W
   1.6161616161616161       0.41919191919191917       0.25000000000000000       0.92000000000000004        3.2000000000000001E-002  0.85410310680128354        4.2406255207451657      W
   1.6161616161616161       0.42424242424242425       0.25000000000000000       0.92000000000000004        3.2000000000000001E-002  0.85303240532666458        4.3795495471993631      W
   1.6161616161616161       0.42929292929292928       0.25000000000000000       0.92000000000000004        3.2000000000000001E-002  0.85196591854034365        4.5201525781827758      W
   1.6161616161616161       0.43434343434343436       0.25000000000000000       0.92000000000000004        3.2000000000000001E-002  0.85090361941260995        4.6624119240990813      W
   1.6161616161616161       0.43939393939393939       0.25000000000000000       0.92000000000000004        3.2000000000000001E-002  0.84984548115377101        4.8063051899862348      W
   1.6161616161616161       0.44444444444444442       0.25000000000000000       0.92000000000000004        3.2000000000000001E-002  0.84879147721143400        4.9518102712204390      W
   1.6161616161616161       0.44949494949494950       0.25000000000000000       0.92000000000000004        3.2000000000000001E-002  0.84774158126781873        5.0989053492922372      W
   1.6161616161616161       0.45454545454545453       0.25000000000000000       0.92000000000000004        3.2000000000000001E-002  0.84669576723711049        5.2475688876522364      W
   1.6161616161616161       0.45959595959595961       0.25000000000000000       0.92000000000000004        3.2000000000000001E-002  0.84565400926284784        5.3977796276257042      W
   1.6161616161616161       0.46464646464646464       0.25000000000000000       0.92000000000000004        3.2000000000000001E-002  0.84461628171534819        5.5495165843942909      W
   1.6161616161616161       0.46969696969696972       0.25000000000000000       0.92000000000000004        3.2000000000000001E-002  0.84358255918916636        5.7027590430442086      W
   1.6161616161616161       0.47474747474747475       0.25000000000000000       0.92000000000000004        3.2000000000000001E-002  0.84255281650058855        5.8574865546792143      W
   1.6161616161616161       0.47979797979797978       0.25000000000000000       0.92000000000000004        3.2000000000000001E-002  0.84152702868516083        6.0136789325972444      W
   1.6161616161616161       0.48484848484848486       0.25000000000000000       0.92000000000000004        3.2000000000000001E-002  0.84050517099525068        6.1713162485296289      W
   1.6161616161616161       0.48989898989898989       0.25000000000000000       0.92000000000000004        3.2000000000000001E-002  0.83948721889764144        6.3303788289417113      W
   1.6161616161616161       0.49494949494949497       0.25000000000000000       0.92000000000000004        3.2000000000000001E-002  0.83847314807116025        6.4908472513935243      W
   1.6161616161616161       0.50000000000000000       0.25000000000000000       0.92000000000000004        3.2000000000000001E-002  0.83746293440433450        6.6527023409601522      W
