 x kt FF(p) FF(Pb) ratio
  0.34999999403953552        9.9999997764825821E-003  0.97675736233104093       0.60649780048409363       0.62092984795802386     
  0.35353535413742065        9.9999997764825821E-003  0.95385522458063920       0.59034322278587004       0.61890233189781330     
  0.35707071423530579        9.9999997764825821E-003  0.93129454284267232       0.57464111322938249       0.61703476912401400     
  0.36060604453086853        9.9999997764825821E-003  0.90908115266161937       0.55936727428160149       0.61531060526761427     
  0.36414140462875366        9.9999997764825821E-003  0.88720101359724368       0.54451284608112871       0.61374236248147174     
  0.36767676472663879        9.9999997764825821E-003  0.86567102012370833       0.53007525145170697       0.61232874744490906     
  0.37121212482452393        9.9999997764825821E-003  0.84448621846095406       0.51603933504378818       0.61106898343971960     
  0.37474745512008667        9.9999997764825821E-003  0.82361474431791182       0.50239344643986261       0.60998597937428478     
  0.37828281521797180        9.9999997764825821E-003  0.80428968768121745       0.48912512490466525       0.60814546350186627     
  0.38181817531585693        9.9999997764825821E-003  0.78534391681866478       0.47622302178356157       0.60638786598447803     
  0.38535353541374207        9.9999997764825821E-003  0.76666945870271375       0.46367630266657439       0.60479297486450545     
  0.38888889551162720        9.9999997764825821E-003  0.74828449228490923       0.45147521509601091       0.60334701540775992     
  0.39242422580718994        9.9999997764825821E-003  0.73017803306805229       0.43960893353768193       0.60205718828672372     
  0.39595958590507507        9.9999997764825821E-003  0.71235591169268297       0.42806763217903232       0.60091819995129725     
  0.39949494600296021        9.9999997764825821E-003  0.69480325273783294       0.41684682963493624       0.59994945042697323     
  0.40303030610084534        9.9999997764825821E-003  0.67862572864056570       0.40593425426241897       0.59817103468150723     
  0.40656566619873047        9.9999997764825821E-003  0.66281143380857022       0.39530730651650070       0.59640990838832042     
  0.41010099649429321        9.9999997764825821E-003  0.64718357561471407       0.38495263666376567       0.59481212312615672     
  0.41363635659217834        9.9999997764825821E-003  0.63176471649584798       0.37486332862135208       0.59335907630386908     
  0.41717171669006348        9.9999997764825821E-003  0.61656494952808905       0.36502979099181904       0.59203785630566286     
  0.42070704698562622        9.9999997764825821E-003  0.60157787529998197       0.35544367547160449       0.59085230701737401     
  0.42424243688583374        9.9999997764825821E-003  0.58679626686841280       0.34609528845361076       0.58980485731553156     
  0.42777776718139648        9.9999997764825821E-003  0.57322477789466753       0.33697671150159525       0.58786138439311519     
  0.43131312727928162        9.9999997764825821E-003  0.56007054034452386       0.32807944933553285       0.58578237150934032     
  0.43484848737716675        9.9999997764825821E-003  0.54705328093748284       0.31939627322542674       0.58384856531356277     
  0.43838381767272949        9.9999997764825821E-003  0.53417697319982904       0.31105131334270986       0.58230011578269469     
  0.44191917777061462        9.9999997764825821E-003  0.52144229568116041       0.30305403500228006       0.58118422213219278     
  0.44545453786849976        9.9999997764825821E-003  0.50884695000824298       0.29528970976031560       0.58031144680248570     
  0.44898989796638489        9.9999997764825821E-003  0.49641328209850016       0.28775122243369256       0.57966060299046529     
  0.45252525806427002        9.9999997764825821E-003  0.48508961309199389       0.28043181116677618       0.57810310424765621     
  0.45606058835983276        9.9999997764825821E-003  0.47422574833822667       0.27332426489242534       0.57635897217770926     
  0.45959594845771790        9.9999997764825821E-003  0.46343673476584679       0.26642211987907477       0.57488347360656589     
  0.46313130855560303        9.9999997764825821E-003  0.45272675713933919       0.25971927143898860       0.57367775892038297     
  0.46666666865348816        9.9999997764825821E-003  0.44209856552442750       0.25321337677847916       0.57275321958602521     
  0.47020202875137329        9.9999997764825821E-003  0.43156310671063897       0.24689852693887054       0.57210295110887421     
  0.47373735904693604        9.9999997764825821E-003  0.42112474735934496       0.24076508987159298       0.57171916725698524     
  0.47727271914482117        9.9999997764825821E-003  0.41168427807900004       0.23480737901443230       0.57035789685748939     
  0.48080807924270630        9.9999997764825821E-003  0.40276860319497254       0.22898979021680643       0.56853932605555368     
  0.48434340953826904        9.9999997764825821E-003  0.39387573034360485       0.22330998672432720       0.56695543675544202     
  0.48787879943847656        9.9999997764825821E-003  0.38500949515377170       0.21777916833840677       0.56564622711818158     
  0.49141412973403931        9.9999997764825821E-003  0.37618108461541477       0.21239266162639767       0.56460218313085919     
  0.49494948983192444        9.9999997764825821E-003  0.36740251383357447       0.20714563488245358       0.56381115284444172     
  0.49848484992980957        9.9999997764825821E-003  0.35867157338132560       0.20203382967201242       0.56328364070608394     
  0.50202018022537231        9.9999997764825821E-003  0.34867987296577979       0.19572716379016700       0.56133771681560785     
  0.50555557012557983        9.9999997764825821E-003  0.34147072276676049       0.19087635907146946       0.55898308799330476     
  0.50909090042114258        9.9999997764825821E-003  0.33422821859795482       0.18614965272711992       0.55695372912554841     
  0.51262629032135010        9.9999997764825821E-003  0.32695824191119571       0.18154300686647842       0.55524829655704733     
  0.51616162061691284        9.9999997764825821E-003  0.31968490181312481       0.17705318877699772       0.55383656773536349     
  0.51969695091247559        9.9999997764825821E-003  0.31240880195732040       0.17267668231421512       0.55272668770006450     
  0.52323234081268311        9.9999997764825821E-003  0.30513796823516470       0.16841044753055889       0.55191573996706889     
  0.52676767110824585        9.9999997764825821E-003  0.29865013246152794       0.16437293100612405       0.55038626519711498     
  0.53030300140380859        9.9999997764825821E-003  0.29286546226529153       0.16055636812238924       0.54822568315327536     
  0.53383839130401611        9.9999997764825821E-003  0.28701247619374121       0.15686435583971506       0.54654194103334852     
  0.53737372159957886        9.9999997764825821E-003  0.28110930604377787       0.15329268398005536       0.54531344457227859     
  0.54090905189514160        9.9999997764825821E-003  0.27515494428135928       0.14983727925744264       0.54455601242704454     
  0.54444444179534912        9.9999997764825821E-003  0.26916468058606863       0.14649398242692011       0.54425410536014551     
  0.54797983169555664        9.9999997764825821E-003  0.26314241805570049       0.14325895617782655       0.54441605133955373     
  0.55151516199111938        9.9999997764825821E-003  0.25778167290017784       0.14012869877036463       0.54359449682300498     
  0.55505049228668213        9.9999997764825821E-003  0.25324170871993784       0.13709931881789394       0.54137732489205892     
  0.55858588218688965        9.9999997764825821E-003  0.24857796985937805       0.13416736315451480       0.53973955628656078     
  0.56212121248245239        9.9999997764825821E-003  0.24380857643013565       0.13132960909104080       0.53865869287282364     
  0.56565654277801514        9.9999997764825821E-003  0.23894335617955539       0.12858258091059765       0.53812996923828893     
  0.56919193267822266        9.9999997764825821E-003  0.23399616685247310       0.12592321259718831       0.53814220246000333     
  0.57272726297378540        9.9999997764825821E-003  0.22897921935991622       0.12334843405665687       0.53868833338441158     
  0.57626259326934814        9.9999997764825821E-003  0.22450883768388774       0.12083066535333473       0.53820003969494667     
  0.57979798316955566        9.9999997764825821E-003  0.22098879021065407       0.11830471840276743       0.53534262208501771     
  0.58333331346511841        9.9999997764825821E-003  0.21728820769757690       0.11584633925028620       0.53314600215913177     
  0.58686870336532593        9.9999997764825821E-003  0.21343605733639545       0.11345368962997282       0.53155821488568378     
  0.59040403366088867        9.9999997764825821E-003  0.20945287905289417       0.11112521717126615       0.53054996271119836     
  0.59393942356109619        9.9999997764825821E-003  0.20535201202153516       0.10885920019031149       0.53011021961107196     
  0.59747475385665894        9.9999997764825821E-003  0.20114571929933911       0.10665417695357185       0.53023339161820415     
  0.60101008415222168        9.9999997764825821E-003  0.19734936512373466       0.10450859859302766       0.52956136204189241     
  0.60454547405242920        9.9999997764825821E-003  0.19463805653741950       0.10242096930513789       0.52621245365470082     
  0.60808080434799194        9.9999997764825821E-003  0.19171671326678322       0.10038998494878476       0.52363710621873205     
  0.61161613464355469        9.9999997764825821E-003  0.18860308652150928        9.8414201274978116E-002  0.52180588923582882     
  0.61515152454376221        9.9999997764825821E-003  0.18530513872405946        9.6483350277210805E-002  0.52067282613724786     
  0.61868685483932495        9.9999997764825821E-003  0.18187452166319706        9.4614147465808346E-002  0.52021661198383151     
  0.62222218513488770        9.9999997764825821E-003  0.17831031623087895        9.2796324570809802E-002  0.52042039144081653     
  0.62575757503509521        9.9999997764825821E-003  0.17503469928091245        9.1028634851652968E-002  0.52006050929114056     
  0.62929296493530273        9.9999997764825821E-003  0.17299119302827856        8.9309971473510330E-002  0.51626889155513822     
  0.63282823562622070        9.9999997764825821E-003  0.17070329599238673        8.7665382778239459E-002  0.51355413068385791     
  0.63636362552642822        9.9999997764825821E-003  0.16819255641187922        8.6092244343989974E-002  0.51186714906195097     
  0.63989901542663574        9.9999997764825821E-003  0.16548201037855290        8.4567199072753160E-002  0.51103560368464918     
  0.64343434572219849        9.9999997764825821E-003  0.16258283792994607        8.3088956761780311E-002  0.51105613495061397     
  0.64696967601776123        9.9999997764825821E-003  0.15952018438799309        8.1654670627108544E-002  0.51187673171505310     
  0.65050506591796875        9.9999997764825821E-003  0.15658854431174105        8.0262691670100042E-002  0.51257064827367405     
  0.65404039621353149        9.9999997764825821E-003  0.15507418750154503        7.8911529693357671E-002  0.50886308653122214     
  0.65757572650909424        9.9999997764825821E-003  0.15327496957892556        7.7599656125703048E-002  0.50627741984802566     
  0.66111111640930176        9.9999997764825821E-003  0.15121556793508156        7.6325645038338316E-002  0.50474726961383842     
  0.66464650630950928        9.9999997764825821E-003  0.14892099914012363        7.5088065483278399E-002  0.50421408610498297     
  0.66818177700042725        9.9999997764825821E-003  0.14641856585583887        7.3885625301780042E-002  0.50461923916483731     
  0.67171716690063477        9.9999997764825821E-003  0.14372138311306665        7.2716931007466498E-002  0.50595763436439767     
  0.67525255680084229        9.9999997764825821E-003  0.14099909378381284        7.1580748333670938E-002  0.50766814461532828     
  0.67878788709640503        9.9999997764825821E-003  0.13991336653863598        7.0475878596970923E-002  0.50371083435769926     
  0.68232321739196777        9.9999997764825821E-003  0.13850027005576274        6.9401109891897336E-002  0.50109006909484854     
  0.68585860729217529        9.9999997764825821E-003  0.13679159453047721        6.8355279135730682E-002  0.49970379664301018     
  0.68939393758773804        9.9999997764825821E-003  0.13481834191990036        6.7337321789012930E-002  0.49946706679585234     
  0.69292926788330078        9.9999997764825821E-003  0.13260453091531063        6.6310906553294482E-002  0.50006516440712490     
  0.69646465778350830        9.9999997764825821E-003  0.13017297430795738        6.5227752298847572E-002  0.50108521100958081     
  0.69999998807907104        9.9999997764825821E-003  0.12754756285799437        6.4163494934101770E-002  0.50305543670433339     
