 kt up dp u1 d1 u2 d2
   0.0000000000000000        0.0000000000000000        0.0000000000000000        0.0000000000000000        0.0000000000000000        0.0000000000000000        0.0000000000000000     
   9.9999997764825821E-003   11.254372194666393        4.0250144673950441        9.8693930677434896        3.2872081253649834        9.3433590835731177        3.0626245733282920     
   1.9999999552965164E-002   11.245754094356069        4.0219322893907501        9.8626542538380679        3.2849636222153809        9.3372505587199601        3.0606222829148848     
   2.9999999329447746E-002   11.232172774601477        4.0170750652335059        9.8522038276075534        3.2814828888224881        9.3278476772389851        3.0575401477185218     
   3.9999999105930328E-002   11.212493479640340        4.0100369607922604        9.8368961199723710        3.2763843360975442        9.3140053246540457        3.0530028149669817     
   4.9999997019767761E-002   11.188281959021273        4.0013779508462815        9.8182943609568678        3.2701886305498866        9.2972808619448841        3.0475207661651904     
   5.9999998658895493E-002   11.158446931733959        3.9907077495778815        9.7951550300546426        3.2624815916230534        9.2763835849123719        3.0406709262325777     
   7.0000000298023224E-002   11.123301409519241        3.9781383025281891        9.7680554523013416        3.2534555095151512        9.2519793028209136        3.0326715382866349     
   7.9999998211860657E-002   11.082888865424515        3.9636851574009482        9.7368814919853026        3.2430723689362653        9.2239037314794494        3.0234687522295540     
   8.9999996125698090E-002   11.037266414460509        3.9473687408126295        9.7016647940409886        3.2313427098947729        9.1921790760068305        3.0130698465938250     
   9.9999994039535522E-002   10.986488168731061        3.9292084054198799        9.6624589552985682        3.2182843839378266        9.1568522530601868        3.0014902000142323     
  0.10999999940395355        10.930634315440660        3.9092328293801839        9.6192944150971886        3.2039075295250301        9.1179560135131865        2.9887405477766174     
  0.11999999731779099        10.869769100588302        3.8874649896371598        9.5722448648464393        3.1882366911241853        9.0755402241955778        2.9748372355417714     
  0.12999999523162842        10.804001850463765        3.8639439856528148        9.5213572047187007        3.1712874898202599        9.0296572655054277        2.9597974328835890     
  0.14000000059604645        10.733394753572519        3.8386920585286415        9.4666812243220981        3.1530765090853428        8.9803538040748219        2.9436364364820928     
  0.14999999105930328        10.658067689568465        3.8117520820325357        9.4083092111677225        3.1336344872084276        8.9276858944752711        2.9263726202546927     
  0.15999999642372131        10.578112788985361        3.7831570057351116        9.3462982853285812        3.1129804492264896        8.8717229965195497        2.9080287521724757     
  0.17000000178813934        10.493645035429324        3.7529479523813811        9.2807170818976008        3.0911372554951426        8.8125308990187143        2.8886263969026649     
  0.17999999225139618        10.404770483438389        3.7211628513238315        9.2116573056594078        3.0681354502141249        8.7501607691788781        2.8681823263515298     
  0.18999999761581421        10.311625492750386        3.6878504702687360        9.1391945963775409        3.0440002267913338        8.6846974054569372        2.8467243362866856     
  0.19999998807907104        10.214316050047728        3.6530487143006889        9.0634064865091819        3.0187574090359486        8.6162164741667926        2.8242772290849163     
  0.20999999344348907        10.112981881526169        3.6168075551062202        8.9844001057661380        2.9924426787428531        8.5447807735706469        2.8008615891526660     
  0.21999999880790710        10.007770899972428        3.5791798922248250        8.9022542430151788        2.9650822781947577        8.4704871630689293        2.7765091656689234     
  0.22999998927116394        9.8987947190992553        3.5402056431926274        8.8170749144031539        2.9367115182904082        8.3933977043622665        2.7512403016053888     
  0.23999999463558197        9.7862094940639732        3.4999406553511321        8.7289555578790932        2.9073615204962646        8.3136221861309050        2.7250909841811115     
  0.25000000000000000        9.6701687430590368        3.4584398329575365        8.6379907510701486        2.8770637858724490        8.2312288197679067        2.6980835721523673     
  0.25999999046325684        9.5508072214852202        3.4157513699429032        8.5442988096002708        2.8458577219162353        8.1463217207177721        2.6702521931295768     
  0.26999998092651367        9.4282846200553401        3.3719323781050603        8.4479787341990580        2.8137763028946865        8.0589816380855801        2.6416233155585380     
  0.28000000119209290        9.3027659868174482        3.3270418852395767        8.3491347392219044        2.7808542395821649        7.9693041127873547        2.6122282564371901     
  0.28999999165534973        9.1743879123962060        3.2811287416271142        8.2478856692287419        2.7471311156491485        7.8773938354659503        2.5821013319180577     
  0.29999998211860657        9.0433261828456608        3.2342558154044725        8.1443392889224402        2.7126428243876024        7.7833378603086718        2.5512710771661578     
  0.31000000238418579        8.9097288744834131        3.1864760645963459        8.0386031801875291        2.6774251981980162        7.6872362670127119        2.5197702969294586     
  0.31999999284744263        8.7737652161627722        3.1378500122217932        7.9308099449402114        2.6415224029265985        7.5891972603921154        2.4876344592574542     
  0.32999998331069946        8.6355979545729031        3.0884358630182391        7.8210582018708177        2.6049672855942227        7.4893158291477047        2.4548947001395449     
  0.34000000357627869        8.4953904851988007        3.0382920537584863        7.7094566294086135        2.5677960438285790        7.3876853341893121        2.4215816219976243     
  0.34999999403953552        8.3533215111924672        2.9874824958504531        7.5961509681464126        2.5300572195873738        7.2844258655064396        2.3877345886782062     
  0.35999998450279236        8.2095270722696032        2.9360558425476815        7.4812450946615785        2.4917854111409112        7.1796318652052200        2.3533845570044636     
  0.37000000476837158        8.0641847755837794        2.8840756132851268        7.3648569941080373        2.4530199159165056        7.0733990394575903        2.3185628981429511     
  0.37999999523162842        7.9174588702091535        2.8316005501132877        7.2471105065016257        2.4138019814258804        6.9658473731608455        2.2833089414924013     
  0.38999998569488525        7.7695114423781595        2.7786886215637909        7.1281022559084652        2.3741637903385375        6.8570726819107684        2.2476540940869989     
  0.39999997615814209        7.6205038552377609        2.7253975375639228        7.0079792424586715        2.3341543041274715        6.7471673783082142        2.2116286475060063     
  0.40999999642372131        7.4706073594723019        2.6717885442205431        6.8868464605412631        2.2938084933735770        6.6362578992224286        2.1752740460158040     
  0.41999998688697815        7.3199572514028759        2.6179100289194910        6.7648215411099732        2.2531655375303701        6.5244363804427072        2.1386204904606303     
  0.42999997735023499        7.1687213891133128        2.5638220244377359        6.6420201798261562        2.2122639714616947        6.4118051183980764        2.1017015122026588     
  0.43999999761581421        7.0170533372263773        2.5095794516378223        6.5185570340350116        2.1711419841984445        6.2984592151958640        2.0645482844043714     
  0.44999998807907104        6.8651055463105575        2.4552368329518375        6.3945402364379671        2.1298355916022107        6.1845134445586627        2.0271984283131226     
  0.45999997854232788        6.7130304382243091        2.4008486805440210        6.2700948695198049        2.0883864550150379        6.0700608980472142        1.9896824580618850     
  0.46999999880790710        6.5609653263781276        2.3464641031922069        6.1453249322244492        2.0468292134639774        5.9551940386257742        1.9520306817383510     
  0.47999998927116394        6.4090642554965873        2.2921381934625877        6.0203404258860731        2.0052005051979100        5.8400234115663814        1.9142793345619540     
  0.48999997973442078        6.2574536021858380        2.2379161486935191        5.8952484098848146        1.9635359885862889        5.7246386075050042        1.8764577831106837     
  0.50000000000000000        6.1062691961319766        2.1838465470235371        5.7701539753591282        1.9218706664344358        5.6091339995348468        1.8385969615862292     
  0.50999999046325684        5.9556677051346654        2.1299854191355925        5.6451612314548241        1.8802392144744597        5.4935943389550799        1.8007246502985548     
  0.51999998092651367        5.8057439869849983        2.0763666899767999        5.5203653194156432        1.8386733214907971        5.3781285270349874        1.7628765455856046     
  0.52999997138977051        5.6566462513794944        2.0230433652734994        5.3958763639029286        1.7972096668090249        5.2628115244045599        1.7250772185106724     
  0.53999996185302734        5.5084781068611983        1.9700524995923521        5.2717835755600149        1.7558779639028705        5.1477414096932126        1.6873588178992411     
  0.55000001192092896        5.3613709123056674        1.9174410721308965        5.1481869756934833        1.7147115269639432        5.0329974145671992        1.6497473148015340     
  0.56000000238418579        5.2154347250260873        1.8652484437944030        5.0251657632678626        1.6737367348666008        4.9186606801462123        1.6122693061603512     
  0.56999999284744263        5.0707580049103713        1.8135062513834399        4.9028154245619451        1.6329853913164343        4.8048221809973999        1.5749546121872888     
  0.57999998331069946        4.9274639920184979        1.7622585704817699        4.7812288790597499        1.5924884450942625        4.6915457627485049        1.5378241606008105     
  0.58999997377395630        4.7856350794049298        1.7115348681472191        4.6604737941811685        1.5522684342519180        4.5789150524180426        1.5009053631871532     
  0.59999996423721313        4.6453843183372445        1.6613755760431133        4.5406373148691772        1.5123543842383471        4.4670037663312803        1.4642223831436405     
  0.61000001430511475        4.5067750358398344        1.6118033424509335        4.4218023648219722        1.4727739145284868        4.3558824421581361        1.4277983417481019     
  0.62000000476837158        4.3699120562128240        1.5628556567407894        4.3040296827116888        1.4335472554095718        4.2456278595863965        1.3916584063259545     
  0.62999999523162842        4.2348588470365582        1.5145552174626040        4.1873960083208326        1.3946999666738673        4.1362916040220430        1.3558194858636328     
  0.63999998569488525        4.1017038774084646        1.4669336647106319        4.0719685685919593        1.3562544396629963        4.0279439589533022        1.3203046183217033     
  0.64999997615814209        3.9705022557009730        1.4200107074470871        3.9578180078039664        1.3182342039340471        3.9206455817576376        1.2851336863540519     
  0.65999996662139893        3.8413324578286159        1.3738144118035938        3.8449917034248018        1.2806550395452803        3.8144608699893521        1.2503277985930772     
  0.66999995708465576        3.7142445994637545        1.3283627011527559        3.7335539757248801        1.2435383697102687        3.7094320064678183        1.2159007819866707     
  0.68000000715255737        3.5892981414509553        1.2836768410752284        3.6235687635011606        1.2069054905848600        3.6056173637406674        1.1818717702529291     
  0.68999999761581421        3.4665356686872379        1.2397720616365913        3.5150636739235277        1.1707655973153541        3.5030678447423691        1.1482574486735124     
  0.69999998807907104        3.3460153752126884        1.1966691753574572        3.4081042669337043        1.1351405260138243        3.4018297170223550        1.1150729831146344     
  0.70999997854232788        3.2277652459870634        1.1543781907808102        3.3027411690034878        1.1000471388873336        3.3019531506528375        1.0823348186357882     
  0.71999996900558472        3.1118450776661288        1.1129204935868482        3.1989955970438508        1.0654925026725730        3.2034673095294397        1.0500525147607587     
  0.72999995946884155        2.9982536173732224        1.0722956356966711        3.0969158952540643        1.0314927194179238        3.1064169173924050        1.0182407313163444     
  0.74000000953674316        2.8870348226483631        1.0325193380880004        2.9965365117378253       0.99805926278601054        3.0108372591898052       0.98691103422311721     
  0.75000000000000000        2.7782136448211925       0.99360052435613289        2.8978964288908284       0.96520511668040143        2.9167683886755578       0.95607655255060131     
  0.75999999046325684        2.6718148431538049       0.95554804940531546        2.8010120969447998       0.93293576019540869        2.8242285340131281       0.92574326124002027     
  0.76999998092651367        2.5678513891687373       0.91836655237178200        2.7059210403493257       0.90126369163510112        2.7332513212501097       0.89592218244719057     
  0.77999997138977051        2.4663272256899083       0.88205744336736136        2.6126344754363591       0.87019264683382269        2.6438618940293797       0.86662155791235118     
  0.78999996185302734        2.3672480083154048       0.84662274506055113        2.5211781566345151       0.83973120384357680        2.5560883440720450       0.83785059571523357     
  0.79999995231628418        2.2706237293576970       0.81206603110269071        2.4315691281746323       0.80988503960252323        2.4699395379831093       0.80961220220697783     
  0.81000000238418579        2.1764598295114825       0.77838924730421633        2.3438266252209496       0.78066056078508828        2.3854380803983277       0.78191378687622082     
  0.81999999284744263        2.0847430921929906       0.74558766688517164        2.2579521207836706       0.75205825800818027        2.3026000287121806       0.75476061311597453     
  0.82999998331069946        1.9954813474710762       0.71366409019193811        2.1739594993223852       0.72408275578194581        2.2214375239386897       0.72815666058361572     
  0.83999997377395630        1.9086525524289601       0.68261063379419962        2.0918550117295545       0.69673613609707519        2.1419660905872377       0.70210701799975117     
  0.84999996423721313        1.8242421226094312       0.65242208170564686        2.0116477115665088       0.67002141443184160        2.0641832575456136       0.67661087536779407     
  0.85999995470046997        1.7422403482663598       0.62309496133198972        1.9333282112223638       0.64393546404576973        1.9881000930289021       0.65167186069638638     
  0.87000000476837158        1.6626340910420725       0.59462457387005963        1.8569003781094595       0.61847957306156143        1.9137197922238356       0.62729102132378389     
  0.87999999523162842        1.5854013755238765       0.56700306003170653        1.7823617975430428       0.59365293721787260        1.8410498472843670       0.60347081307498396     
  0.88999998569488525        1.5105064785310607       0.54021764377605763        1.7097116222267486       0.56945527430489684        1.7700791363194737       0.58020759034710989     
  0.89999997615814209        1.4379380500511107       0.51426426588383289        1.6389319383011891       0.54588061773647012        1.7008103248438173       0.55750222685920048     
  0.90999996662139893        1.3676577330638433       0.48912920834762280        1.5700264402680013       0.52293019804376184        1.6332390730798563       0.53535330009187809     
  0.91999995708465576        1.2996411907346321       0.46480376734017192        1.5029722302629442       0.50059638861337608        1.5673641219443772       0.51376039733498557     
  0.93000000715255737        1.2338616204006787       0.44127835715525948        1.4377536853530226       0.47887398590017771        1.5031673525989182       0.49271757948253259     
  0.93999999761581421        1.1702843603682123       0.41854058138227757        1.3743615122739465       0.45775989458780003        1.4406448990086240       0.47222357930147746     
  0.94999998807907104        1.1088625378455821       0.39657367643270391        1.3127785296610035       0.43724839206277577        1.3797852027818107       0.45227460811003140     
  0.95999997854232788        1.0495731647621949       0.37536942085134795        1.2529912166047861       0.41733497490296290        1.3205803168180201       0.43286806095799107     
  0.96999996900558472       0.99236822395915181       0.35491064177810477        1.1949700390342763       0.39800980616726961        1.2630065694226258       0.41399617858950410     
  0.97999995946884155       0.93721378987290327       0.33518520607202951        1.1386986526724292       0.37926744205181312        1.2070532321317262       0.39565544436169120     
  0.98999994993209839       0.88407468081008023       0.31618053134981738        1.0841545410421574       0.36110038297217700        1.1527034799430071       0.37784034327025151     
   1.0000000000000000       0.83290749949569276       0.29788109700697252        1.0313183757969595       0.34350219121763059        1.0999435995564351       0.36054638028408531     
