 kt up dp u1 d1 u2 d2
   0.0000000000000000        0.0000000000000000        0.0000000000000000        0.0000000000000000        0.0000000000000000        0.0000000000000000        0.0000000000000000     
   9.9999997764825821E-003  0.24288927203940955        9.0279116280333463E-004  0.18414129746229646        5.1527539123381589E-004  0.17100890791437987        4.6077470595362081E-004
   1.9999999552965164E-002  0.24270327818079787        9.0209984527217990E-004  0.18401554863681419        5.1492351321329297E-004  0.17089708478636720        4.6047340428719192E-004
   2.9999999329447746E-002  0.24241016926175124        9.0101039352475450E-004  0.18382053538477408        5.1437781525674785E-004  0.17072494920296785        4.6000959381209817E-004
   3.9999999105930328E-002  0.24198545524441806        8.9943178093990195E-004  0.18353488567893056        5.1357849285616299E-004  0.17047154728317843        4.5932681537381092E-004
   4.9999997019767761E-002  0.24146292777541190        8.9748960713625936E-004  0.18318776131366601        5.1260714832029040E-004  0.17016537676946208        4.5850185467351804E-004
   5.9999998658895493E-002  0.24081903507897812        8.9509633290371247E-004  0.18275596496548857        5.1139886948601122E-004  0.16978281979982887        4.5747107459695279E-004
   7.0000000298023224E-002  0.24006053250251083        8.9227706708250678E-004  0.18225026673021627        5.0998379389125112E-004  0.16933606005251556        4.5626730343841638E-004
   7.9999998211860657E-002  0.23918835827131912        8.8903529694694949E-004  0.18166853774013214        5.0835596440873705E-004  0.16882209169871509        4.5488244214680201E-004
   8.9999996125698090E-002  0.23820374502842728        8.8537560408773707E-004  0.18101150601134017        5.0651741821745877E-004  0.16824132145540097        4.5331758660007414E-004
   9.9999994039535522E-002  0.23710786060881403        8.8130232921160257E-004  0.18027975974069121        5.0446980124566130E-004  0.16759460827579714        4.5157505120351177E-004
  0.10999999940395355       0.23590243559428242        8.7682190468974604E-004  0.17947427922418446        5.0221585661730278E-004  0.16688255194706397        4.4965645205276636E-004
  0.11999999731779099       0.23458885652720493        8.7193948413883575E-004  0.17859630228565188        4.9975904808640097E-004  0.16610606550224821        4.4756424926841717E-004
  0.12999999523162842       0.23316948286242134        8.6666383737797473E-004  0.17764670434738286        4.9710182531291318E-004  0.16526610801414371        4.4530102702277421E-004
  0.14000000059604645       0.23164565673795226        8.6099995297802374E-004  0.17662641477160598        4.9424678889481780E-004  0.16436353404562579        4.4286908789154808E-004
  0.14999999105930328       0.23001996536891417        8.5495744731653390E-004  0.17553715574494294        4.9119875795958614E-004  0.16339936998950225        4.4027119743736323E-004
  0.15999999642372131       0.22829439709529550        8.4854371082188963E-004  0.17437999344885480        4.8796071596110443E-004  0.16237500906728627        4.3751110962392140E-004
  0.17000000178813934       0.22647143346683540        8.4176796712573062E-004  0.17315620890946731        4.8453624754468124E-004  0.16129129139595866        4.3459108810321365E-004
  0.17999999225139618       0.22455336332817963        8.3463872359728697E-004  0.17186751354358648        4.8093014170103477E-004  0.16014951853141141        4.3151463985064087E-004
  0.18999999761581421       0.22254312956382555        8.2716691859581579E-004  0.17051531910781142        4.7714634889344448E-004  0.15895112149639234        4.2828562068338754E-004
  0.19999998807907104       0.22044301955397430        8.1936105404737704E-004  0.16910107269707275        4.7318891847106140E-004  0.15769748573692915        4.2490776361451014E-004
  0.20999999344348907       0.21825604883724395        8.1123233835814115E-004  0.16762677355848821        4.6906344484890807E-004  0.15638976125941548        4.2138416727708196E-004
  0.21999999880790710       0.21598540963337523        8.0279263663745367E-004  0.16609389227481694        4.6477404310120700E-004  0.15502972137274085        4.1771960976068947E-004
  0.22999998927116394       0.21363351076384399        7.9405090219446261E-004  0.16450440736838701        4.6032624964961229E-004  0.15361850266286586        4.1391715353773973E-004
  0.23999999463558197       0.21120372233333765        7.8501966131616283E-004  0.16286006273663034        4.5572494437410693E-004  0.15215811507457758        4.0998221430107263E-004
  0.25000000000000000       0.20869935753617458        7.7571122876032741E-004  0.16116262355745317        4.5097506670299306E-004  0.15064993418741351        4.0591849847899486E-004
  0.25999999046325684       0.20612332463241798        7.6613641419122369E-004  0.15941429785031128        4.4608279525076150E-004  0.14909548692721480        4.0173012029464289E-004
  0.26999998092651367       0.20347907003030163        7.5630802750724802E-004  0.15761693333270702        4.4105330041303831E-004  0.14749663116454001        3.9742208568467038E-004
  0.28000000119209290       0.20077015575883458        7.4623930835576735E-004  0.15577247499134869        4.3589202477006350E-004  0.14585498978559497        3.9299876743248077E-004
  0.28999999165534973       0.19799952968546070        7.3594121361707330E-004  0.15388314074944198        4.3060517464960524E-004  0.14417247953881598        3.8846533011814089E-004
  0.29999998211860657       0.19517098558436521        7.2542784430838564E-004  0.15195094184058802        4.2519837800799297E-004  0.14245069445379505        3.8382606877239249E-004
  0.31000000238418579       0.19228771920457466        7.1471107865699675E-004  0.14997788609260912        4.1967725327129898E-004  0.14069146691592596        3.7908592066342400E-004
  0.31999999284744263       0.18935338280427619        7.0380449168162872E-004  0.14796644808280907        4.1404872495241676E-004  0.13889677800005665        3.7425022369550967E-004
  0.32999998331069946       0.18637148874508153        6.9272113842171266E-004  0.14591846843611414        4.0831794360009287E-004  0.13706836694066379        3.6932366414648354E-004
  0.34000000357627869       0.18334556339076441        6.8147412596108407E-004  0.14383597543727150        4.0249058488421330E-004  0.13520794318580689        3.6431084803621109E-004
  0.34999999403953552       0.18027946347164675        6.7007778931760286E-004  0.14172168875690414        3.9657425915271997E-004  0.13331770529271716        3.5921769926406153E-004
  0.35999998450279236       0.17717612496558233        6.5854304117933245E-004  0.13957754709283526        3.9057439138791289E-004  0.13139938248682606        3.5404887713901066E-004
  0.37000000476837158       0.17403938094930696        6.4688412864650536E-004  0.13740575232651117        3.8449714302853078E-004  0.12945472711718625        3.4880910327544359E-004
  0.37999999523162842       0.17087277620855970        6.3511422727525828E-004  0.13520861555576016        3.7834898112924401E-004  0.12748593579725923        3.4350429633534180E-004
  0.38999998569488525       0.16767980885112635        6.2324633912521016E-004  0.13298794015520810        3.7213495200274095E-004  0.12549476285787056        3.3813918327287495E-004
  0.39999997615814209       0.16446396137932948        6.1129340825228685E-004  0.13074646923916661        3.6586273159852140E-004  0.12348290034849972        3.3271832322832938E-004
  0.40999999642372131       0.16122892968604802        5.9926917186028440E-004  0.12848616229928486        3.5953780308543441E-004  0.12145266289775938        3.2724795284944081E-004
  0.41999998688697815       0.15797763370536391        5.8718448300443715E-004  0.12620921454715683        3.5316630923823276E-004  0.11940573746134707        3.2173261755156178E-004
  0.42999997735023499       0.15471369611183269        5.7505280674455120E-004  0.12391778506785692        3.4675429174024205E-004  0.11734399689450335        3.1617736364680213E-004
  0.43999999761581421       0.15144043110182082        5.6288646156289702E-004  0.12161401355670966        3.4030773801720901E-004  0.11526918238522017        3.1058688267664159E-004
  0.44999998807907104       0.14816112882843135        5.5069767657573397E-004  0.11929991797723571        3.3383229485753427E-004  0.11318339506848464        3.0496683604122436E-004
  0.45999997854232788       0.14487907882515458        5.3849867859629167E-004  0.11697783245797817        3.2733449376183609E-004  0.11108833929465323        2.9932181602491655E-004
  0.46999999880790710       0.14159724455843159        5.2630048248451821E-004  0.11464969779550438        3.2081976558524729E-004  0.10898570788563043        2.9365638384926400E-004
  0.47999998927116394       0.13831895058607574        5.1411544523497627E-004  0.11231756673893654        3.1429385445535770E-004  0.10687752452345739        2.8797599222143169E-004
  0.48999997973442078       0.13504692433893262        5.0195370439076932E-004  0.10998343712409964        3.0776235083802405E-004  0.10476542941404904        2.8228506059188769E-004
  0.50000000000000000       0.13178409726204449        4.8982615579203168E-004  0.10764927004218117        3.0123074237802140E-004  0.10265115024564961        2.7658824412773694E-004
  0.50999999046325684       0.12853385052382824        4.7774536684835249E-004  0.10531700824198274        2.9470446539334313E-004  0.10053623861607618        2.7088972352948520E-004
  0.51999998092651367       0.12529823132331236        4.6571894676031902E-004  0.10298842714406325        2.8818848797390622E-004   9.8422687995533192E-002   2.6519487010005809E-004
  0.52999997138977051       0.12208043828807699        4.5375878445447085E-004  0.10066558165205081        2.8168856027616925E-004   9.6311870756506532E-002   2.5950738162652603E-004
  0.53999996185302734       0.11888270747386642        4.4187319108983359E-004   9.8350136493565901E-002   2.7520934064232777E-004   9.4205582264799331E-002   2.5383209562969471E-004
  0.55000001192092896       0.11570787383771872        4.3007270387185597E-004   9.6043958031833590E-002   2.6875605164360415E-004   9.2105272974325053E-002   2.4817292028302520E-004
  0.56000000238418579       0.11255831261125215        4.1836615126009341E-004   9.3748524172547198E-002   2.6233282884570181E-004   9.0012428255641722E-002   2.4253385784108090E-004
  0.56999999284744263       0.10943593291542078        4.0676062923499645E-004   9.1465616615441045E-002   2.5594465790930801E-004   8.7928713370197920E-002   2.3691939526517678E-004
  0.57999998331069946       0.10634339448885201        3.9526602373556968E-004   8.9196969148264013E-002   2.4959639042487455E-004   8.5855297125117011E-002   2.3133268184598481E-004
  0.58999997377395630       0.10328247551949572        3.8388894407952141E-004   8.6943844456066025E-002   2.4329155971459574E-004   8.3793710263005722E-002   2.2577784209072026E-004
  0.59999996423721313       0.10025561585380534        3.7263845889223070E-004   8.4707868539301498E-002   2.3703471575195289E-004   8.1745302137768067E-002   2.2025851176406874E-004
  0.61000001430511475        9.7264182201055135E-002   3.6151964807304714E-004   8.2490588617260566E-002   2.3083018806017592E-004   7.9711363898109469E-002   2.1477816979980261E-004
  0.62000000476837158        9.4310436855179341E-002   3.5054092030529523E-004   8.0293138029372060E-002   2.2468114801866605E-004   7.7693300886357120E-002   2.0934060282053370E-004
  0.62999999523162842        9.1395749558898745E-002   3.3970736676329131E-004   7.8116948571331821E-002   2.1859160216532376E-004   7.5692057377369601E-002   2.0394835512629658E-004
  0.63999998569488525        8.8522029631924445E-002   3.2902608416624331E-004   7.5963274550399335E-002   2.1256506037909968E-004   7.3708919761907812E-002   1.9860489283082675E-004
  0.64999997615814209        8.5690466410474786E-002   3.1850149313848930E-004   7.3833433991967248E-002   2.0660521083890347E-004   7.1744998249975295E-002   1.9331320733787113E-004
  0.65999996662139893        8.2902753543686633E-002   3.0813988877680646E-004   7.1728310854579841E-002   2.0071452709136039E-004   6.9801471455734773E-002   1.8807647436266532E-004
  0.66999995708465576        8.0159972616473535E-002   2.9794529120647097E-004   6.9649105129758956E-002   1.9489636702581597E-004   6.7879111459027919E-002   1.8289677423462817E-004
  0.68000000715255737        7.7463406899106094E-002   2.8792247019376367E-004   6.7597009660942120E-002   1.8915406852941139E-004   6.5978986551695956E-002   1.7777698541117452E-004
  0.68999999761581421        7.4813975449036521E-002   2.7807484176829776E-004   6.5572612700030466E-002   1.8348927768443616E-004   6.4102028315900159E-002   1.7271961799251916E-004
  0.69999998807907104        7.2212934196652590E-002   2.6840707407719080E-004   6.3576917711434242E-002   1.7790480244610552E-004   6.2249083470777594E-002   1.6772695341982271E-004
  0.70999997854232788        6.9660887106918964E-002   2.5892141198794193E-004   6.1611088681354870E-002   1.7240389995148525E-004   6.0421070116167604E-002   1.6280146546587693E-004
  0.71999996900558472        6.7159124697506095E-002   2.4962265220457411E-004   5.9675448190621129E-002   1.6698747286589323E-004   5.8618521935931457E-002   1.5794459211439409E-004
  0.72999995946884155        6.4707619929118110E-002   2.4051069422517096E-004   5.7770898034154604E-002   1.6165804464679073E-004   5.6842257306379936E-002   1.5315853843824752E-004
  0.74000000953674316        6.2307321483272893E-002   2.3158906418855042E-004   5.5898080752542177E-002   1.5641741329037320E-004   5.5092921854679004E-002   1.4844504404662597E-004
  0.75000000000000000        5.9958767853827581E-002   2.2285976361372331E-004   5.4057723453118621E-002   1.5126761343266010E-004   5.3371248447688514E-002   1.4380608361158615E-004
  0.75999999046325684        5.7662493389481644E-002   2.1432477861263173E-004   5.2250132884097800E-002   1.4620950343518119E-004   5.1677570539496516E-002   1.3924255560801533E-004
  0.76999998092651367        5.5418778038650834E-002   2.0598514972096303E-004   5.0476008907153667E-002   1.4124504169348872E-004   5.0012503319216764E-002   1.3475611763133665E-004
  0.77999997138977051        5.3227706894454198E-002   1.9784119321993989E-004   4.8735560592381440E-002   1.3637481324025374E-004   4.8376506733691114E-002   1.3034800898465646E-004
  0.78999996185302734        5.1089402014708650E-002   1.8989336278426596E-004   4.7029268194300006E-002   1.3160016195291432E-004   4.6770094650646410E-002   1.2601961425813232E-004
  0.79999995231628418        4.9004079051203603E-002   1.8214245996655006E-004   4.5357449462403866E-002   1.2692197697745450E-004   4.5193429121123001E-002   1.2177137008995659E-004
  0.81000000238418579        4.6971855423760651E-002   1.7458892120260686E-004   4.3720462998890687E-002   1.2234126177637929E-004   4.3646923559195416E-002   1.1760439040308798E-004
  0.81999999284744263        4.4992445895108660E-002   1.6723168629868826E-004   4.2118336044500528E-002   1.1785809257638687E-004   4.2130871556577770E-002   1.1351946626529800E-004
  0.82999998331069946        4.3066019451992794E-002   1.6007138335886345E-004   4.0551327353711399E-002   1.1347319344001310E-004   4.0645495016179797E-002   1.0951719558256279E-004
  0.83999997377395630        4.1192100369253255E-002   1.5310624416806656E-004   3.9019553265826221E-002   1.0918688991497982E-004   3.9191077736929397E-002   1.0559834303649541E-004
  0.84999996423721313        3.9370373888489102E-002   1.4633509880594537E-004   3.7523182390150366E-002   1.0499965381411206E-004   3.7767574205289756E-002   1.0176278599321213E-004
  0.85999995470046997        3.7600630456192850E-002   1.3975716838649459E-004   3.6062039309110561E-002   1.0091099427327493E-004   3.6375186642407790E-002   9.8011069327191104E-005
  0.87000000476837158        3.5882586523351148E-002   1.3337139899102392E-004   3.4636195862611033E-002   9.6921112319262577E-005   3.5013973188029332E-002   9.4343349692987215E-005
  0.87999999523162842        3.4215767821661858E-002   1.2717602781943811E-004   3.3245606691933702E-002   9.3029881026548408E-005   3.3684070599475688E-002   9.0759995576167855E-005
  0.88999998569488525        3.2599403381655845E-002   1.2116818926792645E-004   3.1890255667142361E-002   8.9237255259362732E-005   3.2385275007500353E-002   8.7260457661535230E-005
  0.89999997615814209        3.1033248249973579E-002   1.1534697287335290E-004   3.0569961617191593E-002   8.5542728053854334E-005   3.1117634823008725E-002   8.3844866389783652E-005
  0.90999996662139893        2.9516474614228135E-002   1.0970930175339534E-004   2.9284333111733982E-002   8.1945204085790357E-005   2.9881070259739271E-002   8.0513006780935561E-005
  0.91999995708465576        2.8048557242452511E-002   1.0425322368194602E-004   2.8033402668211013E-002   7.8444774347455497E-005   2.8675557895047433E-002   7.7264815723879947E-005
  0.93000000715255737        2.6628917685743051E-002   9.8976588631735106E-005   2.6816725160399735E-002   7.5040193259548243E-005   2.7500765788054306E-002   7.4099398820993073E-005
  0.93999999761581421        2.5256807883397632E-002   9.3876616148173614E-005   2.5634126875440481E-002   7.1730974728167001E-005   2.6356622799359693E-002   7.1016564390820536E-005
  0.94999998807907104        2.3931216237608098E-002   8.8949546239912980E-005   2.4485286946940847E-002   6.8516220885434447E-005   2.5242917023288312E-002   6.8015741464420303E-005
  0.95999997854232788        2.2651646625122632E-002   8.4193534874552430E-005   2.3369952792118089E-002   6.5395224938827662E-005   2.4159502632068675E-002   6.5096537116363256E-005
  0.96999996900558472        2.1417062750662366E-002   7.9604730263118739E-005   2.2287573106508609E-002   6.2366444194626833E-005   2.3105946056497916E-002   6.2257783116734258E-005
  0.97999995946884155        2.0226732440518282E-002   7.5180411001127278E-005   2.1237842637913180E-002   5.9429024477540806E-005   2.2082050568438965E-002   5.9498949391687626E-005
  0.98999994993209839        1.9079896411476276E-002   7.0917754921217768E-005   2.0220340994560257E-002   5.6581789421715862E-005   2.1087507880446880E-002   5.6819205276560438E-005
   1.0000000000000000        1.7975618073529560E-002   6.6813280827311708E-005   1.9234707260359491E-002   5.3823729089771422E-005   2.0122066644751090E-002   5.4217873527714050E-005
