 x up dp u1 d1 u2 d2
   0.0000000000000000        0.0000000000000000        0.0000000000000000        0.0000000000000000        0.0000000000000000        0.0000000000000000        0.0000000000000000     
   4.0000001899898052E-003   55.590235806375738        47.227405164989115        45.828449992396465        38.777581421787936        41.715027773018519        35.371027490660843     
   8.0000003799796104E-003   24.667441898178673        18.778228403849035        20.910008268899038        15.802995865616605        19.205411531772036        14.574572354308115     
   1.2000000104308128E-002   15.570775770519624        10.825367773326940        13.487740679096111        9.2830076512515234        12.465217248252497        8.6303312520169406     
   1.6000000759959221E-002   11.312293552366910        7.2619107155136060        9.9743566237672283        6.3217883783042392        9.2604989300356113        5.9140992391446963     
   2.0000001415610313E-002   8.8642900301942333        5.2931877848634352        7.9322333055631846        4.6650015252086092        7.3920614188063984        4.3865217617113368     
   2.4000000208616257E-002   7.2818077023416459        4.0667247003506484        6.5993024787834011        3.6208483323306417        6.1660886642276971        3.4194781509133652     
   2.8000000864267349E-002   6.1773298196340241        3.2401649466101756        5.6591315659314398        2.9096511176781967        5.2991174823777882        2.7578695780731333     
   3.2000001519918442E-002   5.3625660634039480        2.6502578124773151        4.9580681703071585        2.3969907427375574        4.6508065230847473        2.2791804764508998     
   3.6000002175569534E-002   4.7373361086965646        2.2118635875106376        4.4142568743316932        2.0124951002728211        4.1464101667448352        1.9189822979089377     
   4.0000002831220627E-002   4.2429894180181478        1.8761055740331318        3.9796006411592173        1.7155133225033916        3.7422412942499554        1.6399275976144794     
   4.4000003486871719E-002   3.8411525910833633        1.6112144657431233        3.6223776595904829        1.4794100031208766        3.4091889199260659        1.4174234105931840     
   4.8000000417232513E-002   3.5088703449574479        1.3988220275988736        3.3236391085406387        1.2888426546656770        3.1298643843905007        1.2373310799199915     
   5.2000001072883606E-002   3.2287066206492456        1.2249363901370760        3.0689384816902736        1.1318749891531994        2.8910147084463973        1.0885847996141031     
   5.6000001728534698E-002   2.9890626205315485        1.0804111323226733        2.8487835112882545        1.0006731909821251        2.6839558996217909       0.96393789409023178     
   6.0000002384185791E-002   2.7822567289096507       0.95946455560967836        2.6568047219069952       0.89030749670453202        2.5028824218378536       0.85884094467893912     
   6.4000003039836884E-002   2.6010849977959443       0.85646240034913756        2.4870733777829566       0.79587638503710445        2.3423575915396531       0.76870956354469488     
   6.8000003695487976E-002   2.4411299131962183       0.76806824927224049        2.3360785776141664       0.71449960289710424        2.1991934274336855       0.69085838731995275     
   7.2000004351139069E-002   2.2992426290666503       0.69205183100601542        2.2012508237520900       0.64427520012215911        2.0709749101717385       0.62351635958411800     
   7.6000005006790161E-002   2.1718303161613202       0.62573036198502396        2.0794788912557038       0.58280116562400153        1.9549242269960208       0.56444077130936399     
   8.0000005662441254E-002   2.0567804478264708       0.56750371615483530        1.9689831079428963       0.52865391604654066        1.8495395705200763       0.51231891999390977     
   8.4000006318092346E-002   1.9525319004489405       0.51630148985241109        1.8684258383933270       0.48088100106575582        1.7537346078324383       0.46626603224452301     
   8.8000006973743439E-002   1.8576680028386678       0.47114060092832732        1.7765729929368492       0.43860863841682418        1.6663989026072055       0.42546238358337995     
   9.2000007629394531E-002   1.7705335401000977       0.43087424452847778        1.6919658137710516       0.40082388702806260        1.5860447252035077       0.38895082920472879     
   9.6000000834465027E-002   1.6902785880741156       0.39485469654149047        1.6138733900464002       0.36696924093374816        1.5118944571338124       0.35619896146533270     
  0.10000000149011612        1.6161319763726119       0.36251869549620291        1.5416052080557112       0.33654076298798719        1.4432582661593027       0.32672699735369415     
  0.10400000214576721        1.5475457097551597       0.33357471308356879        1.4747000886828885       0.30927880109226064        1.3796025572607840       0.30028076033106360     
  0.10800000280141830        1.4837723353928074       0.30749947667666705        1.4124457512542312       0.28470525361898125        1.3203048936230810       0.27641482931311878     
  0.11200000345706940        1.4240816240784371       0.28382702595969206        1.3541494974581998       0.26239703778968398        1.2647503247144378       0.25473589900953730     
  0.11600000411272049        1.3681764065046766       0.26231983094601435        1.2995308202210243       0.24213637062531965        1.2126853227312013       0.23503836246584309     
  0.12000000476837158        1.3157293323981085       0.24271143722411403        1.2482745429175537       0.22367504721773415        1.1638241655674344       0.21708554262187235     
  0.12400000542402267        1.2664309145973660       0.22488882458014345        1.2000958999077247       0.20691152097246149        1.1178907379835152       0.20078307580683183     
  0.12800000607967377        1.2200413293590768       0.20873494162501094        1.1547754389170319       0.19173882034427622        1.0746676932892079       0.18603019235605794     
  0.13199999928474426        1.1762377555382180       0.19396404945001128        1.1119773333424556       0.17787958835046067        1.0338622659739762       0.17255459880369739     
  0.13600000739097595        1.1347689266121912       0.18035359350066082        1.0714486306790099       0.16511999588693363       0.99524301903286472       0.16014759554755614     
  0.14000000059604645        1.0954493065885627       0.16783167250679831        1.0330084203376837       0.15339138263918589       0.95864256382810298       0.14874253786293404     
  0.14400000870227814        1.0580590241485368       0.15633423821025383       0.99643106918580926       0.14263122887445054       0.92386956465991776       0.13827804194350016     
  0.14800000190734863        1.0224804078160434       0.14574831965521123       0.96160875670071289       0.13273251071110059       0.89080757304708968       0.12865036317367431     
  0.15200001001358032       0.98856365239078059       0.13598745517649022       0.92839706717768733       0.12361377207204702       0.85932186362364449       0.11978075034422631     
  0.15600000321865082       0.95620665214227085       0.12696964450287873       0.89669552621022297       0.11519696542635717       0.82931788697742570       0.11159356489623956     
  0.16000001132488251       0.92529336676526874       0.11863085950796194       0.86640033009693096       0.10742159479991112       0.80067758454148863       0.10402973428386440     
  0.16400000452995300       0.89570971309575764       0.11091662586886412       0.83740982980251211       0.10023639804903324       0.77328752650496069        9.7039249092295207E-002
  0.16800001263618469       0.86738805091466487       0.10376671051041966       0.80965658239991267        9.3583890136755804E-002  0.74708670953803913        9.0566479242927073E-002
  0.17200000584125519       0.84023255749273151        9.7136004811955529E-002  0.78304550145353546        8.7421572589418808E-002  0.72197459470730962        8.4569663501431705E-002
  0.17600001394748688       0.81416379767941238        9.0982305367968849E-002  0.75749526393495858        8.1709598200388381E-002  0.69786492020348756        7.9009458080053996E-002
  0.18000000715255737       0.78913157398268108        8.5262229388854860E-002  0.73295707255975195        7.6406569082641679E-002  0.67471426892860520        7.3845878408435900E-002
  0.18400001525878906       0.76506015514527770        7.9942891023754833E-002  0.70937269317101248        7.1481330963207176E-002  0.65247388385694183        6.9050273922765443E-002
  0.18800000846385956       0.74188889852317030        7.4993033980134849E-002  0.68668876042368199        6.6904258761047761E-002  0.63109609964077185        6.4594628603725127E-002
  0.19200000166893005       0.71958062976342885        7.0380469571830973E-002  0.66485998162345450        6.2644740967666493E-002  0.61053433774100963        6.0448431266755198E-002
  0.19600000977516174       0.69807909286739922        6.6080427708915021E-002  0.64384324755996736        5.8679274358225633E-002  0.59074851025915631        5.6589422502325015E-002
  0.20000000298023224       0.67733453488971118        6.2070103252292133E-002  0.62359826063121704        5.4986220698721076E-002  0.57170085902742651        5.2997023676622894E-002
  0.20400001108646393       0.65731767131914931        5.8325289516147523E-002  0.60408663353639480        5.1542576641399988E-002  0.55335270791611779        4.9648428301976459E-002
  0.20800000429153442       0.63798895163080593        5.4826589379672892E-002  0.58527135494833438        4.8330050288915148E-002  0.53566962436978616        4.6525747441188980E-002
  0.21200001239776611       0.61930850893455780        5.1556845528891164E-002  0.56711740635005004        4.5332488834739171E-002  0.51861947639330974        4.3613288725632846E-002
  0.21600000560283661       0.60124722580076462        4.8498832836922419E-002  0.54959463089999583        4.2533526700258777E-002  0.50217144834599026        4.0895119904576401E-002
  0.22000001370906830       0.58377929033673681        4.5636417038160661E-002  0.53267265780258410        3.9917876073972382E-002  0.48629623385396897        3.8356153910985888E-002
  0.22400000691413879       0.56687457984264855        4.2956168448764299E-002  0.51632028470445379        3.7472958028808540E-002  0.47096727266596516        3.5983891572204316E-002
  0.22800001502037048       0.55050511604315400        4.0445640615586399E-002  0.50050841389285827        3.5187104012263444E-002  0.45615907693127306        3.3766768917658480E-002
  0.23200000822544098       0.53464956479539916        3.8092433596026765E-002  0.48521308340576785        3.3048559827441155E-002  0.44184535760224841        3.1693355298298698E-002
  0.23600001633167267       0.51928631670827097        3.5885448257292056E-002  0.47041253360237179        3.1046762677238583E-002  0.42800571843631674        2.9753335082817408E-002
  0.24000000953674316       0.50439399806039076        3.3814785973492814E-002  0.45608596892368536        2.9172311364966553E-002  0.41462232205911775        2.7937480990864658E-002
  0.24400001764297485       0.48995214562447975        3.1871292921658391E-002  0.44221286090270984        2.7416529925044317E-002  0.40167703212575917        2.6237278560743295E-002
  0.24800001084804535       0.47594156824013134        3.0046362888665967E-002  0.42876937132868653        2.5771348327667989E-002  0.38914535853758719        2.4644808848336548E-002
  0.25200000405311584       0.46234622024464889        2.8331948068027062E-002  0.41574146315039257        2.4229129195671325E-002  0.37701252254271145        2.3152671008598573E-002
  0.25600001215934753       0.44915116008354578        2.6720649744513030E-002  0.40311772571520860        2.2782827733372906E-002  0.36526691780567366        2.1754052171490838E-002
  0.26000002026557922       0.43634206734167991        2.5205660717805237E-002  0.39088673222949510        2.1425971904864793E-002  0.35389700248553274        2.0442688438387310E-002
  0.26399999856948853       0.42390116510145481        2.3781005997343060E-002  0.37902708640264171        2.0153033284529404E-002  0.34288189796423624        1.9213162139560810E-002
  0.26800000667572021       0.41181437322061187        2.2440834372856718E-002  0.36752282902947769        1.8958492148984336E-002  0.33220594963403022        1.8060047500188931E-002
  0.27200001478195190       0.40007155861844168        2.1179512218712015E-002  0.35636562407288347        1.7836928061065582E-002  0.32186075737146180        1.6978047124007457E-002
  0.27600002288818359       0.38866266587709208        1.9991829043931802E-002  0.34554692673713006        1.6783339078615206E-002  0.31183777459575834        1.5962273134329109E-002
  0.28000000119209290       0.37757583077432416        1.8873161379279201E-002  0.33505491954470806        1.5793346999689373E-002  0.30212524922520662        1.5008459520620607E-002
  0.28400000929832458       0.36679349209605877        1.7819726862303029E-002  0.32486806467660373        1.4863554436403980E-002  0.29270205734629667        1.4113314649394118E-002
  0.28800001740455627       0.35630807721785196        1.6827270150381320E-002  0.31497950206149744        1.3989910299931052E-002  0.28356190947279436        1.3272833178681559E-002
  0.29200002551078796       0.34611295972301143        1.5891757824360343E-002  0.30538374144210811        1.3168557857211429E-002  0.27469986056437024        1.2483199471125363E-002
  0.29600000381469727       0.33620151391347902        1.5009465165118925E-002  0.29607510912362328        1.2395942035958139E-002  0.26611074560757519        1.1740899308700689E-002
  0.30000001192092896       0.32656257300572489        1.4177289892871736E-002  0.28704187279687027        1.1669192565222914E-002  0.25778321097910828        1.1043134757829977E-002
  0.30400002002716064       0.31718018547421006        1.3392832740515179E-002  0.27826526595603407        1.0986205891845560E-002  0.24969859382662618        1.0387914369795520E-002
  0.30800002813339233       0.30804980941003962        1.2652945781736664E-002  0.26974109297088855        1.0343944250389581E-002  0.24185302063481534        9.7722329477253431E-003
  0.31200000643730164       0.29916727783863561        1.1954676377448258E-002  0.26146561086942560        9.7395558041252096E-003  0.23424307036594411        9.1932675696324885E-003
  0.31600001454353333       0.29052803119923781        1.1295273994889376E-002  0.25343462442720677        9.1703924595151563E-003  0.22686487643393599        8.6483998650495365E-003
  0.32000002264976501       0.28212473929796866        1.0672433710825487E-002  0.24564059457668350        8.6342916804547330E-003  0.21971127002841639        8.1355053865751568E-003
  0.32400000095367432       0.27394051871560016        1.0084814531981012E-002  0.23806455690699879        8.1302020064728323E-003  0.21276375005118989        7.6536123124148455E-003
  0.32800000905990601       0.26597121921846145        9.5301820946107948E-003  0.23070233711591490        7.6559870978839279E-003  0.20601817238197551        7.2006380360115623E-003
  0.33200001716613770       0.25821438199884117        9.0063403900465227E-003  0.22355170109866268        7.2095208533609328E-003  0.19947229785732920        6.7745022052007192E-003
  0.33600002527236938       0.25066722804327413        8.5112474133104445E-003  0.21661006102897631        6.7888323761798553E-003  0.19312356481687210        6.3732772320984630E-003
  0.34000000357627869       0.24332681119573027        8.0430107624667336E-003  0.20987462351932412        6.3921001454142964E-003  0.18696922519648915        5.9951823359869994E-003
  0.34400001168251038       0.23618010719461810        7.6005960902872571E-003  0.20333167982309913        6.0184954695938755E-003  0.18099619032932920        5.6394348308996386E-003
  0.34800001978874207       0.22921652474670204        7.1829464503156302E-003  0.19696974901179923        5.6671347961811079E-003  0.17519343778153859        5.3051893891132686E-003
  0.35200002789497375       0.22243495727045057        6.7883959457970613E-003  0.19078750340640455        5.3363944005097525E-003  0.16955956968858493        4.9908503893496235E-003
  0.35600000619888306       0.21583404303549947        6.4153988395021823E-003  0.18478337463219449        5.0247720493565799E-003  0.16409297329173197        4.6949424079547313E-003
  0.36000001430511475       0.20941200951175620        6.0625096058049555E-003  0.17895541435037635        4.7308685130765544E-003  0.15879169430675863        4.4160922485370268E-003
  0.36400002241134644       0.20316692398955497        5.7283970009223461E-003  0.17330151679982270        4.4533994526549979E-003  0.15365363862455761        4.1530403295052679E-003
  0.36800003051757812       0.19708571127301930        5.4125907951689464E-003  0.16780839555253899        4.1920654733129566E-003  0.14866636759901189        3.9055306403720288E-003
  0.37200000882148743       0.19115971830004128        5.1143913706804866E-003  0.16246707207918679        3.9463015300247118E-003  0.14382132582566981        3.6730285713810259E-003
  0.37600001692771912       0.18538822429449775        4.8325922390813365E-003  0.15727652940052134        3.7149488967527359E-003  0.13911730827593338        3.4543894700894261E-003
  0.38000002503395081       0.17977038344181298        4.5660763047668407E-003  0.15223564376542553        3.4969368281690155E-003  0.13455303024408935        3.2485562284455096E-003
  0.38400000333786011       0.17430511812169788        4.3138026131232894E-003  0.14734308849588440        3.2912704396597450E-003  0.13012703885135882        3.0545474535841914E-003
  0.38800001144409180       0.16899102967960841        4.0747956378496195E-003  0.14259725505356582        3.0970208805434253E-003  0.12583764079136292        2.8714478637273761E-003
  0.39200001955032349       0.16382158236860778        3.8484941110859443E-003  0.13799168762123992        2.9137149480219010E-003  0.12167880479982451        2.6988073919042067E-003
  0.39600002765655518       0.15878348893546504        3.6348493129008700E-003  0.13351341361767116        2.7414485512820370E-003  0.11763862337953747        2.5367598302211709E-003
  0.40000000596046448       0.15387604827768414        3.4330254556440630E-003  0.12916124490829300        2.5794236669619639E-003  0.11371574795318340        2.3845213267370273E-003
  0.40400001406669617       0.14909881428110969        3.2422009983067907E-003  0.12493427774376625        2.4268524671043931E-003  0.10990910157913297        2.2413169535417518E-003
  0.40800002217292786       0.14445124429467285        3.0616134485160203E-003  0.12083154801042033        2.2830052542685392E-003  0.10621756985141002        2.1064293426301351E-003
  0.41200003027915955       0.13993257466818146        2.8905494558088586E-003  0.11685191938584635        2.1472016729534439E-003  0.10263989891271766        1.9791901979486592E-003
  0.41600000858306885       0.13554191070124530        2.7283440126680595E-003  0.11299416154204055        2.0188092920086528E-003   9.9174764792276091E-002   1.8589787500315977E-003
  0.42000001668930054       0.13127041350035237        2.5748664571956454E-003  0.10925017170477075        1.8977837456863487E-003   9.5814718844395172E-002   1.7457693792394641E-003
  0.42400002479553223       0.12710879652133614        2.4300594094862366E-003  0.10561127881279637        1.7841616695714511E-003   9.2551843268388237E-002   1.6396200579924963E-003
  0.42800003290176392       0.12305687756583054        2.2933098983799966E-003  0.10207663471036327        1.6773627863722169E-003   8.9385228860930449E-002   1.5399641212613549E-003
  0.43200001120567322       0.11911434573253737        2.1640449732383657E-003   9.8645322742902039E-002   1.5768458741099336E-003   8.6313912397654208E-002   1.4462732886782552E-003
  0.43600001931190491       0.11528065058293623        2.0417259698951576E-003   9.5316258595986733E-002   1.4821039534049791E-003   8.3336787510629395E-002   1.3580530944114759E-003
  0.44000002741813660       0.11155519420751647        1.9258518024990686E-003   9.2088354786049126E-002   1.3926662933087944E-003   8.0452751547193280E-002   1.2748446178304997E-003
  0.44400003552436829       0.10793722736680454        1.8159527574378976E-003   8.8960427737463557E-002   1.3080930715628121E-003   7.7660622026107906E-002   1.1962193775353366E-003
  0.44800001382827759       0.10442231756823013        1.7118175438462049E-003   8.5928395613671119E-002   1.2282182799518142E-003   7.4956661756401727E-002   1.1220223290897167E-003
  0.45200002193450928       0.10099962735705613        1.6136559056725841E-003   8.2983037723408329E-002   1.1533277085836009E-003   7.2332556513669280E-002   1.0525508259858207E-003
  0.45600003004074097        9.7668351156294880E-002   1.5210736716327247E-003   8.0123062963156452E-002   1.0830592959599169E-003   6.9786962547916068E-002   9.8745396915147251E-004
  0.46000000834465027        9.4428201889398128E-002   1.4336632801077312E-003   7.7347623138696073E-002   1.0170338750048323E-003   6.7318937685842725E-002   9.2636321697859506E-004
  0.46400001645088196        9.1278710013796824E-002   1.3510408598461619E-003   7.4655752490716223E-002   9.5489554663846614E-004   6.4927446607866035E-002   8.6893289757930580E-004
  0.46800002455711365        8.8219379311578291E-002   1.2728484992408718E-003   7.2046498653051613E-002   8.9631302281694618E-004   6.2611476591321352E-002   8.1484135869428138E-004
  0.47200003266334534        8.5249599697803727E-002   1.1987500835171202E-003   6.9518845610098717E-002   8.4097613627164220E-004   6.0369968324598976E-002   7.6378765186280715E-004
  0.47600001096725464        8.2368702057939586E-002   1.1284310557927741E-003   6.7071758367563405E-002   7.8859533583977581E-004   5.8201854956948358E-002   7.1549098455118889E-004
  0.48000001907348633        7.9570557094508415E-002   1.0619268299859276E-003   6.4700143585751310E-002   7.3924159948037514E-004   5.6102683728154593E-002   6.7002803690934161E-004
  0.48400002717971802        7.6848035971322462E-002   9.9935596327242185E-004   6.2398126488228338E-002   6.9307418530829032E-004   5.4067296044139117E-002   6.2756369906086674E-004
  0.48800003528594971        7.4200801222198340E-002   9.4042605719239021E-004   6.0164885016138224E-002   6.4982879350074555E-004   5.2094728654570550E-002   5.8784296259149858E-004
  0.49200001358985901        7.1628479069928003E-002   8.8486159050084627E-004   5.7999598458037878E-002   6.0925667535845945E-004   5.0184034141493312E-002   5.5062588319235964E-004
  0.49600002169609070        6.9130569022146260E-002   8.3240255279730911E-004   5.5901371420375601E-002   5.7112380545857688E-004   4.8334213695055299E-002   5.1568686579125391E-004
  0.50000000000000000        6.6706583430094904E-002   7.8280627029826667E-004   5.3869349255436481E-002   5.3521199130715784E-004   4.6544318034488517E-002   4.8281562691799033E-004
  0.50400000810623169        6.4355904837685440E-002   7.3584332121612935E-004   5.1902596392776362E-002   5.0131569401208056E-004   4.4813339295036982E-002   4.5181422922762379E-004
  0.50800001621246338        6.2077919544189342E-002   6.9129928796200454E-004   5.0000206685051653E-002   4.6924310256281652E-004   4.3140307471269776E-002   4.2249801612886267E-004
  0.51200002431869507        5.9870145822941430E-002   6.4909744834266015E-004   4.8160023849180743E-002   4.3893583642438272E-004   4.1523282169770109E-002   3.9481281777142043E-004
  0.51600003242492676        5.7725337329169651E-002   6.0948892570230305E-004   4.6376612905524778E-002   4.1065707113541590E-004   3.9957745702443766E-002   3.6901974849471174E-004
  0.52000004053115845        5.5642226891772097E-002   5.7230669259521465E-004   4.4648525434650865E-002   3.8426644506288132E-004   3.8442288953560902E-002   3.4498574636936905E-004
  0.52400004863739014        5.3620123588796968E-002   5.3735377501931659E-004   4.2974726333733032E-002   3.5959360298963474E-004   3.6975837297368877E-002   3.2254823026879842E-004
  0.52799999713897705        5.1658342880147368E-002   5.0444532059014217E-004   4.1354214627386539E-002   3.3647885766540286E-004   3.5557356354770565E-002   3.0155483836758135E-004
  0.53200000524520874        4.9756093462972335E-002   4.7340599314454987E-004   3.9785928351632201E-002   3.1477123006965738E-004   3.4185768144719839E-002   2.8186161626700645E-004
  0.53600001335144043        4.7912655311462958E-002   4.4407227771684870E-004   3.8268890012152341E-002   2.9432994448613911E-004   3.2860077831554022E-002   2.6333434431198127E-004
  0.54000002145767212        4.6127264302154053E-002   4.1628989680677530E-004   3.6802109733407709E-002   2.7502249679938194E-004   3.1579288393459089E-002   2.4584675437039675E-004
  0.54400002956390381        4.4399144141437398E-002   3.8991375665640938E-004   3.5384610246249157E-002   2.5672450921939154E-004   3.0342421999134683E-002   2.2928037137656850E-004
  0.54800003767013550        4.2725730420122461E-002   3.6494166108928171E-004   3.4014403603956238E-002   2.3944300932717927E-004   2.9147764704744193E-002   2.1364359666602812E-004
  0.55200004577636719        4.1101976297518709E-002   3.4157132184822671E-004   3.2688046581332328E-002   2.2337025316928236E-004   2.7992526516397193E-002   1.9912403740255974E-004
  0.55600005388259888        3.9527106674444187E-002   3.1968936611115708E-004   3.1404535008078910E-002   2.0841249078924873E-004   2.6875715563067261E-002   1.8563327095233657E-004
  0.56000000238418579        3.8000559355714149E-002   2.9917467003965828E-004   3.0163014185132189E-002   1.9446832367945430E-004   2.5796462255139763E-002   1.7307538654055940E-004
  0.56400001049041748        3.6521692801498112E-002   2.7991203936894663E-004   2.8962589146884432E-002   1.8144160328079615E-004   2.4753869482660774E-002   1.6135949544151233E-004
  0.56800001859664917        3.5089924265320670E-002   2.6179366737097854E-004   2.7802435630346289E-002   1.6924235148091599E-004   2.3747108661950060E-002   1.5040054295876630E-004
  0.57200002670288086        3.3704639630786688E-002   2.4471754159067517E-004   2.6681725424924176E-002   1.5778561075507238E-004   2.2775354436640503E-002   1.4011825675080939E-004
  0.57600003480911255        3.2365217934622582E-002   2.2858742743181801E-004   2.5599645122602800E-002   1.4699137151634597E-004   2.1837800615432293E-002   1.3043706657016186E-004
  0.58000004291534424        3.1071032672661234E-002   2.1331255507627542E-004   2.4555396037305076E-002   1.3678430087569045E-004   2.0933659753926796E-002   1.2128584589545686E-004
  0.58400005102157593        2.9821336792858536E-002   1.9881773199233345E-004   2.3548141656881662E-002   1.2710246804558070E-004   2.0062131388875616E-002   1.1260621520532638E-004
  0.58799999952316284        2.8612765664860446E-002   1.8526074084492360E-004   2.2575855014980238E-002   1.1808603273845471E-004   1.9221691559290467E-002   1.0453231947503010E-004
  0.59200000762939453        2.7443343168300063E-002   1.7265518306751627E-004   2.1637057109725858E-002   1.0975353218981415E-004   1.8411081319498587E-002   9.7083107887187321E-005
  0.59600001573562622        2.6312274321845668E-002   1.6091759863192458E-004   2.0730831971182653E-002   1.0203973142472480E-004   1.7629395306010966E-002   9.0197806620874956E-005
  0.60000002384185791        2.5218761739870810E-002   1.4996888100799713E-004   1.9856277833034050E-002   9.4882880032053974E-005   1.6875746995688071E-002   8.3818905158945982E-005
