 pt up dp u1 d1 u2 d2
   0.0000000000000000        0.0000000000000000        0.0000000000000000        0.0000000000000000        0.0000000000000000        0.0000000000000000        0.0000000000000000     
   9.9999997764825821E-003   3.4987229917750375        3.4987229917750375        3.2007150651672478        2.2169084985075722        2.9337459532660159        2.0418339905771790     
   1.9999999552965164E-002   3.4932659152830396        3.4932659152830396        3.1964532049515584        2.2139566099641543        2.9300715804872408        2.0392766937446423     
   2.9999999329447746E-002   3.4844212161466586        3.4844212161466586        3.1896062134107703        2.2092141841540043        2.9241935617456285        2.0351856992771387     
   3.9999999105930328E-002   3.4721092734519163        3.4721092734519163        3.1800790394562628        2.2026153859240822        2.9160168345190067        2.0294948453828510     
   4.9999997019767761E-002   3.4560571249196674        3.4560571249196674        3.1675680985374801        2.1939499437705412        2.9052430104395279        2.0219964591679540     
   5.9999998658895493E-002   3.4368463283417028        3.4368463283417028        3.1526674620487443        2.1836293288477888        2.8924426318102068        2.0130876277306209     
   7.0000000298023224E-002   3.4141022431484362        3.4141022431484362        3.1349568876570610        2.1713624690733391        2.8772015623989113        2.0024801197621525     
   7.9999998211860657E-002   3.3882274704648321        3.3882274704648321        3.1148340574481397        2.1574248106451748        2.8598980428636831        1.9904371839025183     
   8.9999996125698090E-002   3.3591762483812242        3.3591762483812242        3.0922179805250605        2.1417602569086300        2.8404446037821272        1.9768979430196725     
   9.9999994039535522E-002   3.3267908661440919        3.3267908661440919        3.0669070557521332        2.1242291730440144        2.8186363655585440        1.9617198046297595     
  0.10999999940395355        3.2914233121658265        3.2914233121658265        3.0392336015266799        2.1050617324545273        2.7947847256589746        1.9451194957230766     
  0.11999999731779099        3.2532739520888510        3.2532739520888510        3.0093675610986144        2.0843756427859086        2.7690431486586995        1.9272038248614911     
  0.12999999523162842        3.2121848473818861        3.2121848473818861        2.9770968717294588        2.0620240232076013        2.7411935908462253        1.9078210375752409     
  0.14000000059604645        3.1685570708439852        3.1685570708439852        2.9427979197192711        2.0382675698360435        2.7115880463099384        1.8872161153676990     
  0.14999999105930328        3.1222300686550954        3.1222300686550954        2.9062513172978583        2.0129543283103168        2.6800000576627929        1.8652314480034697     
  0.15999999642372131        3.0735014086091592        3.0735014086091592        2.8677196770602902        1.9862661917642928        2.6466699245350398        1.8420342796682396     
  0.17000000178813934        3.0225316346158846        3.0225316346158846        2.8274017525288948        1.9583408226776915        2.6117756071157929        1.8177484674269691     
  0.17999999225139618        2.9694276886017024        2.9694276886017024        2.7851684570677304        1.9290888118858636        2.5751559602156915        1.7922618571496483     
  0.18999999761581421        2.9143364477939571        2.9143364477939571        2.7412510946976849        1.8986703672921086        2.5370573311520936        1.7657459021025361     
  0.19999998807907104        2.8574096539780904        2.8574096539780904        2.6957221746932283        1.8671357109322870        2.4975221526681697        1.7382301347055173     
  0.20999999344348907        2.7988012544050265        2.7988012544050265        2.6486949543314031        1.8345632880959319        2.4566389901101036        1.7097761948337238     
  0.21999999880790710        2.7386672852331224        2.7386672852331224        2.6002743063623206        1.8010257367049616        2.4144936128819046        1.6804437764372244     
  0.22999998927116394        2.6771664200148324        2.6771664200148324        2.5505745853059310        1.7666022620313087        2.3711758186171834        1.6502953770408593     
  0.23999999463558197        2.6144529756175325        2.6144529756175325        2.4997030243687339        1.7313671369177503        2.3267817921235712        1.6193979395267715     
  0.25000000000000000        2.5506837140542071        2.5506837140542071        2.4477708934357025        1.6953974301281742        2.2814015766063100        1.5878141323332060     
  0.25999999046325684        2.4860209608114192        2.4860209608114192        2.3948920663727429        1.6587720140195192        2.2351281990848850        1.5556087005790089     
  0.26999998092651367        2.4206146542532130        2.4206146542532130        2.3411819665450864        1.6215708341771011        2.1880546364081996        1.5228463544652229     
  0.28000000119209290        2.3546187230485018        2.3546187230485018        2.2867446298511465        1.5838659488949740        2.1402768415842743        1.4895938755456684     
  0.28999999165534973        2.2881849464187707        2.2881849464187707        2.2316947255955242        1.5457367814740868        2.0918814719216350        1.4559115757358552     
  0.29999998211860657        2.2214575592545645        2.2214575592545645        2.1761446777603384        1.5072612000396315        2.0429616812151967        1.4218642883880439     
  0.31000000238418579        2.1545807564765034        2.1545807564765034        2.1201956043206027        1.4685092418469117        1.9936117467949672        1.3875176288145386     
  0.31999999284744263        2.0876938955442008        2.0876938955442008        2.0639570576908812        1.4295567860897693        1.9439197694220685        1.3529329135476886     
  0.32999998331069946        2.0209293663471617        2.0209293663471617        2.0075354788091602        1.3904775568627317        1.8939736849096336        1.3181713443190377     
  0.34000000357627869        1.9544206810016418        1.9544206810016418        1.9510257218470339        1.3513372529283709        1.8438581370178646        1.2832918316509778     
  0.34999999403953552        1.8882882444827875        1.8882882444827875        1.8945279016040917        1.3122052167134608        1.7936631982162390        1.2483570643491237     
  0.35999998450279236        1.8226510270179908        1.8226510270179908        1.8381431354367330        1.2731514850448316        1.7434643551396134        1.2134195797426623     
  0.37000000476837158        1.7576194379716712        1.7576194379716712        1.7819560210610399        1.2342346527651735        1.6933435774562620        1.1785364272344847     
  0.37999999523162842        1.6933052558438697        1.6933052558438697        1.7260606278760169        1.1955198750806986        1.6433781934026770        1.1437614258751203     
  0.38999998569488525        1.6298013596829473        1.6298013596829473        1.6705362556131764        1.1570620772956401        1.5936409707402333        1.1091452207071084     
  0.39999997615814209        1.5672017441473318        1.5672017441473318        1.6154663860603542        1.1189190813282761        1.5442059087540647        1.0747393138911892     
  0.40999999642372131        1.5055953672257820        1.5055953672257820        1.5609300212537924        1.0811456062904237        1.4951417880123845        1.0405915754557542     
  0.41999998688697815        1.4450615538995795        1.4450615538995795        1.5069953804363636        1.0437889028170815        1.4465098033792259        1.0067445959166201     
  0.42999997735023499        1.3856712198697254        1.3856712198697254        1.4537331507794347        1.0068979309024233        1.3983736685841539       0.97324271887434821     
  0.43999999761581421        1.3274911150599160        1.3274911150599160        1.4012094952170628       0.97051851692206059        1.3507885432572859       0.94012433443137688     
  0.44999998807907104        1.2705796774251195        1.2705796774251195        1.3494800191044993       0.93468917476495161        1.3038177588156583       0.90743352010567890     
  0.45999997854232788        1.2149940517094606        1.2149940517094606        1.2986043408663488       0.89945119788880701        1.2575057117288286       0.87520117503509465     
  0.46999999880790710        1.1607748986497100        1.1607748986497100        1.2486288588722834       0.86483672315615379        1.2119021023423546       0.84346188975899627     
  0.47999998927116394        1.1079632394555883        1.1079632394555883        1.1995993098093889       0.83087742912888451        1.1670533647674062       0.81224798157684452     
  0.48999997973442078        1.0565949446789611        1.0565949446789611        1.1515663839741610       0.79760842538308052        1.1229966308135175       0.78158529355482298     
  0.50000000000000000        1.0066969291819179        1.0066969291819179        1.1045603610975947       0.76505068454254821        1.0797698446962725       0.75150023417899503     
  0.50999999046325684       0.95828978710533830       0.95828978710533830        1.0586190496889738       0.73323039388226985        1.0374091871218247       0.72201798456483979     
  0.51999998092651367       0.91139023396795371       0.91139023396795371        1.0137677244495513       0.70216505939664431       0.99594379541736666       0.69315882376378102     
  0.52999997138977051       0.86600794561016303       0.86600794561016303       0.97003550397858851       0.67187484947581255       0.95540221302269868       0.66494261749238781     
  0.53999996185302734       0.82215259533158147       0.82215259533158147       0.92743986494462105       0.64237186896953913       0.91580216745569376       0.63738170378167547     
  0.55000001192092896       0.77982005964218137       0.77982005964218137       0.88599985576425722       0.61366931136609304       0.87717054165997144       0.61049479267297813     
  0.56000000238418579       0.73900787026787285       0.73900787026787285       0.84573135431584390       0.58577817414657740       0.83952381070008986       0.58429335051251230     
  0.56999999284744263       0.69970990306687819       0.69970990306687819       0.80664059876346872       0.55870277804517032       0.80287263621165161       0.55878479760534716     
  0.57999998331069946       0.66191476437508934       0.66191476437508934       0.76873763539948869       0.53245008141663186       0.76722956307091983       0.53397786495790533     
  0.58999997377395630       0.62560239880255819       0.62560239880255819       0.73202228917436252       0.50701996301654972       0.73260179068526221       0.50987756322717981     
  0.59999996423721313       0.59075912232826788       0.59075912232826788       0.69649806273858861       0.48241484888269964       0.69899643252136567       0.48648884325700775     
  0.61000001430511475       0.55735555620148758       0.55735555620148758       0.66215591345677083       0.45862847582237198       0.66641504572998067       0.46381278879607796     
  0.62000000476837158       0.52537564091819344       0.52537564091819344       0.62899755408356761       0.43566203013934146       0.63485953166815323       0.44185072315442075     
  0.62999999523162842       0.49478730927501913       0.49478730927501913       0.59701336273230121       0.41350884743458516       0.60432461251807490       0.42059897306653465     
  0.63999998569488525       0.46555669095023217       0.46555669095023217       0.56618939802232260       0.39215927150172147       0.57480497655559259       0.40005384166871888     
  0.64999997615814209       0.43766013930835251       0.43766013930835251       0.53651817964293080       0.37160812125963938       0.54629962984166658       0.38021463719742304     
  0.65999996662139893       0.41105851281673766       0.41105851281673766       0.50797406571692072       0.35183763639717841       0.51879501095021263       0.36107192114597964     
  0.66999995708465576       0.38571741296595402       0.38571741296595402       0.48055278059202633       0.33284485547301912       0.49227984543941850       0.34261784670730921     
  0.68000000715255737       0.36160379191618092       0.36160379191618092       0.45422264848943766       0.31460783891996769       0.46674913546319419       0.32484893547115085     
  0.68999999761581421       0.33867676095346844       0.33867676095346844       0.42896989074337988       0.29711704323270399       0.44217856815287498       0.30774826612173978     
  0.69999998807907104       0.31689873714072531       0.31689873714072531       0.40477838633366914       0.28036130252300434       0.41856003775677447       0.29131019720287149     
  0.70999997854232788       0.29623290860513174       0.29623290860513174       0.38161295010255858       0.26431624652558755       0.39587606345776660       0.27552256238277700     
  0.71999996900558472       0.27663848497915111       0.27663848497915111       0.35946113174137512       0.24897325179395952       0.37410629181646216       0.26037119603667835     
  0.72999995946884155       0.25807942231962910       0.25807942231962910       0.33828819107741492       0.23430825627244264       0.35323421037480363       0.24584460579316081     
  0.74000000953674316       0.24051267619982153       0.24051267619982153       0.31806940737940659       0.22030413766238466       0.33323554778430331       0.23192589923374995     
  0.75000000000000000       0.22389990290084158       0.22389990290084158       0.29878398062053402       0.20694648925925926       0.31409482542005007       0.21860430351615764     
  0.75999999046325684       0.20820526505893294       0.20820526505893294       0.28039962321251094       0.19421294773880618       0.29579150847525670       0.20586552678718387     
  0.76999998092651367       0.19338660214028230       0.19338660214028230       0.26289125698827859       0.18208614323193406       0.27829578927992543       0.19368882344896471     
  0.77999997138977051       0.17940655871361597       0.17940655871361597       0.24622830659657960       0.17054489835963024       0.26159001969734036       0.18206191071833111     
  0.78999996185302734       0.16622948966655932       0.16622948966655932       0.23038718142819051       0.15957287357869610       0.24565589262835544       0.17097204718621134     
  0.79999995231628418       0.15381709084480055       0.15381709084480055       0.21533097426501832       0.14914450587468678       0.23046083928862438       0.16039656556921716     
  0.81000000238418579       0.14213642360218359       0.14213642360218359       0.20103677654152749       0.13924392810773112       0.21598777713443193       0.15032357672665297     
  0.81999999284744263       0.13114921550528905       0.13114921550528905       0.18748168649214855       0.12985527784781384       0.20221263126614317       0.14073632496488431     
  0.82999998331069946       0.12082187961625915       0.12082187961625915       0.17462745094627766       0.12095205983456947       0.18910954931291465       0.13161681750254428     
  0.83999997377395630       0.11112424357918357       0.11112424357918357       0.16245651619772988       0.11252211585971379       0.17665440331923238       0.12294826172006755     
  0.84999996423721313       0.10202088332849711       0.10202088332849711       0.15093157699855814       0.10453960722172857       0.16482975497914473       0.11471852087269303     
  0.85999995470046997        9.3481299802186127E-002   9.3481299802186127E-002  0.14003559818097758        9.6992734867131530E-002  0.15360364725993716       0.10690535344507671     
  0.87000000476837158        8.5477113219319334E-002   8.5477113219319334E-002  0.12973414277468723        8.9857646747062231E-002  0.14295734669735771        9.9495721285763214E-002
  0.87999999523162842        7.7978046052950417E-002   7.7978046052950417E-002  0.12000263608711294        8.3117321713524941E-002  0.13287234320618860        9.2476741711054397E-002
  0.88999998569488525        7.0959119209816249E-002   7.0959119209816249E-002  0.11082038397358607        7.6757426399053086E-002  0.12331778727067649        8.5826944017330695E-002
  0.89999997615814209        6.4390449424889168E-002   6.4390449424889168E-002  0.10215857396459486        7.0758004447887449E-002  0.11427741421149208        7.9535008282680231E-002
  0.90999996662139893        5.8247045278928093E-002   5.8247045278928093E-002   9.3997034274293165E-002   6.5105084293499579E-002  0.10572890749678361        7.3585402605563704E-002
  0.91999995708465576        5.2506018515070377E-002   5.2506018515070377E-002   8.6304837751393346E-002   5.9777244889926993E-002   9.7649193264068332E-002   6.7962067996054601E-002
  0.93000000715255737        4.7144479928577773E-002   4.7144479928577773E-002   7.9068310554372856E-002   5.4765015336179598E-002   9.0019412364832394E-002   6.2651878828729593E-002
  0.93999999761581421        4.2137106711332521E-002   4.2137106711332521E-002   7.2256397015580232E-002   5.0046885572117256E-002   8.2817606554475551E-002   5.7639552563480793E-002
  0.94999998807907104        3.7463479829801263E-002   3.7463479829801263E-002   6.5852234496798306E-002   4.5611176043262418E-002   7.6023546492783978E-002   5.2911009946305182E-002
  0.95999997854232788        3.3107714513731228E-002   3.3107714513731228E-002   5.9744859645659489E-002   4.1381030299141489E-002   6.9623437192309220E-002   4.8456649916061155E-002
  0.96999996900558472        2.9047559394135378E-002   2.9047559394135378E-002   5.4096200190189042E-002   3.7468604201521080E-002   6.3591075747709780E-002   4.4258235725725958E-002
  0.97999995946884155        2.5261832724830964E-002   2.5261832724830964E-002   4.8797884927426663E-002   3.3798836698122052E-002   5.7912371587289353E-002   4.0305960592880802E-002
  0.98999994993209839        2.1739412849399422E-002   2.1739412849399422E-002   4.3826878744728695E-002   3.0355772998860525E-002   5.2573602292358995E-002   3.6590273962924594E-002
   1.0000000000000000        1.8457972413587490E-002   1.8457972413587490E-002   3.9170044675410104E-002   2.7130314057899625E-002   4.7550600778436279E-002   3.3094355983240509E-002
