 Nu  Z Q2 pt2 MULT-RATIO STAT SYS fuu fuua DIS
   19.750000000000000       0.17000000000000001        2.3700000000000001       0.10299999999999999       0.92400000000000004        1.4000000000000000E-002   3.2000000000000001E-002   8.7932930035487637E-004   9.2237559289053573E-004  0.99587010701339029     
   17.559999999999999       0.25000000000000000        2.5699999999999998       0.16500000000000001       0.92400000000000004        8.9999999999999993E-003   3.1000000000000000E-002   2.5223318511145338E-004   2.6448437584040800E-004   1.0119689389004474     
   16.120000000000001       0.34999999999999998        2.6299999999999999       0.22500000000000001       0.90000000000000002        8.9999999999999993E-003   2.9999999999999999E-002   8.5267638133264744E-005   8.9502142912890057E-005   1.0169432271437426     
   15.260000000000000       0.45000000000000001        2.6600000000000001       0.27400000000000002       0.89700000000000002        1.0000000000000000E-002   2.9000000000000001E-002   3.5498117894610434E-005   3.7329610358555819E-005   1.0192605724858255     
   14.640000000000001       0.55000000000000004        2.6899999999999999       0.31000000000000000       0.89100000000000001        1.2000000000000000E-002   2.8000000000000001E-002   1.7432849929477223E-005   1.8372151234340528E-005   1.0216375047929120     
   13.890000000000001       0.64000000000000001        2.6800000000000002       0.33100000000000002       0.90800000000000003        1.4999999999999999E-002   2.8000000000000001E-002   1.0584549971675508E-005   1.1166375734416436E-005   1.0230370592994806     
   13.080000000000000       0.73999999999999999        2.7200000000000002       0.33800000000000002       0.90100000000000002        2.0000000000000000E-002   2.7000000000000000E-002   6.0570763361747646E-006   6.3861731926916008E-006   1.0242786351336945     
   11.910000000000000       0.83999999999999997        2.5899999999999999       0.31600000000000000       0.84599999999999997        2.5999999999999999E-002   2.5000000000000001E-002   4.0207122186114955E-006   4.2394169616950604E-006   1.0247652845086275     
   10.789999999999999       0.95999999999999996        2.5099999999999998       0.30900000000000000       0.79100000000000004        3.5000000000000003E-002   2.3000000000000000E-002   2.0625617005086754E-006   2.1733566762523876E-006   1.0255493000696685     
