 pt up dp u1 d1 u2 d2
   0.0000000000000000        0.0000000000000000        0.0000000000000000        0.0000000000000000        0.0000000000000000        0.0000000000000000        0.0000000000000000     
   9.9999997764825821E-003   4.0358529611480343        2.6516736345339296        2.9521237018468187        1.7889215461182648        2.7477074606592762        1.6515345259525931     
   1.9999999552965164E-002   4.0287109073750145        2.6469810959631093        2.9479608398530170        1.7863989439964192        2.7440023464200998        1.6493075333865319     
   2.9999999329447746E-002   4.0153943277470097        2.6382317130094473        2.9397636455563645        1.7814316258973069        2.7366123473837805        1.6448657073442823     
   3.9999999105930328E-002   3.9967791749785637        2.6260010122693336        2.9276662036074632        1.7741008441479635        2.7255477734368703        1.6382152446768008     
   4.9999997019767761E-002   3.9732338835782630        2.6105310660089924        2.9132061327008456        1.7653383616046132        2.7125148382323938        1.6303816805973361     
   5.9999998658895493E-002   3.9446513648919552        2.5917515138452543        2.8956264386729273        1.7546854565786361        2.6966946558425371        1.6208728162812471     
   7.0000000298023224E-002   3.9110972772701844        2.5697054952380296        2.8749931772870747        1.7421821573988796        2.6780810997660618        1.6096849693393172     
   7.9999998211860657E-002   3.8727143380071269        2.5444867796308044        2.8513404863526155        1.7278491508213227        2.6567853324178365        1.5968849549506643     
   8.9999996125698090E-002   3.8296406793125453        2.5161861239322780        2.8247382642637726        1.7117287937239629        2.6327817729656386        1.5824573975237370     
   9.9999994039535522E-002   3.7820131046398302        2.4848934120192769        2.7953255353721111        1.6939053317831514        2.6062414645993770        1.5665051041213705     
  0.10999999940395355        3.7300627376002429        2.4507604988756690        2.7631206899783214        1.6743899091135948        2.5772029006754842        1.5490512115250721     
  0.11999999731779099        3.6739004038371146        2.4138602001960039        2.7282539899081155        1.6532614614951533        2.5457333915794988        1.5301361772534376     
  0.12999999523162842        3.6137722601500020        2.3743542482092801        2.6908120228123087        1.6305724591254902        2.5119208293486839        1.5098128296137603     
  0.14000000059604645        3.5498086221747553        2.3323282641061369        2.6509018287805017        1.6063877659269650        2.4758841367278541        1.4881526482019587     
  0.14999999105930328        3.4823195357539887        2.2879859570886314        2.6086773849205822        1.5808006886149217        2.4377031500756230        1.4652036193865092     
  0.15999999642372131        3.4115155605430574        2.2414656710191392        2.5641901902684299        1.5538424344639163        2.3974948987863360        1.4410360847478318     
  0.17000000178813934        3.3376135567464922        2.1929098894054229        2.5176486621431460        1.5256392997509280        2.3553784995788565        1.4157216404717068     
  0.17999999225139618        3.2608162434381693        2.1424518046181142        2.4691414663340598        1.4962450139795140        2.3114512020764435        1.3893187393274846     
  0.18999999761581421        3.1814421830002146        2.0903007214752427        2.4187824870404495        1.4657285884508324        2.2658277413323908        1.3618963438610592     
  0.19999998807907104        3.0997320940470958        2.0366147991588921        2.3667521397158637        1.4341993509318414        2.2186731750811384        1.3335536635228931     
  0.20999999344348907        3.0158912899347001        1.9815289345589784        2.3131389178482644        1.4017109265152889        2.1700597634556913        1.3043341309222465     
  0.21999999880790710        2.9302500072153363        1.9252601027653633        2.2581470591580803        1.3683870787339705        2.1201223463738526        1.2743187928164357     
  0.22999998927116394        2.8430176254570489        1.8679458722884799        2.2018718839073830        1.3342855695544702        2.0690254042692624        1.2436065116640287     
  0.23999999463558197        2.7544764577993495        1.8097717311319634        2.1444925638091008        1.2995149730644864        2.0168683020971132        1.2122570116738538     
  0.25000000000000000        2.6648399503980262        1.7508779196735356        2.0861363913935649        1.2641524257166781        1.9637400683206723        1.1803238042123791     
  0.25999999046325684        2.5744206361312978        1.6914697811705113        2.0269233961883724        1.2282706627449915        1.9098487851424333        1.1479319589773720     
  0.26999998092651367        2.4834249766578793        1.6316829669814104        1.9670467396565059        1.1919867357156568        1.8552814369236277        1.1151337587092065     
  0.28000000119209290        2.3921165194838139        1.5716906355388967        1.9066228090538107        1.1553711727266480        1.8001289427104441        1.0819838511263895     
  0.28999999165534973        2.3006959189705571        1.5116246226370535        1.8457783447899840        1.1185007756577552        1.7445880299722807        1.0486004810612266     
  0.29999998211860657        2.2094184981478935        1.4516526829866894        1.7846569021459804        1.0814625358281409        1.6887449227379245        1.0150354742493719     
  0.31000000238418579        2.1185502013514981        1.3919495498077570        1.7234216081067024        1.0443553045758671        1.6327002042493814       0.98134928716200509     
  0.31999999284744263        2.0282183093513071        1.3325988502950736        1.6621818138223265        1.0072453462747846        1.5765998849711378       0.94762968071498022     
  0.32999998331069946        1.9386827846017545        1.2737713873973640        1.6010642958934180       0.97020948473554924        1.5205616059537574       0.91394736413024447     
  0.34000000357627869        1.8500631030935384        1.2155456603408252        1.5401759940216764       0.93331252304767387        1.4646373630881617       0.88033359001029865     
  0.34999999403953552        1.7626436494452884        1.1581085181515602        1.4796634198272791       0.89664324400638018        1.4090509175974588       0.84692285207066009     
  0.35999998450279236        1.6765416442890058        1.1015369782190259        1.4196111653560783       0.86025290851694902        1.3537938640989906       0.81371009817973683     
  0.37000000476837158        1.5918970354344995        1.0459229903543434        1.3601685707377331       0.82423201338867014        1.2990300933823169       0.78079383638517230     
  0.37999999523162842        1.5088926295749805       0.99138666391066943        1.3014025232915334       0.78862109085485188        1.2448052737687991       0.74820151604631535     
  0.38999998569488525        1.4276440924332965       0.93800399465659168        1.2434049523876833       0.75347584807674184        1.1912463832945550       0.71600945846508190     
  0.39999997615814209        1.3482301829274037       0.88582672950862207        1.1863043761776444       0.71887416420624439        1.1384087077159337       0.68425089364747316     
  0.40999999642372131        1.2708477883663083       0.83498422919701831        1.1301391891963608       0.68483930548073635        1.0864064860387093       0.65299448598551268     
  0.41999998688697815        1.1955349227138268       0.78550147000970760        1.0750251236227570       0.65144140303609488        1.0352696018883396       0.62225819730370802     
  0.42999997735023499        1.1224085812355846       0.73745532126383717        1.0210282399715962       0.61872048808040636       0.98510049452511639       0.59210359964988579     
  0.43999999761581421        1.0515259852739103       0.69088337905774000       0.96818500196530499       0.58669865682144784       0.93593572856511664       0.56255267051864677     
  0.44999998807907104       0.98291130104167190       0.64580152130127100       0.91657737443148946       0.55542557812846072       0.88786505866710730       0.53365935776286122     
  0.45999997854232788       0.91669192823597745       0.60229345332788209       0.86629101047249957       0.52495315588344915       0.84090035501823901       0.50543079606633112     
  0.46999999880790710       0.85285414393899228       0.56035015877851191       0.81730773936661061       0.49527037903170090       0.79511899589828783       0.47791349434692104     
  0.47999998927116394       0.79145505051954634       0.52000915558242022       0.76970213648705099       0.46642243859684790       0.75053863030324253       0.45111806069397281     
  0.48999997973442078       0.73114810898461147       0.48038572817140845       0.72353957665000523       0.43844895026883396       0.70720630990781097       0.42507277594392762     
  0.50000000000000000       0.67461796491383907       0.44324376734381865       0.67878804107610669       0.41133051137687876       0.66515209060760472       0.39979570546583237     
  0.50999999046325684       0.62058436079009316       0.40774210640297437       0.63550241811363395       0.38510038304374833       0.62442920701023585       0.37531884640410923     
  0.51999998092651367       0.56894910875921134       0.37381623305206424       0.59372916464341541       0.35978671710976878       0.58500133961833611       0.35162036859498319     
  0.52999997138977051       0.51976571161775476       0.34150130019590974       0.55342354629659474       0.33536240553869873       0.54691231337605362       0.32872661341918680     
  0.53999996185302734       0.47298193626247659       0.31076298915539513       0.51462228637436447       0.31184970183729582       0.51017285336650653       0.30664402728534024     
  0.55000001192092896       0.42855563267377100       0.28157360613276389       0.47735483765366787       0.28926645373573268       0.47478903399856370       0.28537626127206644     
  0.56000000238418579       0.38646840424725210       0.25392106401996567       0.44156540351993689       0.26757884972199902       0.44078850699337685       0.26493993569751756     
  0.56999999284744263       0.34664107021301827       0.22775333873140280       0.40727488700887998       0.24679955657253566       0.40811818492850022       0.24530314188425315     
  0.57999998331069946       0.30907321355933887       0.20307015627815184       0.37447281939908267       0.22692223047414611       0.37679778711124073       0.22647773230103518     
  0.58999997377395630       0.27366168427231752       0.17980374407907840       0.34316969844978212       0.20795323283630410       0.34681811331607171       0.20845817706874781     
  0.59999996423721313       0.24040999471877700       0.15795640986208853       0.31329738458203188       0.18985127258409817       0.31818969658053842       0.19125080716527657     
  0.61000001430511475       0.20920246926562380       0.13745215134727048       0.28485970286443374       0.17261866762434011       0.29084901764988474       0.17481744376562100     
  0.62000000476837158       0.17996600721799597       0.11824293923645716       0.25787076179340396       0.15626396739322268       0.26480141536458301       0.15916129582833810     
  0.62999999523162842       0.15267815020346126       0.10031401772099378       0.23221177927025882       0.14071519257108012       0.24002514035754927       0.14426929069879824     
  0.63999998569488525       0.12722376842167066        8.3589743149074081E-002  0.20793504147054692       0.12600402742166592       0.21651812784780919       0.13014018732164309     
  0.64999997615814209       0.10358875259234837        6.8060845310194851E-002  0.18495145819053538       0.11207648525570096       0.19420978999944191       0.11673155823696119     
  0.65999996662139893        8.1651249429180936E-002   5.3647263025292151E-002  0.16330518479700709        9.8959323247000408E-002  0.17309429850628338       0.10403990028839545     
  0.66999995708465576        6.1330404804837160E-002   4.0295872763912360E-002  0.14287420312273086        8.6578601090068083E-002  0.15314161088053671        9.2047156165787458E-002
  0.68000000715255737        4.2594189099789875E-002   2.7985630127648931E-002  0.12365758476994360        7.4933756196431930E-002  0.13434065816705310        8.0746672773108485E-002
  0.68999999761581421        2.5327498688503054E-002   1.6640908662314536E-002  0.10563793771131588        6.4014249382927171E-002  0.11661726436602503        7.0093865951952744E-002
  0.69999998807907104        9.5104141365048335E-003   6.2486207158783695E-003   8.8733331898226270E-002   5.3770432855606849E-002   9.9958231211711351E-002   6.0080802764819599E-002
  0.70999997854232788       -4.9758340209841018E-003  -3.2692687296286653E-003   7.2924709863876058E-002   4.4190758211892944E-002   8.4328620209527791E-002   5.0686483112202356E-002
  0.71999996900558472       -1.8209936057625976E-002  -1.1964461489404714E-002   5.8171109790997676E-002   3.5250403498209036E-002   6.9723821528228522E-002   4.1908136213160599E-002
  0.72999995946884155       -3.0242294948900704E-002  -1.9870073795004502E-002   4.4450962483628356E-002   2.6936298259761626E-002   5.6033325149952982E-002   3.3679339017724616E-002
  0.74000000953674316       -4.1091801167707782E-002  -2.6998517240560179E-002   3.1682740481779395E-002   1.9199038662394731E-002   4.3275422890392636E-002   2.6011085987856238E-002
  0.75000000000000000       -5.0927027155251312E-002  -3.3460548858638181E-002   1.9845095055234917E-002   1.2025687848671581E-002   3.1401795163672253E-002   1.8874334197590440E-002
  0.75999999046325684       -5.9743877330413010E-002  -3.9253477732454654E-002   8.9151896214793025E-003   5.4024073556324416E-003   2.0404746591391520E-002   1.2264458269844644E-002
  0.76999998092651367       -6.7643859880609183E-002  -4.4443997715044384E-002  -1.1858871239260713E-003  -7.1862131858778605E-004   1.0159301123560090E-002   6.1063402146466182E-003
  0.77999997138977051       -7.4639677408873922E-002  -4.9040454788751311E-002  -1.0479885084166054E-002  -6.3505781333551958E-003   7.3473874917810017E-004   4.4162139863744066E-004
  0.78999996185302734       -8.0832508710982562E-002  -5.3109326386651848E-002  -1.8989068092864374E-002  -1.1506954478493146E-002  -7.9702767632274414E-003  -4.7906072405209665E-003
  0.79999995231628418       -8.6285491958659297E-002  -5.6692096137338388E-002  -2.6789151280793413E-002  -1.6233632045450079E-002  -1.5945919933054702E-002  -9.5844400084704826E-003
  0.81000000238418579       -9.1035198290797592E-002  -5.9812792350494720E-002  -3.3900719068407907E-002  -2.0543084536883627E-002  -2.3310226228498765E-002  -1.4010823195455603E-002
  0.81999999284744263       -9.5116133943707465E-002  -6.2494086634311330E-002  -4.0361591617487542E-002  -2.4458230132761646E-002  -2.9971609980054523E-002  -1.8014708402971227E-002
  0.82999998331069946       -9.8585286254390184E-002  -6.4773421338765555E-002  -4.6191804349014473E-002  -2.7991209854226956E-002  -3.6105549494567603E-002  -2.1701568461171345E-002
  0.83999997377395630      -0.10152883422064454       -6.6707418590212175E-002  -5.1461559444997515E-002  -3.1184564667940517E-002  -4.1621685259873413E-002  -2.5017091964557175E-002
  0.84999996423721313      -0.10394637667278168       -6.8295814808412139E-002  -5.6188346583258809E-002  -3.4048892931102553E-002  -4.6657043436120177E-002  -2.8043639731259385E-002
  0.85999995470046997      -0.10591463323068957       -6.9589017031299313E-002  -6.0405966141729529E-002  -3.6604676923744084E-002  -5.1124128177416961E-002  -3.0728621588402678E-002
  0.87000000476837158      -0.10741317982123046       -7.0573606044455020E-002  -6.4146997623629229E-002  -3.8871659102875100E-002  -5.5186623285302688E-002  -3.3170421171600295E-002
  0.87999999523162842      -0.10856717480207910       -7.1331814555656584E-002  -6.7427141876905100E-002  -4.0859353834430706E-002  -5.8781940576845347E-002  -3.5331419285028483E-002
  0.88999998569488525      -0.10936825699810028       -7.1858149027881693E-002  -7.0308011488938782E-002  -4.2605096981068014E-002  -6.1939572954792868E-002  -3.7229342905760202E-002
  0.89999997615814209      -0.10983361013310008       -7.2163899671105383E-002  -7.2802630810157490E-002  -4.4116781010534366E-002  -6.4759368672712744E-002  -3.8924206733498466E-002
  0.90999996662139893      -0.11000128936185788       -7.2274069836925678E-002  -7.4899421880226122E-002  -4.5387389935427118E-002  -6.7180169121341574E-002  -4.0379250830657507E-002
  0.91999995708465576      -0.10991982441769939       -7.2220544981921417E-002  -7.6727735328627117E-002  -4.6495307370884309E-002  -6.9280640481487882E-002  -4.1641758219716989E-002
  0.93000000715255737      -0.10962190236582470       -7.2024801465567417E-002  -7.8201122795155606E-002  -4.7388147526262810E-002  -7.1047188801963673E-002  -4.2703558132845022E-002
  0.93999999761581421      -0.10911692900678595       -7.1693019174390055E-002  -7.9400781267630574E-002  -4.8115113976906800E-002  -7.2571104083385435E-002  -4.3619521254075887E-002
  0.94999998807907104      -0.10842796690260290       -7.1240350887303697E-002  -8.0354398624833526E-002  -4.8692984963812212E-002  -7.3791936501018132E-002  -4.4353313667202278E-002
  0.95999997854232788      -0.10753696839364826       -7.0654938763188069E-002  -8.1068861564309785E-002  -4.9125933673086236E-002  -7.4780797120111833E-002  -4.4947677323876382E-002
  0.96999996900558472      -0.10654350546033985       -7.0002204510354618E-002  -8.1564452388427786E-002  -4.9426250730521398E-002  -7.5522033119358484E-002  -4.5393203953680364E-002
  0.97999995946884155      -0.10541120000420608       -6.9258246652332170E-002  -8.1860222701115995E-002  -4.9605480985926646E-002  -7.6098559669430507E-002  -4.5739730473044284E-002
  0.98999994993209839      -0.10418605664139323       -6.8453291569734065E-002  -8.2808869509104238E-002  -5.0180339930152092E-002  -7.6429988071133909E-002  -4.5938938524167312E-002
   1.0000000000000000      -0.10286864608062299       -6.7587714234910307E-002  -8.2750011466046713E-002  -5.0144673260316339E-002  -7.6642455993358435E-002  -4.6066644298612104E-002
