 x kt PDF(p) PDF(Pb) ratio
  0.40000000596046448        9.9999997764825821E-003  0.33895531998414258       0.30536894135032033       0.90091207703896337     
  0.40000000596046448        1.9999999552965164E-002  0.37120819621064038       0.32128338397326761       0.86550724701928949     
  0.40000000596046448        2.9999999329447746E-002  0.35104795095506308       0.31378199855369643       0.89384369770573879     
  0.40000000596046448        3.9999999105930328E-002  0.36064600733445817       0.31416921241187418       0.87112904627422627     
  0.40000000596046448        4.9999997019767761E-002  0.36036362726033483       0.31702172690642483       0.87972731686764039     
  0.40000000596046448        5.9999998658895493E-002  0.35362214901374461       0.31408027459153204       0.88818043628631516     
  0.40000000596046448        7.0000000298023224E-002  0.35639696068186860       0.31286690025239688       0.87786074172409101     
  0.40000000596046448        7.9999998211860657E-002  0.35684219535988460       0.31256554831395411       0.87592093193666087     
  0.40000000596046448        8.9999996125698090E-002  0.35422534805789535       0.31263238953725891       0.88258051336902521     
  0.40000000596046448        9.9999994039535522E-002  0.35297702364878891       0.31209316015772526       0.88417415085990703     
  0.40000000596046448       0.10999999940395355       0.35249974821142427       0.31045653745311674       0.88072839492330468     
  0.40000000596046448       0.11999999731779099       0.35156446982202744       0.30925506149895765       0.87965391285277461     
  0.40000000596046448       0.12999999523162842       0.34987625118091731       0.30830284835416571       0.88117683699184712     
  0.40000000596046448       0.14000000059604645       0.34797725795372653       0.30747667781991112       0.88361141652768260     
  0.40000000596046448       0.14999999105930328       0.34760827895957291       0.30728381476793587       0.88399452305240744     
  0.40000000596046448       0.15999999642372131       0.34579590760648710       0.30543283600130317       0.88327487191919929     
  0.40000000596046448       0.17000000178813934       0.34385869589984353       0.30371183478404951       0.88324604962880537     
  0.40000000596046448       0.17999999225139618       0.34169959895789109       0.30211995414077764       0.88416830181298811     
  0.40000000596046448       0.18999999761581421       0.33934542664523615       0.30061078921134177       0.88585484172624795     
  0.40000000596046448       0.19999998807907104       0.33812789437904411       0.29914640753965865       0.88471377994124645     
  0.40000000596046448       0.20999999344348907       0.33638420869241664       0.29769284900154103       0.88497866816853388     
  0.40000000596046448       0.21999999880790710       0.33465180458572436       0.29671332580435267       0.88663297713772415     
  0.40000000596046448       0.22999998927116394       0.33201356679020799       0.29460999221422191       0.88734323438168239     
  0.40000000596046448       0.23999999463558197       0.32928769204388153       0.29253326707900862       0.88838202625570672     
  0.40000000596046448       0.25000000000000000       0.32647821502368041       0.29049247001888701       0.88977596865939967     
  0.40000000596046448       0.25999999046325684       0.32452671898647284       0.28847413634599739       0.88890719767829585     
  0.40000000596046448       0.26999998092651367       0.32233827216583250       0.28646482743218915       0.88870870190931706     
  0.40000000596046448       0.28000000119209290       0.31989760336699441       0.28445336506666313       0.88920130089355887     
  0.40000000596046448       0.28999999165534973       0.31719757215223088       0.28242990903562126       0.89039114366258842     
  0.40000000596046448       0.29999998211860657       0.31471060752276009       0.28080352326559155       0.89225948078436990     
  0.40000000596046448       0.31000000238418579       0.31149335687933855       0.27845489167755910       0.89393524942948499     
  0.40000000596046448       0.31999999284744263       0.30834807135030573       0.27598232574944187       0.89503503148526575     
  0.40000000596046448       0.32999998331069946       0.30570770347404502       0.27351668579894439       0.89470001145118772     
  0.40000000596046448       0.34000000357627869       0.30295140317267311       0.27105288445598369       0.89470747326920874     
  0.40000000596046448       0.34999999403953552       0.30007186929253515       0.26858688993276975       0.89507520503672666     
  0.40000000596046448       0.35999998450279236       0.29706424943242898       0.26611465944575252       0.89581516441036324     
  0.40000000596046448       0.37000000476837158       0.29392587892522798       0.26363312820065593       0.89693744955244914     
  0.40000000596046448       0.37999999523162842       0.29065580563461274       0.26113983048868844       0.89845041945238413     
  0.40000000596046448       0.38999998569488525       0.28768513201970219       0.25901164812759264       0.90033032402193858     
  0.40000000596046448       0.39999997615814209       0.28435548915052511       0.25645368212601849       0.90187702334194564     
  0.40000000596046448       0.40999999642372131       0.28120363374003665       0.25365585541760000       0.90203619364355847     
  0.40000000596046448       0.41999998688697815       0.27799903526215142       0.25085246521268634       0.90235012857556851     
  0.40000000596046448       0.42999997735023499       0.27473858538056217       0.24804964641172550       0.90285696880957689     
  0.40000000596046448       0.43999999761581421       0.27142883517899752       0.24524729264351505       0.90354177912521094     
  0.40000000596046448       0.44999998807907104       0.26809450535121093       0.24244503725130287       0.90432676691263558     
  0.40000000596046448       0.45999997854232788       0.26473941731475897       0.23964180561917234       0.90519881039948380     
  0.40000000596046448       0.46999999880790710       0.26136653720108644       0.23683699548338474       0.90614888202452060     
  0.40000000596046448       0.47999998927116394       0.25797800225104484       0.23401800296523695       0.90712386685399704     
  0.40000000596046448       0.48999997973442078       0.25457686234770849       0.23117728561614057       0.90808443267083672     
  0.40000000596046448       0.50000000000000000       0.25116501506218819       0.22832397355137821       0.90905962159915243     
  0.40000000596046448       0.50999999046325684       0.24774556595812766       0.22545474668691179       0.91002535530753625     
  0.40000000596046448       0.51999998092651367       0.24432023316824736       0.22257233782181551       0.91098610596259744     
  0.40000000596046448       0.52999997138977051       0.24089207864645859       0.21968096938256459       0.91194766808823069     
  0.40000000596046448       0.53999996185302734       0.23746301217754223       0.21678305257996155       0.91291292312034245     
  0.40000000596046448       0.55000001192092896       0.23403523014997987       0.21387552244477687       0.91386037182400359     
  0.40000000596046448       0.56000000238418579       0.23061093516760156       0.21096437689542780       0.91480647585989283     
  0.40000000596046448       0.56999999284744263       0.22719240455154188       0.20805014576127923       0.91574428366983562     
  0.40000000596046448       0.57999998331069946       0.22378159616011140       0.20513371382311801       0.91666927639728168     
  0.40000000596046448       0.58999997377395630       0.22038060969203166       0.20221972708677127       0.91759310117782544     
  0.40000000596046448       0.59999996423721313       0.21699134404922524       0.19930624150665713       0.91849858057676170     
  0.40000000596046448       0.61000001430511475       0.21361569760117247       0.19639543816727023       0.91938673221453493     
  0.40000000596046448       0.62000000476837158       0.21025526911183340       0.19349050822581051       0.92026472888484034     
  0.40000000596046448       0.62999999523162842       0.20691217694727221       0.19059332641693247       0.92113151206901511     
  0.40000000596046448       0.63999998569488525       0.20358828220329789       0.18770213537375169       0.92196924765206911     
  0.40000000596046448       0.64999997615814209       0.20028462491261229       0.18482117330508033       0.92279261768456300     
  0.40000000596046448       0.65999996662139893       0.19700330995741103       0.18195103692616821       0.92359380644671973     
  0.40000000596046448       0.66999995708465576       0.19374470998471505       0.17909255829857304       0.92437392645560257     
  0.40000000596046448       0.68000000715255737       0.19051249371433462       0.17624890610244920       0.92513043457783373     
  0.40000000596046448       0.68999999761581421       0.18730525630639999       0.17341910907094940       0.92586354750912503     
  0.40000000596046448       0.69999998807907104       0.18412693079893136       0.17060476454804865       0.92656062753987323     
  0.40000000596046448       0.70999997854232788       0.18097616021194793       0.16780803583239845       0.92723834805574501     
  0.40000000596046448       0.71999996900558472       0.17785655796064159       0.16503025447644942       0.92788400027942441     
  0.40000000596046448       0.72999995946884155       0.17476681217868681       0.16227001838566152       0.92849446850213069     
  0.40000000596046448       0.74000000953674316       0.17171021901557901       0.15953161553628589       0.92907467272994293     
  0.40000000596046448       0.75000000000000000       0.16868551661197179       0.15681468450801656       0.92962743724310504     
  0.40000000596046448       0.75999999046325684       0.16569436294727038       0.15411838734264940       0.93013657556772256     
  0.40000000596046448       0.76999998092651367       0.16273956448481369       0.15144662768715730       0.93060730601432695     
  0.40000000596046448       0.77999997138977051       0.15981946188183527       0.14879837187051412       0.93104037592449318     
  0.40000000596046448       0.78999996185302734       0.15693515159059804       0.14617465650928269       0.93143349356563143     
  0.40000000596046448       0.79999995231628418       0.15408694622448985       0.14357674854150801       0.93179047323275854     
  0.40000000596046448       0.81000000238418579       0.15127746793790459       0.14100541654090978       0.93209794203317042     
  0.40000000596046448       0.81999999284744263       0.14850433143082070       0.13846025117049870       0.93236506865794055     
  0.40000000596046448       0.82999998331069946       0.14577029167351577       0.13594320309335786       0.93258510724415777     
  0.40000000596046448       0.83999997377395630       0.14307448379663823       0.13345439124252539       0.93276164764790248     
  0.40000000596046448       0.84999996423721313       0.14041793681181836       0.13099360442286700       0.93288369988243447     
  0.40000000596046448       0.85999995470046997       0.13780025523367601       0.12856242482641325       0.93296216765638340     
  0.40000000596046448       0.87000000476837158       0.13522229751665954       0.12616071007388352       0.93298747611014654     
  0.40000000596046448       0.87999999523162842       0.13268364669088042       0.12378900125647990       0.93296351392027377     
  0.40000000596046448       0.88999998569488525       0.13018501344748812       0.12144773749950484       0.93288570076841004     
  0.40000000596046448       0.89999997615814209       0.12772542061649450       0.11913720468154124       0.93276032372020878     
  0.40000000596046448       0.90999996662139893       0.12530616080423668       0.11685779365426673       0.93257819810497056     
  0.40000000596046448       0.91999995708465576       0.12292704463871730       0.11460941998076080       0.93233690208365450     
  0.40000000596046448       0.93000000715255737       0.12058740579819587       0.11239262988841582       0.93204285426378541     
  0.40000000596046448       0.93999999761581421       0.11828775376938366       0.11020777123861117       0.93169214670755007     
  0.40000000596046448       0.94999998807907104       0.11602741231627976       0.10805440077258364       0.93128338050009729     
  0.40000000596046448       0.95999997854232788       0.11380672108230801       0.10593317981290203       0.93081655288432719     
  0.40000000596046448       0.96999996900558472       0.11162465992563375       0.10384417381850729       0.93029778444736178     
  0.40000000596046448       0.97999995946884155       0.10948250118191626       0.10178715393350951       0.92971162363545068     
  0.40000000596046448       0.98999994993209839       0.10737822640003247        9.9761994804368342E-002  0.92907098719166559     
  0.40000000596046448        1.0000000000000000       0.10531313038005768        9.7769802295311459E-002  0.92837238758810414     
