 kt up dp u1 d1 u2 d2
   0.0000000000000000        0.0000000000000000        0.0000000000000000        0.0000000000000000        0.0000000000000000        0.0000000000000000        0.0000000000000000     
   9.9999997764825821E-003   4.2429897315184606        1.8761057836011523        4.0598933130507300        1.7501256947703310        3.8645991816709042        1.6935474207224293     
   1.9999999552965164E-002   4.2416894061070884        1.8755308239196047        4.0588157992762968        1.7496612036131267        3.8636744582579721        1.6931421877662456     
   2.9999999329447746E-002   4.2388443907291897        1.8742728548594256        4.0563360297606454        1.7485922325806857        3.8614586330743430        1.6921711672675861     
   3.9999999105930328E-002   4.2341558409992048        1.8721997375950148        4.0521529746127944        1.7467890146800180        3.8576554823905123        1.6905045478515888     
   4.9999997019767761E-002   4.2282587199338408        1.8695922311815196        4.0469050028122666        1.7445267359487004        3.8528930310884211        1.6884175430317290     
   5.9999998658895493E-002   4.2210940074146688        1.8664242389294516        4.0405315255277454        1.7417792779490473        3.8471109885099173        1.6858837321926192     
   7.0000000298023224E-002   4.2128534270593345        1.8627805345032948        4.0332240917990712        1.7386292130223973        3.8404971337089737        1.6829854040057550     
   7.9999998211860657E-002   4.2030647554065146        1.8584523167456111        4.0245055315664757        1.7348708442407803        3.8325807041985573        1.6795162605969680     
   8.9999996125698090E-002   4.1920474794463054        1.8535808519398076        4.0146955069287085        1.7306419705091234        3.8236753286718210        1.6756137405567528     
   9.9999994039535522E-002   4.1797980164113193        1.8481645559079707        4.0037881923682273        1.7259400805821448        3.8137740523190935        1.6712747961434351     
  0.10999999940395355        4.1663220147204481        1.8422059261888712        3.9917867969662226        1.7207665578201976        3.8028786695464794        1.6665002137029443     
  0.11999999731779099        4.1518245768549482        1.8357956521255563        3.9788951106214201        1.7152092513145234        3.7911883341075581        1.6613772665357800     
  0.12999999523162842        4.1358839904605720        1.8287472668545937        3.9646856077494883        1.7090838647172601        3.7782804920278714        1.6557207827366778     
  0.14000000059604645        4.1187700025229272        1.8211800433207279        3.9494267211138490        1.7025061131569490        3.7644176973595713        1.6496458189303778     
  0.14999999105930328        4.1004980885330440        1.8131008242598745        3.9331306359197669        1.6954812493925113        3.7496100690932304        1.6431568094681770     
  0.15999999642372131        4.0810850706712305        1.8045170478681605        3.9158107163226847        1.6880150344009075        3.7338687900805536        1.6362586549073552     
  0.17000000178813934        4.0605491718935491        1.7954367717171114        3.8974815508425094        1.6801137569541749        3.7172061458748784        1.6289567390318944     
  0.17999999225139618        4.0389106846069831        1.7858689684190860        3.8781596080627199        1.6717845162760794        3.6996361560117319        1.6212572054926908     
  0.18999999761581421        4.0163529463022920        1.7758947035784181        3.8580253382414504        1.6631051002809900        3.6813341927174128        1.6132369060323346     
  0.19999998807907104        3.9925515850853208        1.7653705509732338        3.8367478919800617        1.6539328874788841        3.6619721440860356        1.6047520552164745     
  0.20999999344348907        3.9677239778454769        1.7543926272724892        3.8145416646754735        1.6443602987449035        3.6417586160179822        1.5958940684721534     
  0.21999999880790710        3.9418946067563501        1.7429717576608754        3.7914267150232273        1.6343959809167290        3.6207108035266637        1.5866704810104628     
  0.22999998927116394        3.9150888323741229        1.7311191557139920        3.7674238708827787        1.6240489124007345        3.5988465931498248        1.5770891310827804     
  0.23999999463558197        3.8873342568626894        1.7188470261701470        3.7425560895711003        1.6133289895629601        3.5761858908654052        1.5671587419010107     
  0.25000000000000000        3.8586590560373990        1.7061678274168197        3.7168467957558611        1.6022463102334781        3.5527489978543980        1.5568882098632277     
  0.25999999046325684        3.8290920499936836        1.6930943027202292        3.6903199695385274        1.5908112116769648        3.5285567057956699        1.5462866463138343     
  0.26999998092651367        3.7986622691668095        1.6796392883517199        3.6629997405830439        1.5790340956310083        3.5036299155605253        1.5353632104476163     
  0.28000000119209290        3.7675297700850061        1.6658735558656266        3.6350420765485758        1.5669821961303017        3.4781192806220069        1.5241839217374127     
  0.28999999165534973        3.7354519659056145        1.6516898416088757        3.6061974845833795        1.5545479626022474        3.4517762006872439        1.5126398383848629     
  0.29999998211860657        3.7026066321066788        1.6371667518529081        3.5766396838013161        1.5418062813212885        3.4247687477572093        1.5008046130225856     
  0.31000000238418579        3.6690252273151502        1.6223181965328612        3.5463950421244523        1.5287685188860920        3.3971198873996640        1.4886883096381325     
  0.31999999284744263        3.6347404321517307        1.6071586259079644        3.5154911080789213        1.5154465508263140        3.3688537122894897        1.4763014861407402     
  0.32999998331069946        3.5997848733943507        1.5917024664299964        3.4839554027067283        1.5018522408238397        3.3399942977821828        1.4636546928499348     
  0.34000000357627869        3.5641910880255541        1.5759641048462736        3.4518153604247765        1.4879974152184885        3.3105656290166969        1.4507584405504830     
  0.34999999403953552        3.5279926202897234        1.5599583732810485        3.4190994222416804        1.4738943342683810        3.2805926705659179        1.4376236692353921     
  0.35999998450279236        3.4912224546709774        1.5436998563516162        3.3858355188519487        1.4595550382470821        3.2500999074070709        1.4242611087289123     
  0.37000000476837158        3.4539143678412998        1.5272034889538084        3.3520524178861786        1.4449919282118611        3.2191126629964781        1.4106818562942109     
  0.37999999523162842        3.4161022895059006        1.5104842736495487        3.3177790564364065        1.4302174782708792        3.1876564270250585        1.3968970820418907     
  0.38999998569488525        3.3779256221895051        1.4936038494951216        3.2831506695499129        1.4152899851114678        3.1558614025278313        1.3829638436391944     
  0.39999997615814209        3.3391964105929439        1.4764791090483380        3.2479729595925164        1.4001256915371234        3.1235333640769976        1.3687970274800723     
  0.40999999642372131        3.3000647807387056        1.4591764329315613        3.2123920975426272        1.3847876084610458        3.0908133426264643        1.3544584362501333     
  0.41999998688697815        3.2605640404618423        1.4417105487368735        3.1764367035308112        1.3692880733566650        3.0577266579481992        1.3399591655979812     
  0.42999997735023499        3.2207287135377003        1.4240967217038130        3.1401350520735547        1.3536392747112136        3.0242983653939493        1.3253101952977999     
  0.43999999761581421        3.1805976900450372        1.4063521477028111        3.1035156657075795        1.3378535079276890        2.9905538086142718        1.3105226314622835     
  0.44999998807907104        3.1401942968020586        1.3884871410596915        3.0666124371063836        1.3219453833502948        2.9565184084287335        1.2956076140211852     
  0.45999997854232788        3.0995544347045110        1.3705175759298041        3.0294504269463451        1.3059257040544541        2.9222204424875020        1.2805775348266106     
  0.46999999880790710        3.0587057995091245        1.3524556984350282        2.9920534208269589        1.2898047234595627        2.8876842497689905        1.2654430597231103     
  0.47999998927116394        3.0176809214872895        1.3343158923552354        2.9544508047298663        1.2735951091796607        2.8529319059183140        1.2502138627156927     
  0.48999997973442078        2.9765126757597278        1.3161126939509458        2.9166683261623083        1.2573079603669972        2.8179861950287135        1.2348999282660131     
  0.50000000000000000        2.9352297213092764        1.2978587752498718        2.8787342896076829        1.2409554784268459        2.7828728334207526        1.2195125257984827     
  0.50999999046325684        2.8938642621954704        1.2795683757920921        2.8406740397529884        1.2245485888650056        2.7476131896282205        1.2040610194472829     
  0.51999998092651367        2.8524461685078144        1.2612547031155059        2.8025152401454640        1.2080992167940583        2.7122340238654874        1.1885571360927125     
  0.52999997138977051        2.8110006749211784        1.2429289151352776        2.7642819930082925        1.1916177521225177        2.6767580786794234        1.1730108419899519     
  0.53999996185302734        2.7695592590420124        1.2246049301786370        2.7260011761762222        1.1751157812605635        2.6412067864952187        1.1574315292717092     
  0.55000001192092896        2.7281475748705928        1.2062940915721856        2.6876957553078542        1.1586032041701211        2.6056038671675799        1.1418295924697046     
  0.56000000238418579        2.6867947504966181        1.1880092787667371        2.6493919937377171        1.1420913423645997        2.5699704078526500        1.1262142724125994     
  0.56999999284744263        2.6455251373774451        1.1697612591487050        2.6111118472701449        1.1255896604812101        2.5343292259092718        1.1105955681397264     
  0.57999998331069946        2.6043670372239300        1.1515625467722750        2.5728792323889360        1.1091084683605272        2.4987001271547360        1.0949821589705193     
  0.58999997377395630        2.5633418642544723        1.1334226102766727        2.5347174287691083        1.0926578013296606        2.4631045024635081        1.0793834188293057     
  0.59999996423721313        2.5224740706851336        1.1153522616003837        2.4966469469516661        1.0762465010063706        2.4275632044922224        1.0638084857822065     
  0.61000001430511475        2.4817893861448308        1.0973628775104201        2.4586903297089493        1.0598842850561372        2.3920944063257132        1.0482653236514718     
  0.62000000476837158        2.4413053799871420        1.0794622265775240        2.4208673313056885        1.0435796690835912        2.3567189894636180        1.0327630831428252     
  0.62999999523162842        2.4010497915339366        1.0616625741865902        2.3831991699305308        1.0273417997569505        2.3214540973624396        1.0173092768740510     
  0.63999998569488525        2.3610388984841548        1.0439711177825983        2.3457028788990346        1.0111780197428657        2.2863174610835770        1.0019116749635721     
  0.64999997615814209        2.3212930621755845        1.0263968604567646        2.3084015406822544       0.99509827935839312        2.2513301638382943       0.98657951651132625     
  0.65999996662139893        2.2818339248305888        1.0089493716639122        2.2713078281783772       0.97910804159555087        2.2165040026533656       0.97131797121883356     
  0.66999995708465576        2.2426747396957096       0.99163451153900606        2.2344445531616151       0.96321714008027348        2.1818604233874166       0.95613643710561869     
  0.68000000715255737        2.2038386190965586       0.97446249956653697        2.1978237439489967       0.94743075994061288        2.1474099781533109       0.94103953832613607     
  0.68999999761581421        2.1653365574879624       0.95743819712058142        2.1614641322615853       0.93175697598637552        2.1131732204505820       0.92603628184966802     
  0.69999998807907104        2.1271897837091367       0.94057099087198970        2.1253795173399337       0.91620173674960348        2.0791596299528523       0.91113082186557925     
  0.70999997854232788        2.0894072942092623       0.92386485874468027        2.0895857145302514       0.90077185985865338        2.0453856674928543       0.89633037185177544     
  0.71999996900558472        2.0520086895392087       0.90732846743576356        2.0540953694224657       0.88547279653358013        2.0118670275521264       0.88164180945519599     
  0.72999995946884155        2.0150041964695840       0.89096633887546151        2.0189228632317260       0.87031074618215676        1.9786126823478405       0.86706906648727378     
  0.74000000953674316        1.9784030881191370       0.87478257332156417        1.9840792637037965       0.85529047985247542        1.9456366032184946       0.85261826547797048     
  0.75000000000000000        1.9422227260995977       0.85878484748842876        1.9495779437225562       0.84041776228411846        1.9129496644574822       0.83829417176792342     
  0.75999999046325684        1.9064680479501639       0.84297534458799550        1.9154286095276394       0.82569677761151583        1.8805637079951236       0.82410197473631752     
  0.76999998092651367        1.8711542163847850       0.82736076905678968        1.8816437008761340       0.81113288832496744        1.8484871933232740       0.81004538150773153     
  0.77999997138977051        1.8362875413265058       0.81194391092822449        1.8482291348974065       0.79672864516148723        1.8167321211124816       0.79612965102460498     
  0.78999996185302734        1.8018736366260166       0.79672725245618536        1.8151986134934111       0.78248995469270899        1.7853081509402438       0.78235901631390725     
  0.79999995231628418        1.7679251780207654       0.78171639842075402        1.7825558906894079       0.76841843519171393        1.7542203772364917       0.76873570986037021     
  0.81000000238418579        1.7344435125709601       0.76691194444615074        1.7503131496915600       0.75451933855566100        1.7234809345975621       0.75526504929548888     
  0.81999999284744263        1.7014401097164320       0.75231896192867043        1.7184732417477533       0.74079389389127681        1.6930933743738241       0.74194859089456722     
  0.82999998331069946        1.6689174321322009       0.73793853977946722        1.6870470085903275       0.72724677481751887        1.6630686142127340       0.72879111899688909     
  0.83999997377395630        1.6368776746178972       0.72377164846430619        1.6560357610323453       0.71387854639544590        1.6334088000262503       0.71579357398553101     
  0.84999996423721313        1.6053295280811299       0.70982213080701428        1.6254478542287596       0.70069281033826647        1.6041218232739838       0.70295941406157370     
  0.85999995470046997        1.5742714520613610       0.69608930566832106        1.5952875819267469       0.68769141758064267        1.5752149294165483       0.69029181433595588     
  0.87000000476837158        1.5437105506235611       0.68257631422419596        1.5655577993356984       0.67487559893701643        1.5466893993544890       0.67779133612583176     
  0.87999999523162842        1.5136444921133356       0.66928212549634836        1.5362633843397253       0.66224745714991329        1.5185515044656872       0.66546072767890718     
  0.88999998569488525        1.4840790585694259       0.65620929610570244        1.5074060965752347       0.64980775075771102        1.4908038439705569       0.65330112802741380     
  0.89999997615814209        1.4550113247549019       0.64335653261195425        1.4789893596178973       0.63755795558435013        1.4634493711297683       0.64131383135135567     
  0.90999996662139893        1.4264434826025572       0.63072480421325350        1.4510140800677342       0.62549846244404106        1.4364927698466423       0.62950089023420108     
  0.91999995708465576        1.3983755460658212       0.61831411707933093        1.4234826466361654       0.61363030105478544        1.4099346655406619       0.61786257874772421     
  0.93000000715255737        1.3708033858641833       0.60612264538275507        1.3963948386846481       0.60195337630443202        1.3837783614648036       0.60640034444580904     
  0.93999999761581421        1.3437305612842618       0.59415196291904060        1.3697531787924033       0.59046877561828492        1.3580224970163215       0.59511359108414630     
  0.94999998807907104        1.3171514785789935       0.58239959632344163        1.3435542084151586       0.57917500809824840        1.3326716633140854       0.58400433058613432     
  0.95999997854232788        1.2910658314557681       0.57086541016378090        1.3178015514240955       0.56807363591100735        1.3077226782716915       0.57307116849559125     
  0.96999996900558472        1.2654711612310983       0.55954831729382382        1.2924903389443128       0.55716256019769728        1.2831776004045257       0.56231500689660341     
  0.97999995946884155        1.2403617535059090       0.54844579100060875        1.2676233177136296       0.54644296501318324        1.2590380253881475       0.55173654504725633     
  0.98999994993209839        1.2157380676112624       0.53755803438471117        1.2431949035329688       0.53591244313896713        1.2352997425200565       0.54133393773048544     
   1.0000000000000000        1.1915943423433071       0.52688250003768922        1.2192068972895693       0.52557177089570084        1.2119653027705215       0.53110830283430910     
