 kt up dp u1 d1 u2 d2
   0.0000000000000000        0.0000000000000000        0.0000000000000000        0.0000000000000000        0.0000000000000000        0.0000000000000000        0.0000000000000000     
   9.9999997764825821E-003  0.24288927203940955        9.0279116280333463E-004  0.18653329879775918        5.2196883502371168E-004  0.17403442104139524        4.6892679544686131E-004
   1.9999999552965164E-002  0.24270327818079787        9.0209984527217990E-004  0.18640455059578298        5.2160856396524626E-004  0.17391898497935410        4.6861575891553596E-004
   2.9999999329447746E-002  0.24241016926175124        9.0101039352475450E-004  0.18620454633505773        5.2104889986428755E-004  0.17374083734167722        4.6813574926944201E-004
   3.9999999105930328E-002  0.24198545524441806        8.9943178093990195E-004  0.18591192109081267        5.2023005808739481E-004  0.17347903184129554        4.6743032781551477E-004
   4.9999997019767761E-002  0.24146292777541190        8.9748960713625936E-004  0.18555585255524923        5.1923368542956642E-004  0.17316208516311049        4.6657633129436983E-004
   5.9999998658895493E-002  0.24081903507897812        8.9509633290371247E-004  0.18511336431403644        5.1799548788914796E-004  0.17276671953866424        4.6551103895626789E-004
   7.0000000298023224E-002  0.24006053250251083        8.9227706708250678E-004  0.18459491497332128        5.1654473137470219E-004  0.17230455387673316        4.6426575735324880E-004
   7.9999998211860657E-002  0.23918835827131912        8.8903529694694949E-004  0.18399840943824500        5.1487555326422147E-004  0.17177267618165826        4.6283264026279790E-004
   8.9999996125698090E-002  0.23820374502842728        8.8537560408773707E-004  0.18332472829817845        5.1299041767650434E-004  0.17117183563374877        4.6121370631272210E-004
   9.9999994039535522E-002  0.23710786060881403        8.8130232921160257E-004  0.18257440780903869        5.1089082519551084E-004  0.17050293857223439        4.5941139758745461E-004
  0.10999999940395355       0.23590243559428242        8.7682190468974604E-004  0.18174880841923477        5.0858058271081906E-004  0.16976637435821579        4.5742676320045388E-004
  0.11999999731779099       0.23458885652720493        8.7193948413883575E-004  0.18084863271179769        5.0606165623304840E-004  0.16896322913335374        4.5526272970455433E-004
  0.12999999523162842       0.23316948286242134        8.6666383737797473E-004  0.17987521349026964        5.0333777529422766E-004  0.16809450549939825        4.5292199855859991E-004
  0.14000000059604645       0.23164565673795226        8.6099995297802374E-004  0.17882949578967497        5.0041158434890464E-004  0.16716111097248404        4.5040701501813485E-004
  0.14999999105930328       0.23001996536891417        8.5495744731653390E-004  0.17771306757784067        4.9728752694534978E-004  0.16616425086502021        4.4772102673544534E-004
  0.15999999642372131       0.22829439709529550        8.4854371082188963E-004  0.17652713903190168        4.9396898947490979E-004  0.16510498962068079        4.4486690179925819E-004
  0.17000000178813934       0.22647143346683540        8.4176796712573062E-004  0.17527303996110552        4.9045969309079575E-004  0.16398472584380927        4.4184840867703514E-004
  0.17999999225139618       0.22455336332817963        8.3463872359728697E-004  0.17395254004550084        4.8676458981947922E-004  0.16280446430283430        4.3866825466562298E-004
  0.18999999761581421       0.22254312956382555        8.2716691859581579E-004  0.17256710476609260        4.8288778045914337E-004  0.16156591922578059        4.3533105866425754E-004
  0.19999998807907104       0.22044301955397430        8.1936105404737704E-004  0.17111823958355879        4.7883347768152732E-004  0.16027024207465601        4.3183992322808984E-004
  0.20999999344348907       0.21825604883724395        8.1123233835814115E-004  0.16960800724414993        4.7460745358879434E-004  0.15891895818494139        4.2819895829511163E-004
  0.21999999880790710       0.21598540963337523        8.0279263663745367E-004  0.16803803197342790        4.7021425318781224E-004  0.15751380993467987        4.2441285861333607E-004
  0.22999998927116394       0.21363351076384399        7.9405090219446261E-004  0.16641017001065445        4.6565907072031323E-004  0.15605614813895222        4.2048526388451332E-004
  0.23999999463558197       0.21120372233333765        7.8501966131616283E-004  0.16472632595999892        4.6094723576565902E-004  0.15454777831601921        4.1642103898472462E-004
  0.25000000000000000       0.20869935753617458        7.7571122876032741E-004  0.16298846366969871        4.5608424368356892E-004  0.15299017314368155        4.1222415196855166E-004
  0.25999999046325684       0.20612332463241798        7.6613641419122369E-004  0.16119859553896732        4.5107572569206081E-004  0.15138531663852919        4.0789994866664207E-004
  0.26999998092651367       0.20347907003030163        7.5630802750724802E-004  0.15935857552360352        4.4592686964314122E-004  0.14973477053066858        4.0345263708043452E-004
  0.28000000119209290       0.20077015575883458        7.4623930835576735E-004  0.15747089444466847        4.4064464550397408E-004  0.14804036672174237        3.9888715317467439E-004
  0.28999999165534973       0.19799952968546070        7.3594121361707330E-004  0.15553748987629382        4.3523447511247616E-004  0.14630410377375611        3.9420888197188371E-004
  0.29999998211860657       0.19517098558436521        7.2542784430838564E-004  0.15356052005504137        4.2970239777761381E-004  0.14452772741941819        3.8942252725904708E-004
  0.31000000238418579       0.19228771920457466        7.1471107865699675E-004  0.15154217130418690        4.2405453140230659E-004  0.14271295817167459        3.8453272486979752E-004
  0.31999999284744263       0.18935338280427619        7.0380449168162872E-004  0.14948467267241233        4.1829711344630588E-004  0.14086205717749156        3.7954556734832507E-004
  0.32999998331069946       0.18637148874508153        6.9272113842171266E-004  0.14739025580800152        4.1243638864372893E-004  0.13897678563424645        3.7446580015037075E-004
  0.34000000357627869       0.18334556339076441        6.8147412596108407E-004  0.14526101073733144        4.0647820543364849E-004  0.13705893711780739        3.6929825597385203E-004
  0.34999999403953552       0.18027946347164675        6.7007778931760286E-004  0.14309953686812371        4.0042983763703444E-004  0.13511079628524944        3.6404909070973841E-004
  0.35999998450279236       0.17717612496558233        6.5854304117933245E-004  0.14090794110460211        3.9429718092157860E-004  0.13313417669535474        3.5872319089888267E-004
  0.37000000476837158       0.17403938094930696        6.4688412864650536E-004  0.13868849709454581        3.8808659754694210E-004  0.13113105448164283        3.5332588113140312E-004
  0.37999999523162842       0.17087277620855970        6.3511422727525828E-004  0.13644349928198080        3.8180450796611174E-004  0.12910342722833856        3.4786254379524180E-004
  0.38999998569488525       0.16767980885112635        6.2324633912521016E-004  0.13417521914196226        3.7545726835890047E-004  0.12705305952353918        3.4233793348225868E-004
  0.39999997615814209       0.16446396137932948        6.1129340825228685E-004  0.13188592877962269        3.6905123666824258E-004  0.12498237018694110        3.3675856757770612E-004
  0.40999999642372131       0.16122892968604802        5.9926917186028440E-004  0.12957775084943024        3.6259235263512305E-004  0.12289310942941845        3.3112916193475585E-004
  0.41999998688697815       0.15797763370536391        5.8718448300443715E-004  0.12725321249653174        3.5608768787097323E-004  0.12078725778697028        3.2545505300578199E-004
  0.42999997735023499       0.15471369611183269        5.7505280674455120E-004  0.12491440198594973        3.4954308588613806E-004  0.11866664391823667        3.1974116801742762E-004
  0.43999999761581421       0.15144043110182082        5.6288646156289702E-004  0.12256352188916680        3.4296471005025776E-004  0.11653344755023033        3.1399338013200599E-004
  0.44999998807907104       0.14816112882843135        5.5069767657573397E-004  0.12020277100801917        3.3635871318451950E-004  0.11438948099642157        3.0821657253494089E-004
  0.45999997854232788       0.14487907882515458        5.3849867859629167E-004  0.11783430001480202        3.2973111343109741E-004  0.11223664086610961        3.0241585554243003E-004
  0.46999999880790710       0.14159724455843159        5.2630048248451821E-004  0.11546022841609246        3.2308784172235637E-004  0.11007668903941366        2.9659597644982673E-004
  0.47999998927116394       0.13831895058607574        5.1411544523497627E-004  0.11308266550769835        3.1643480041826394E-004  0.10791171756068008        2.9076257216301095E-004
  0.48999997973442078       0.13504692433893262        5.0195370439076932E-004  0.11070355063625002        3.0977741631665206E-004  0.10574343226063665        2.8492023895513316E-004
  0.50000000000000000       0.13178409726204449        4.8982615579203168E-004  0.10832511876642201        3.0312194343176289E-004  0.10357351689403799        2.7907351361677060E-004
  0.50999999046325684       0.12853385052382824        4.7774536684835249E-004  0.10594924787283765        2.9647363682654105E-004  0.10140395916197466        2.7322775190626725E-004
  0.51999998092651367       0.12529823132331236        4.6571894676031902E-004  0.10357786546249950        2.8983789016844995E-004   9.9236474569977556E-002   2.6738757616503306E-004
  0.52999997138977051       0.12208043828807699        4.5375878445447085E-004  0.10121275532971158        2.8321969497932954E-004   9.7072449368926533E-002   2.6155672157475809E-004
  0.53999996185302734       0.11888270747386642        4.4187319108983359E-004   9.8855921061701976E-002   2.7662465781896315E-004   9.4913839757436350E-002   2.5574045901198534E-004
  0.55000001192092896       0.11570787383771872        4.3007270387185597E-004   9.6509285650381485E-002   2.7005815972040996E-004   9.2762102224006854E-002   2.4994271291005875E-004
  0.56000000238418579       0.11255831261125215        4.1836615126009341E-004   9.4174165485999453E-002   2.6352388428702283E-004   9.0618848060281004E-002   2.4416782481142754E-004
  0.56999999284744263       0.10943593291542078        4.0676062923499645E-004   9.1852467933825482E-002   2.5702716882444184E-004   8.8485614090962519E-002   2.3841993561120442E-004
  0.57999998331069946       0.10634339448885201        3.9526602373556968E-004   8.9545958442434681E-002   2.5057295351837099E-004   8.6363879306143754E-002   2.3270303037211643E-004
  0.58999997377395630       0.10328247551949572        3.8388894407952141E-004   8.7255926792016172E-002   2.4416484751027230E-004   8.4255207580044789E-002   2.2702132287280628E-004
  0.59999996423721313       0.10025561585380534        3.7263845889223070E-004   8.4984025799724888E-002   2.3780747581375177E-004   8.2160717744865580E-002   2.2137782774908586E-004
  0.61000001430511475        9.7264182201055135E-002   3.6151964807304714E-004   8.2731827112010534E-002   2.3150523630560493E-004   8.0081866456980094E-002   2.1577646988662705E-004
  0.62000000476837158        9.4310436855179341E-002   3.5054092030529523E-004   8.0500482453444322E-002   2.2526135181165764E-004   7.8019963653915822E-002   2.1022077884471594E-004
  0.62999999523162842        9.1395749558898745E-002   3.3970736676329131E-004   7.8291444306839056E-002   2.1907988675776057E-004   7.5976355269664592E-002   2.0471438117326143E-004
  0.63999998569488525        8.8522029631924445E-002   3.2902608416624331E-004   7.6106108407953760E-002   2.1296474677670325E-004   7.3951973956051298E-002   1.9925978985463151E-004
  0.64999997615814209        8.5690466410474786E-002   3.1850149313848930E-004   7.3945427967998328E-002   2.0691859920213642E-004   7.1948076195592070E-002   1.9386039041633437E-004
  0.65999996662139893        8.2902753543686633E-002   3.0813988877680646E-004   7.1810799458552219E-002   2.0094535172586670E-004   6.9965739801426508E-002   1.8851908697043354E-004
  0.66999995708465576        8.0159972616473535E-002   2.9794529120647097E-004   6.9703056105503328E-002   1.9504733593131006E-004   6.8006107057484708E-002   1.8323895734222186E-004
  0.68000000715255737        7.7463406899106094E-002   2.8792247019376367E-004   6.7623330171117060E-002   1.8922772018368323E-004   6.6069901336015979E-002   1.7802195062101536E-004
  0.68999999761581421        7.4813975449036521E-002   2.7807484176829776E-004   6.5572602842688996E-002   1.8348925010102290E-004   6.4158182932788438E-002   1.7287092371922190E-004
  0.69999998807907104        7.2212934196652590E-002   2.6840707407719080E-004   6.3551872176194485E-002   1.7783471850433251E-004   6.2271917056988708E-002   1.6778847734334588E-004
  0.70999997854232788        6.9660887106918964E-002   2.5892141198794193E-004   6.1561805962149704E-002   1.7226599404569735E-004   6.0411688910156643E-002   1.6277618828883442E-004
  0.71999996900558472        6.7159124697506095E-002   2.4962265220457411E-004   5.9603077505741793E-002   1.6678496080869051E-004   5.8578370182266332E-002   1.5783640527948465E-004
  0.72999995946884155        6.4707619929118110E-002   2.4051069422517096E-004   5.7676791371597279E-002   1.6139470965330905E-004   5.6772665872318551E-002   1.5297102789883985E-004
  0.74000000953674316        6.2307321483272893E-002   2.3158906418855042E-004   5.5783144799953187E-002   1.5609579250919439E-004   5.4995325600344189E-002   1.4818207595951441E-004
  0.75000000000000000        5.9958767853827581E-002   2.2285976361372331E-004   5.3923042882241042E-002   1.5089074205830281E-004   5.3246754189555927E-002   1.4347064023683106E-004
  0.75999999046325684        5.7662493389481644E-002   2.1432477861263173E-004   5.2096779845536831E-002   1.4578038162475418E-004   5.1527598768799684E-002   1.3883846438617807E-004
  0.76999998092651367        5.5418778038650834E-002   2.0598514972096303E-004   5.0304936746105693E-002   1.4076633715557122E-004   4.9838357205324223E-002   1.3428688988524761E-004
  0.77999997138977051        5.3227706894454198E-002   1.9784119321993989E-004   4.8547926059941023E-002   1.3584976286619519E-004   4.8179477181188063E-002   1.2981712299031857E-004
  0.78999996185302734        5.1089402014708650E-002   1.8989336278426596E-004   4.6826209672009844E-002   1.3103195123126540E-004   4.6551356992789887E-002   1.2543023689054917E-004
  0.79999995231628418        4.9004079051203603E-002   1.8214245996655006E-004   4.5139876175614262E-002   1.2631315015795467E-004   4.4954447190824538E-002   1.2112744557161138E-004
  0.81000000238418579        4.6971855423760651E-002   1.7458892120260686E-004   4.3489270334069192E-002   1.2169432438396383E-004   4.3388838124971643E-002   1.1690899247606925E-004
  0.81999999284744263        4.4992445895108660E-002   1.6723168629868826E-004   4.1874709597903639E-002   1.1717636221869328E-004   4.1854905993824937E-002   1.1277589125168277E-004
  0.82999998331069946        4.3066019451992794E-002   1.6007138335886345E-004   4.0296122223198526E-002   1.1275906290394031E-004   4.0352851511218660E-002   1.0872868271155364E-004
  0.83999997377395630        4.1192100369253255E-002   1.5310624416806656E-004   3.8753706908622579E-002   1.0844298245041855E-004   3.8882937295025975E-002   1.0476807446603268E-004
  0.84999996423721313        3.9370373888489102E-002   1.4633509880594537E-004   3.7247510227764305E-002   1.0422825118317935E-004   3.7445091215713266E-002   1.0089387216580175E-004
  0.85999995470046997        3.7600630456192850E-002   1.3975716838649459E-004   3.5777631538501928E-002   1.0011514713148791E-004   3.6039491694953060E-002   9.7106556558879632E-005
  0.87000000476837158        3.5882586523351148E-002   1.3337139899102392E-004   3.4343820063514711E-002   9.6102968554974703E-005   3.4666170479321474E-002   9.3406213184782768E-005
  0.87999999523162842        3.4215767821661858E-002   1.2717602781943811E-004   3.2946261936438681E-002   9.2192236304114135E-005   3.3325237482043996E-002   8.9793138199043462E-005
  0.88999998569488525        3.2599403381655845E-002   1.2116818926792645E-004   3.1584601171264444E-002   8.8381954237178186E-005   3.2016459607308603E-002   8.6266703536986281E-005
  0.89999997615814209        3.1033248249973579E-002   1.1534697287335290E-004   3.0258633730306163E-002   8.4671551403490389E-005   3.0739856463449677E-002   8.2826962032259678E-005
  0.90999996662139893        2.9516474614228135E-002   1.0970930175339534E-004   2.8968250425718180E-002   8.1060722266971993E-005   2.9495318289233505E-002   7.9473617938865363E-005
  0.91999995708465576        2.8048557242452511E-002   1.0425322368194602E-004   2.7713208387654686E-002   7.7548787214431903E-005   2.8282701387469068E-002   7.6206284072113511E-005
  0.93000000715255737        2.6628917685743051E-002   9.8976588631735106E-005   2.6493316231844873E-002   7.4135210702749797E-005   2.7101911372369843E-002   7.3024706114357412E-005
  0.93999999761581421        2.5256807883397632E-002   9.3876616148173614E-005   2.5308091015993170E-002   7.0818641333386949E-005   2.5952576736505650E-002   6.9927883057936381E-005
  0.94999998807907104        2.3931216237608098E-002   8.8949546239912980E-005   2.4157278103470601E-002   6.7598366566623083E-005   2.4834543000500701E-002   6.6915398666118406E-005
  0.95999997854232788        2.2651646625122632E-002   8.4193534874552430E-005   2.3040506873774479E-002   6.4473349309599750E-005   2.3747773100756403E-002   6.3987153072943653E-005
  0.96999996900558472        2.1417062750662366E-002   7.9604730263118739E-005   2.1957469074131375E-002   6.1442726990636431E-005   2.2691377743239115E-002   6.1140750121382124E-005
  0.97999995946884155        2.0226732440518282E-002   7.5180411001127278E-005   2.0907560060352215E-002   5.8504807657545289E-005   2.1665688636692729E-002   5.8377083583581795E-005
  0.98999994993209839        1.9079896411476276E-002   7.0917754921217768E-005   1.9890422355038209E-002   5.5658590995301669E-005   2.0669808695642448E-002   5.5693736308875467E-005
   1.0000000000000000        1.7975618073529560E-002   6.6813280827311708E-005   1.8905579584915368E-002   5.2902743987203153E-005   1.9704005225971235E-002   5.3091428539215029E-005
