 x kt FF(p) FF(Pb) ratio
  0.15000000596046448        9.9999997764825821E-003   5.9567143683830883        4.0560311236737201       0.68091751137207934     
  0.15505051612854004        9.9999997764825821E-003   5.6888611089962220        3.8353674901999071       0.67418898382573500     
  0.16010101139545441        9.9999997764825821E-003   5.4362863568239659        3.6315523190197947       0.66802079225669253     
  0.16515152156352997        9.9999997764825821E-003   5.1962509503365695        3.4443934888149510       0.66286126704328097     
  0.17020203173160553        9.9999997764825821E-003   4.9678908364992722        3.2715458537590933       0.65853819285297666     
  0.17525252699851990        9.9999997764825821E-003   4.7516546904715113        3.1110890234808632       0.65473802835873729     
  0.18030303716659546        9.9999997764825821E-003   4.5647267670734264        2.9618754439118384       0.64886149709477126     
  0.18535354733467102        9.9999997764825821E-003   4.3859700391714016        2.8229878034630951       0.64364046681823994     
  0.19040404260158539        9.9999997764825821E-003   4.2156277865980201        2.6936026219827998       0.63895646350611912     
  0.19545455276966095        9.9999997764825821E-003   4.0525733384654892        2.5737419384041584       0.63508830647805337     
  0.20050504803657532        9.9999997764825821E-003   3.8985884153028900        2.4621048851961200       0.63153752664214835     
  0.20555555820465088        9.9999997764825821E-003   3.7667808739995432        2.3585046985747673       0.62613270521110043     
  0.21060606837272644        9.9999997764825821E-003   3.6410451955040046        2.2616313428741224       0.62114893428590368     
  0.21565657854080200        9.9999997764825821E-003   3.5197380510223932        2.1706272761077572       0.61670136943209330     
  0.22070707380771637        9.9999997764825821E-003   3.4020385757815830        2.0847413751558510       0.61279180959225410     
  0.22575758397579193        9.9999997764825821E-003   3.2910866886619190        2.0046311197580629       0.60910918167673678     
  0.23080807924270630        9.9999997764825821E-003   3.1936187364841726        1.9292831069223355       0.60410564507342124     
  0.23585858941078186        9.9999997764825821E-003   3.0986548370871358        1.8582022566332375       0.59968029817093949     
  0.24090909957885742        9.9999997764825821E-003   3.0057744344274981        1.7911774174450654       0.59591212065992116     
  0.24595960974693298        9.9999997764825821E-003   2.9155543914138025        1.7279381473787083       0.59266194877633593     
  0.25101011991500854        9.9999997764825821E-003   2.8296810387136415        1.6681869345992049       0.58953179237386910     
  0.25606060028076172        9.9999997764825821E-003   2.7537533575338915        1.6113163160624826       0.58513458064577284     
  0.26111111044883728        9.9999997764825821E-003   2.6802740658085638        1.5580472125919140       0.58130145438014924     
  0.26616162061691284        9.9999997764825821E-003   2.6099262526055327        1.5075838921913365       0.57763467097443477     
  0.27121213078498840        9.9999997764825821E-003   2.5407824175642566        1.4596649127557528       0.57449425919558805     
  0.27626264095306396        9.9999997764825821E-003   2.4745281681821063        1.4140477689199791       0.57144137096600467     
  0.28131312131881714        9.9999997764825821E-003   2.4145580072468622        1.3699984474371873       0.56739098556563272     
  0.28636366128921509        9.9999997764825821E-003   2.3554380133290591        1.3277723810731885       0.56370508311385403     
  0.29141414165496826        9.9999997764825821E-003   2.2971217685967327        1.2872730152412264       0.56038518847331142     
  0.29646465182304382        9.9999997764825821E-003   2.2395075458476903        1.2484029523444500       0.55744529848052327     
  0.30151516199111938        9.9999997764825821E-003   2.1844603726141480        1.2110807074878720       0.55440726811563501     
  0.30656564235687256        9.9999997764825821E-003   2.1334355918149277        1.1749003477957654       0.55070814057070727     
  0.31161618232727051        9.9999997764825821E-003   2.0833836137402693        1.1405244839101805       0.54743854006925441     
  0.31666666269302368        9.9999997764825821E-003   2.0336260106066679        1.1073854803911414       0.54453742950543205     
  0.32171717286109924        9.9999997764825821E-003   1.9843019165136311        1.0754694335123953       0.54198880954666828     
  0.32676768302917480        9.9999997764825821E-003   1.9367882671939687        1.0447097853252754       0.53940319807846504     
  0.33181819319725037        9.9999997764825821E-003   1.8924478809355307        1.0149807522067136       0.53633220889811684     
  0.33686870336532593        9.9999997764825821E-003   1.8482300073978597       0.98584799708120818       0.53340114224700463     
  0.34191918373107910        9.9999997764825821E-003   1.8042144914644247       0.95779964144822261       0.53086794612252919     
  0.34696972370147705        9.9999997764825821E-003   1.7609810080239034       0.93062388627691583       0.52846900792031914     
  0.35202020406723022        9.9999997764825821E-003   1.7195727444244790       0.90418155561706826       0.52581756633953125     
  0.35707071423530579        9.9999997764825821E-003   1.6805743717833368       0.87843792115944386       0.52270100979065381     
  0.36212122440338135        9.9999997764825821E-003   1.6415308183476778       0.85335739623869811       0.51985463002008425     
  0.36717170476913452        9.9999997764825821E-003   1.6024701334929876       0.82920349981947428       0.51745332564296609     
  0.37222224473953247        9.9999997764825821E-003   1.5634733402829777       0.80581962113105188       0.51540349321543544     
  0.37727272510528564        9.9999997764825821E-003   1.5262010954932665       0.78312114325801041       0.51311792762467290     
  0.38232323527336121        9.9999997764825821E-003   1.4907738335815484       0.76107914317751280       0.51052622874996301     
  0.38737374544143677        9.9999997764825821E-003   1.4552737676891976       0.73966651333285371       0.50826623124483072     
  0.39242425560951233        9.9999997764825821E-003   1.4197954104700401       0.71884387409990136       0.50630102675280486     
  0.39747476577758789        9.9999997764825821E-003   1.3843430540017982       0.69859049919623117       0.50463683635120382     
  0.40252524614334106        9.9999997764825821E-003   1.3508515555900145       0.67873289782878610       0.50244817427947097     
  0.40757575631141663        9.9999997764825821E-003   1.3190709470084989       0.65935137726626447       0.49986043492322951     
  0.41262626647949219        9.9999997764825821E-003   1.2871366321289597       0.64044962472226463       0.49757703163411893     
  0.41767677664756775        9.9999997764825821E-003   1.2551804894666905       0.62202090453535330       0.49556291685161685     
  0.42272728681564331        9.9999997764825821E-003   1.2232045899829818       0.60404111549868811       0.49381854879002052     
  0.42777779698371887        9.9999997764825821E-003   1.1933675605793215       0.58649668475235284       0.49146357260426743     
  0.43282827734947205        9.9999997764825821E-003   1.1651217975317576       0.56937767219019264       0.48868510862674269     
  0.43787878751754761        9.9999997764825821E-003   1.1366870514669798       0.55282939976022516       0.48635145359204840     
  0.44292929768562317        9.9999997764825821E-003   1.1080938867779224       0.53716558690110361       0.48476540960175801     
  0.44797980785369873        9.9999997764825821E-003   1.0792313253850936       0.52187689838091356       0.48356351979933160     
  0.45303031802177429        9.9999997764825821E-003   1.0530748658668434       0.50716516142946555       0.48160408900462193     
  0.45808082818984985        9.9999997764825821E-003   1.0283374135801913       0.49289213177166602       0.47930973361714568     
  0.46313130855560303        9.9999997764825821E-003   1.0032940375207118       0.47903698458088995       0.47746419959263520     
  0.46818181872367859        9.9999997764825821E-003  0.97799931685893704       0.46553284552067042       0.47600528701373024     
  0.47323232889175415        9.9999997764825821E-003  0.95246606290957592       0.45234069807431432       0.47491529167192814     
  0.47828283905982971        9.9999997764825821E-003  0.92965865338719067       0.43953372899749149       0.47279044560717004     
  0.48333334922790527        9.9999997764825821E-003  0.90806455969882172       0.42716663733123406       0.47041439154162418     
  0.48838382959365845        9.9999997764825821E-003  0.88607578455535230       0.41517202340301085       0.46855137070623271     
  0.49343433976173401        9.9999997764825821E-003  0.86376105634146028       0.40353217293703464       0.46718032721483466     
  0.49848484992980957        9.9999997764825821E-003  0.84119422936433963       0.39223496895299953       0.46628347563605788     
  0.50353538990020752        9.9999997764825821E-003  0.82193748535725497       0.38126861553830121       0.46386571038621371     
  0.50858587026596069        9.9999997764825821E-003  0.80362932136943954       0.37062234549932521       0.46118569301050300     
  0.51363635063171387        9.9999997764825821E-003  0.78476326335333801       0.36028569444121983       0.45910112165763034     
  0.51868689060211182        9.9999997764825821E-003  0.76545069804940291       0.35024876358403972       0.45757194353154063     
  0.52373737096786499        9.9999997764825821E-003  0.74573809436112681       0.34050245589407135       0.45659791080644674     
  0.52878785133361816        9.9999997764825821E-003  0.72977872809699473       0.33139762119446847       0.45410698946876193     
  0.53383839130401611        9.9999997764825821E-003  0.71449821453264295       0.32272930923005094       0.45168665598576740     
  0.53888893127441406        9.9999997764825821E-003  0.69851590217083981       0.31439579884378088       0.45009111155051040     
  0.54393941164016724        9.9999997764825821E-003  0.68196344684685262       0.30638553569947552       0.44926973302761197     
  0.54898989200592041        9.9999997764825821E-003  0.66490662267783618       0.29868604880185884       0.44921503052403744     
  0.55404043197631836        9.9999997764825821E-003  0.65204840146899368       0.29128648790417089       0.44672525421108972     
  0.55909091234207153        9.9999997764825821E-003  0.63948935688812159       0.28417591670116943       0.44437943124499241     
  0.56414139270782471        9.9999997764825821E-003  0.62609951875188563       0.27734403587047773       0.44297116922139856     
  0.56919193267822266        9.9999997764825821E-003  0.61197770784409444       0.27077944178586011       0.44246618514876207     
  0.57424247264862061        9.9999997764825821E-003  0.59720006744366461       0.26447117855150443       0.44285188995972891     
  0.57929289340972900        9.9999997764825821E-003  0.58723405112730864       0.25828700142371147       0.43983655397346239     
  0.58434343338012695        9.9999997764825821E-003  0.57708291353984176       0.25228472084366022       0.43717239745696007     
  0.58939397335052490        9.9999997764825821E-003  0.56591328152603648       0.24649425477924444       0.43556895168558390     
  0.59444445371627808        9.9999997764825821E-003  0.55385531780610053       0.24090950541049910       0.43496829887772104     
  0.59949493408203125        9.9999997764825821E-003  0.54098961232986187       0.23552484463222806       0.43535927356886039     
  0.60454547405242920        9.9999997764825821E-003  0.53346814695071987       0.23033481012851587       0.43176862844595199     
  0.60959595441818237        9.9999997764825821E-003  0.52529768152920031       0.22533431663720360       0.42896499367983160     
  0.61464643478393555        9.9999997764825821E-003  0.51591218460236987       0.22051819533771538       0.42743358641098167     
  0.61969697475433350        9.9999997764825821E-003  0.50547177140038613       0.21588167609510173       0.42708948018404974     
  0.62474751472473145        9.9999997764825821E-003  0.49408872536952925       0.21142020633273609       0.42789927289803020     
  0.62979799509048462        9.9999997764825821E-003  0.48868680775726597       0.20712935711868999       0.42384888200536924     
  0.63484847545623779        9.9999997764825821E-003  0.48211698578645718       0.20304034577598393       0.42114331534030636     
  0.63989901542663574        9.9999997764825821E-003  0.47416719811912572       0.19912135605464412       0.41993912030291597     
  0.64494949579238892        9.9999997764825821E-003  0.46495841016431566       0.19535559368557925       0.42015713538021787     
  0.64999997615814209        9.9999997764825821E-003  0.45466550216972468       0.19173699343871969       0.42171000993857038     
  0.15000000596046448       0.15000000596046448        5.2096266368937307        3.6358349885240999       0.69790701751555595     
  0.15505051612854004       0.15000000596046448        4.9751380062856851        3.4389665547661559       0.69123038404588966     
  0.16010101139545441       0.15000000596046448        4.7526380436067459        3.2570469733391545       0.68531349188700319     
  0.16515152156352997       0.15000000596046448        4.5424461688808853        3.0898537631860030       0.68021802533484843     
  0.17020203173160553       0.15000000596046448        4.3430749058952181        2.9349859569698724       0.67578524906074522     
  0.17525252699851990       0.15000000596046448        4.1547619195246517        2.7915105196353265       0.67188218571973057     
  0.18030303716659546       0.15000000596046448        3.9922156030155680        2.6580800228427304       0.66581574923832210     
  0.18535354733467102       0.15000000596046448        3.8371929187696092        2.5341138151342215       0.66040823820418748     
  0.19040404260158539       0.15000000596046448        3.6885018860218066        2.4183483171698872       0.65564513504374811     
  0.19545455276966095       0.15000000596046448        3.5460251195539221        2.3108625713353361       0.65167687577634381     
  0.20050504803657532       0.15000000596046448        3.4111978898526885        2.2109713888246612       0.64815101914833251     
  0.20555555820465088       0.15000000596046448        3.2942774889153950        2.1178990399566708       0.64290244130404628     
  0.21060606837272644       0.15000000596046448        3.1832916542958580        2.0307488984764412       0.63793994362280371     
  0.21565657854080200       0.15000000596046448        3.0754872558451822        1.9488150895075051       0.63366059664322893     
  0.22070707380771637       0.15000000596046448        2.9711466321130411        1.8719107948771361       0.63002975842557363     
  0.22575758397579193       0.15000000596046448        2.8724055391192373        1.7994528792892843       0.62646198622811755     
  0.23080807924270630       0.15000000596046448        2.7864168502555815        1.7318399433974216       0.62152938216640852     
  0.23585858941078186       0.15000000596046448        2.7031382452551105        1.6681298570482681       0.61710859959766406     
  0.24090909957885742       0.15000000596046448        2.6228569508041897        1.6080351854945079       0.61308535526555152     
  0.24595960974693298       0.15000000596046448        2.5444529290014195        1.5512905292540105       0.60967546759169977     
  0.25101011991500854       0.15000000596046448        2.4703474339517939        1.4976577634024604       0.60625389887230152     
  0.25606060028076172       0.15000000596046448        2.4041444531373819        1.4466012082167121       0.60171143473883759     
  0.26111111044883728       0.15000000596046448        2.3388720284625917        1.3982887130998760       0.59784746496755181     
  0.26616162061691284       0.15000000596046448        2.2751549458132021        1.3523893609878161       0.59441637743245457     
  0.27121213078498840       0.15000000596046448        2.2131170051122369        1.3089518596862610       0.59145172020395653     
  0.27626264095306396       0.15000000596046448        2.1546541113950100        1.2675762062183100       0.58829684055304365     
  0.28131312131881714       0.15000000596046448        2.1015960802170301        1.2276847371629771       0.58416778976681150     
  0.28636366128921509       0.15000000596046448        2.0494197701282415        1.1894979930125675       0.58040720127245349     
  0.29141414165496826       0.15000000596046448        1.9983071999307855        1.1529015738813977       0.57693910822186412     
  0.29646465182304382       0.15000000596046448        1.9477629759528716        1.1178372653017246       0.57390826250553595     
  0.30151516199111938       0.15000000596046448        1.8992420791805475        1.0844332249780613       0.57098209694572155     
  0.30656564235687256       0.15000000596046448        1.8544654440617179        1.0522631739622337       0.56742128969387995     
  0.31161618232727051       0.15000000596046448        1.8100671280806999        1.0213159168510930       0.56424201125294327     
  0.31666666269302368       0.15000000596046448        1.7665869433693728       0.99138740408207382       0.56118800594734508     
  0.32171717286109924       0.15000000596046448        1.7234566502477231       0.96272188151400917       0.55859941784763267     
  0.32676768302917480       0.15000000596046448        1.6821392388551946       0.93510977044018906       0.55590509325291781     
  0.33181819319725037       0.15000000596046448        1.6436300611250041       0.90844111205861533       0.55270412335779562     
  0.33686870336532593       0.15000000596046448        1.6053031894671053       0.88227952539076782       0.54960304768574486     
  0.34191918373107910       0.15000000596046448        1.5668873783483659       0.85688992699330435       0.54687397373545765     
  0.34696972370147705       0.15000000596046448        1.5287214575044188       0.83234306869379870       0.54447006327272196     
  0.35202020406723022       0.15000000596046448        1.4922794791017426       0.80851624239953013       0.54179947772665582     
  0.35707071423530579       0.15000000596046448        1.4579798356903468       0.78533061521170588       0.53864298804918342     
  0.36212122440338135       0.15000000596046448        1.4238266609994366       0.76277345157045540       0.53572072532694148     
  0.36717170476913452       0.15000000596046448        1.3897086728307988       0.74108227471903465       0.53326448140348015     
  0.37222224473953247       0.15000000596046448        1.3556918428051852       0.72011939212019860       0.53118221219811590     
  0.37727272510528564       0.15000000596046448        1.3232154415781912       0.69966796981850821       0.52876345592220297     
  0.38232323527336121       0.15000000596046448        1.2924591314239762       0.67991157535459279       0.52606040595302639     
  0.38737374544143677       0.15000000596046448        1.2616578408364476       0.66072287363157456       0.52369418414863722     
  0.39242425560951233       0.15000000596046448        1.2308866719972067       0.64207609732323956       0.52163705394699134     
  0.39747476577758789       0.15000000596046448        1.2001523345385003       0.62393605473947067       0.51988071579212936     
  0.40252524614334106       0.15000000596046448        1.1711152671599105       0.60617807190360451       0.51760752242062058     
  0.40757575631141663       0.15000000596046448        1.1435657789313680       0.58885074734808207       0.51492512122769840     
  0.41262626647949219       0.15000000596046448        1.1158875753441027       0.57194921674201649       0.51255093199298896     
  0.41767677664756775       0.15000000596046448        1.0880547294153349       0.55545831750054864       0.51050586196066039     
  0.42272728681564331       0.15000000596046448        1.0603493931833596       0.53936648683191668       0.50866864290141334     
  0.42777779698371887       0.15000000596046448        1.0344849710767190       0.52365955106071205       0.50620315007155059     
  0.43282827734947205       0.15000000596046448        1.0099656281447591       0.50832421983635845       0.50330843512973489     
  0.43787878751754761       0.15000000596046448       0.98528095279746497       0.49349574799467488       0.50086804844193333     
  0.44292929768562317       0.15000000596046448       0.96046067455704931       0.47946846204159488       0.49920676061278496     
  0.44797980785369873       0.15000000596046448       0.93556898442603098       0.46587937606880969       0.49796368180655903     
  0.45303031802177429       0.15000000596046448       0.91284939360723505       0.45271097156573153       0.49593172185478401     
  0.45808082818984985       0.15000000596046448       0.89136037460388795       0.43994450979033173       0.49356525410481578     
  0.46313130855560303       0.15000000596046448       0.86961220482438606       0.42756305912026471       0.49167095027904878     
  0.46818181872367859       0.15000000596046448       0.84765251640245320       0.41550202137114733       0.49017965891800991     
  0.47323232889175415       0.15000000596046448       0.82554093188816169       0.40384357013883321       0.48918661030552391     
  0.47828283905982971       0.15000000596046448       0.80587898265048918       0.39250909480034790       0.48705711806679491     
  0.48333334922790527       0.15000000596046448       0.78727031784287238       0.38149225060050834       0.48457593529729470     
  0.48838382959365845       0.15000000596046448       0.76832252733293105       0.37080136071909325       0.48261159542757603     
  0.49343433976173401       0.15000000596046448       0.74909325348903222       0.36042598566453332       0.48114968862125851     
  0.49848484992980957       0.15000000596046448       0.72964469143838839       0.35035602546745370       0.48017347289511247     
  0.50353538990020752       0.15000000596046448       0.71305858381260101       0.34058172575110846       0.47763498467415794     
  0.50858587026596069       0.15000000596046448       0.69727839186345486       0.33109424932869996       0.47483796026413622     
  0.51363635063171387       0.15000000596046448       0.68102913290261580       0.32188497045634729       0.47264493529732071     
  0.51868689060211182       0.15000000596046448       0.66439871908168024       0.31294742995336700       0.47102352994586927     
  0.52373737096786499       0.15000000596046448       0.64737830260984341       0.30426935023197271       0.47000239119127113     
  0.52878785133361816       0.15000000596046448       0.63357440630704953       0.29617269391784840       0.46746315976392844     
  0.53383839130401611       0.15000000596046448       0.62028294530805339       0.28846752086881960       0.46505795951806628     
  0.53888893127441406       0.15000000596046448       0.60644312658921129       0.28106046022170128       0.46345724421423656     
  0.54393941164016724       0.15000000596046448       0.59210881839536833       0.27394039954223404       0.46265211905578485     
  0.54898989200592041       0.15000000596046448       0.57733574509222463       0.26709548067598521       0.46263458125794532     
  0.55404043197631836       0.15000000596046448       0.56619638853179932       0.26051530107809773       0.46011473466589659     
  0.55909091234207153       0.15000000596046448       0.55530950032985005       0.25419015511135240       0.45774501419544450     
  0.56414139270782471       0.15000000596046448       0.54370261744768900       0.24810997097840679       0.45633396459099829     
  0.56919193267822266       0.15000000596046448       0.53146788493794739       0.24226459007946363       0.45584050691557726     
  0.57424247264862061       0.15000000596046448       0.51866319161984087       0.23664486992704037       0.45625923287128400     
  0.57929289340972900       0.15000000596046448       0.51003166463846661       0.23113899437522795       0.45318557728973485     
  0.58434343338012695       0.15000000596046448       0.50123857732488575       0.22578013131561381       0.45044444208704798     
  0.58939397335052490       0.15000000596046448       0.49156043107766628       0.22058790675180168       0.44875033221896760     
  0.59444445371627808       0.15000000596046448       0.48110992652555251       0.21558084892869639       0.44809062761511437     
  0.59949493408203125       0.15000000596046448       0.46995716614722893       0.21073136442125640       0.44840547096847150     
  0.60454547405242920       0.15000000596046448       0.46343546290551091       0.20607205257053196       0.44466181176244524     
  0.60959595441818237       0.15000000596046448       0.45635182830539239       0.20158007104876638       0.44172074821593182     
  0.61464643478393555       0.15000000596046448       0.44821476756689899       0.19725039350654716       0.44008008610984967     
  0.61969697475433350       0.15000000596046448       0.43916280192961082       0.19307835746013702       0.43965098276033793     
  0.62474751472473145       0.15000000596046448       0.42929271950915054       0.18905951003105045       0.44039766210621833     
  0.62979799509048462       0.15000000596046448       0.42460721982120037       0.18518955769729234       0.43614321436944614     
  0.63484847545623779       0.15000000596046448       0.41890897792585879       0.18150708200612992       0.43328525185787309     
  0.63989901542663574       0.15000000596046448       0.41201380438980517       0.17798101498712043       0.43197828104500369     
  0.64494949579238892       0.15000000596046448       0.40402653194720800       0.17459421686351551       0.43213552343223044     
  0.64999997615814209       0.15000000596046448       0.39505720990264748       0.17134146600759989       0.43371304639604719     
  0.15000000596046448       0.30000001192092896        3.4513863378818526        2.6010233123321553       0.75361696944319112     
  0.15505051612854004       0.30000001192092896        3.2981162810853242        2.4623280873897810       0.74658619573579532     
  0.16010101139545441       0.30000001192092896        3.1521960428929239        2.3339702090983314       0.74042673023481531     
  0.16515152156352997       0.30000001192092896        3.0143385534202101        2.2157719470251940       0.73507733380216200     
  0.17020203173160553       0.30000001192092896        2.8832211916601977        2.1063926605364656       0.73056922119928513     
  0.17525252699851990       0.30000001192092896        2.7593415773913930        2.0048392137639861       0.72656434788305801     
  0.18030303716659546       0.30000001192092896        2.6518793383711103        1.9100869247696597       0.72027670985321335     
  0.18535354733467102       0.30000001192092896        2.5487514956359352        1.8219435632533172       0.71483766321389708     
  0.19040404260158539       0.30000001192092896        2.4499932407892873        1.7394223231007635       0.70997025385277923     
  0.19545455276966095       0.30000001192092896        2.3552428560578345        1.6628656381194766       0.70602725058372662     
  0.20050504803657532       0.30000001192092896        2.2653842914160554        1.5915754854575235       0.70256313310209073     
  0.20555555820465088       0.30000001192092896        2.1874148107663505        1.5249877175209323       0.69716439242114303     
  0.21060606837272644       0.30000001192092896        2.1122022655479662        1.4625545539583455       0.69243110748151604     
  0.21565657854080200       0.30000001192092896        2.0394324224916875        1.4036114804523776       0.68823632740794993     
  0.22070707380771637       0.30000001192092896        1.9693165588516588        1.3481726452743505       0.68458909727570283     
  0.22575758397579193       0.30000001192092896        1.9029677668896765        1.2958689903149938       0.68097264329024287     
  0.23080807924270630       0.30000001192092896        1.8447352281817828        1.2468179312461780       0.67587907044799755     
  0.23585858941078186       0.30000001192092896        1.7879883694398171        1.2006640591716253       0.67151670541783082     
  0.24090909957885742       0.30000001192092896        1.7331725835200629        1.1571247669553171       0.66763389748827195     
  0.24595960974693298       0.30000001192092896        1.6798646374136688        1.1160053139054684       0.66434240536408806     
  0.25101011991500854       0.30000001192092896        1.6293848981054024        1.0771242299046739       0.66106187135840044     
  0.25606060028076172       0.30000001192092896        1.5837854857811189        1.0399395688445052       0.65661642828581024     
  0.26111111044883728       0.30000001192092896        1.5390911054257421        1.0047267940038314       0.65280527608916605     
  0.26616162061691284       0.30000001192092896        1.4957270755492131       0.97108049957840814       0.64923642518260827     
  0.27121213078498840       0.30000001192092896        1.4536990517977215       0.93923632726118522       0.64610094235094651     
  0.27626264095306396       0.30000001192092896        1.4138099950073355       0.90888622346366965       0.64286306269814841     
  0.28131312131881714       0.30000001192092896        1.3772832365192136       0.87974415964074204       0.63875326172131863     
  0.28636366128921509       0.30000001192092896        1.3416405233941602       0.85186166980997091       0.63494032489036756     
  0.29141414165496826       0.30000001192092896        1.3068426978596797       0.82516783147001660       0.63142092986513199     
  0.29646465182304382       0.30000001192092896        1.2725730128317592       0.79964894812392340       0.62837176339652678     
  0.30151516199111938       0.30000001192092896        1.2396755403674409       0.77523372269736934       0.62535211630261689     
  0.30656564235687256       0.30000001192092896        1.2091716179647114       0.75171164372867805       0.62167489921237640     
  0.31161618232727051       0.30000001192092896        1.1792278686573381       0.72909313082012217       0.61828010531184552     
  0.31666666269302368       0.30000001192092896        1.1498324761365615       0.70721696011333324       0.61506086737920562     
  0.32171717286109924       0.30000001192092896        1.1208125941070841       0.68629355076008136       0.61231784365059683     
  0.32676768302917480       0.30000001192092896        1.0930441562012538       0.66615491492618062       0.60944922595014228     
  0.33181819319725037       0.30000001192092896        1.0671648446601110       0.64672970805176722       0.60602606175407592     
  0.33686870336532593       0.30000001192092896        1.0412878110973789       0.62774239412201105       0.60285195642543254     
  0.34191918373107910       0.30000001192092896        1.0158274416734154       0.60935735831890403       0.59986306071342588     
  0.34696972370147705       0.30000001192092896       0.99048360987506112       0.59159110285183647       0.59727500480947826     
  0.35202020406723022       0.30000001192092896       0.96627317838273308       0.57435169845257605       0.59439888356818271     
  0.35707071423530579       0.30000001192092896       0.94357900724063182       0.55760412550736971       0.59094587864773185     
  0.36212122440338135       0.30000001192092896       0.92099234490148341       0.54133024831220866       0.58776845574119685     
  0.36717170476913452       0.30000001192092896       0.89851711846541149       0.52572715659457891       0.58510533165186085     
  0.37222224473953247       0.30000001192092896       0.87617504482377584       0.51064032440077267       0.58280628673175372     
  0.37727272510528564       0.30000001192092896       0.85487139911879961       0.49593996521658723       0.58013400112321167     
  0.38232323527336121       0.30000001192092896       0.83470640551838160       0.48177493088242729       0.57717890709515807     
  0.38737374544143677       0.30000001192092896       0.81457410711925071       0.46803732547474808       0.57457918363004035     
  0.39242425560951233       0.30000001192092896       0.79451425756707361       0.45470675899953866       0.57230786567873759     
  0.39747476577758789       0.30000001192092896       0.77453042462854160       0.44175386586105159       0.57035056572879383     
  0.40252524614334106       0.30000001192092896       0.75566013163005830       0.42908469986965159       0.56782762767179396     
  0.40757575631141663       0.30000001192092896       0.73777621298279794       0.41673316551571249       0.56485036815008982     
  0.41262626647949219       0.30000001192092896       0.71972066756073361       0.40469589697320624       0.56229578392516566     
  0.41767677664756775       0.30000001192092896       0.70180991933884418       0.39296075465820296       0.55992476570921157     
  0.42272728681564331       0.30000001192092896       0.68392152437000009       0.38151807922913877       0.55783897075117983     
  0.42777779698371887       0.30000001192092896       0.66721227322520560       0.37035622891870001       0.55508006039585078     
  0.43282827734947205       0.30000001192092896       0.65139846236932475       0.35946751937546378       0.55183968053589871     
  0.43787878751754761       0.30000001192092896       0.63549990967484771       0.34895169823275740       0.54909795095218483     
  0.44292929768562317       0.30000001192092896       0.61953591832592014       0.33903253763202107       0.54723629026729925     
  0.44797980785369873       0.30000001192092896       0.60354244612140440       0.32943504853978417       0.54583575796012418     
  0.45303031802177429       0.30000001192092896       0.58894706099365446       0.32014566279469825       0.54358988098957106     
  0.45808082818984985       0.30000001192092896       0.57514937398814947       0.31115005246310307       0.54098998718464064     
  0.46313130855560303       0.30000001192092896       0.56119793891775438       0.30242836856258132       0.53889786043370214     
  0.46818181872367859       0.30000001192092896       0.54712461237036047       0.29393751222139070       0.53724052176694626     
  0.47323232889175415       0.30000001192092896       0.53296065492454869       0.28574819914288591       0.53615252177168560     
  0.47828283905982971       0.30000001192092896       0.52036545290857084       0.27777667929721295       0.53381076269492245     
  0.48333334922790527       0.30000001192092896       0.50845453108827121       0.27001082603171939       0.53104222604487650     
  0.48838382959365845       0.30000001192092896       0.49633010228990820       0.26247277091390797       0.52882702399661563     
  0.49343433976173401       0.30000001192092896       0.48402744115347024       0.25515609172966275       0.52715211997404210     
  0.49848484992980957       0.30000001192092896       0.47158464978066134       0.24805359847925235       0.52600015414968349     
  0.50353538990020752       0.30000001192092896       0.46097638343837577       0.24115838027452674       0.52314693103310628     
  0.50858587026596069       0.30000001192092896       0.45089611051143125       0.23446418665886418       0.51999602833770719     
  0.51363635063171387       0.30000001192092896       0.44051583377373560       0.22796495536229194       0.51749548571137793     
  0.51868689060211182       0.30000001192092896       0.42984201551517093       0.22165491681478375       0.51566600940377505     
  0.52373737096786499       0.30000001192092896       0.41887670846184683       0.21552894641574460       0.51454029804422974     
  0.52878785133361816       0.30000001192092896       0.41004194659295040       0.20983564639484825       0.51174190381832474     
  0.53383839130401611       0.30000001192092896       0.40157965833605103       0.20442782711337892       0.50905921868758863     
  0.53888893127441406       0.30000001192092896       0.39272555427419337       0.19923339201073390       0.50730946800480670     
  0.54393941164016724       0.30000001192092896       0.38355487647708425       0.19424412853601705       0.50643112745725261     
  0.54898989200592041       0.30000001192092896       0.37409372509825906       0.18945134331706034       0.50642748222333656     
  0.55404043197631836       0.30000001192092896       0.36696411440747967       0.18484791058299044       0.50372203527708970     
  0.55909091234207153       0.30000001192092896       0.35999485094260036       0.18042608635417282       0.50119074170575006     
  0.56414139270782471       0.30000001192092896       0.35257286707123969       0.17617819073563701       0.49969299169025116     
  0.56919193267822266       0.30000001192092896       0.34473630943776934       0.17209690639843808       0.49921317159515638     
  0.57424247264862061       0.30000001192092896       0.33652988632107389       0.16817545971663977       0.49973409956281922     
  0.57929289340972900       0.30000001192092896       0.33100356049570751       0.16429387499681211       0.49635077867672273     
  0.58434343338012695       0.30000001192092896       0.32537286097405310       0.16049518491393427       0.49326543225967756     
  0.58939397335052490       0.30000001192092896       0.31917043019074554       0.15682839999168233       0.49136256105541204     
  0.59444445371627808       0.30000001192092896       0.31246747943052650       0.15326776313745508       0.49050788714648424     
  0.59949493408203125       0.30000001192092896       0.30531036209489182       0.14984675679106313       0.49080141192354976     
  0.60454547405242920       0.30000001192092896       0.30113272157118437       0.14654440683467523       0.48664391591211981     
  0.60959595441818237       0.30000001192092896       0.29659196805834526       0.14335747500915283       0.48334914781290267     
  0.61464643478393555       0.30000001192092896       0.29137110391046733       0.14028769490627030       0.48147428836792949     
  0.61969697475433350       0.30000001192092896       0.28555723039984371       0.13732111428254484       0.48088824117766060     
  0.62474751472473145       0.30000001192092896       0.27921243087717984       0.13446062191755495       0.48157104429459152     
  0.62979799509048462       0.30000001192092896       0.27620636398014281       0.13170341668568364       0.47682976882875927     
  0.63484847545623779       0.30000001192092896       0.27254637591025754       0.12909809681503234       0.47367387067198063     
  0.63989901542663574       0.30000001192092896       0.26811257890395551       0.12661109114242894       0.47223107420030497     
  0.64494949579238892       0.30000001192092896       0.26293461028586235       0.12422417406089202       0.47245272855420434     
  0.64999997615814209       0.30000001192092896       0.25713264046804879       0.12193355647082878       0.47420489382008346     
  0.15000000596046448       0.44999998807907104        1.6771215573686571        1.4533030054400127       0.86654601692687816     
  0.15505051612854004       0.44999998807907104        1.6051808363970306        1.3783784349010648       0.85870601221165610     
  0.16010101139545441       0.44999998807907104        1.5367596948030144        1.3088958039184757       0.85172444875075481     
  0.16515152156352997       0.44999998807907104        1.4721889199376144        1.2447045570325215       0.84547882420230902     
  0.17020203173160553       0.44999998807907104        1.4102277904139184        1.1850927378676446       0.84035554108588795     
  0.17525252699851990       0.44999998807907104        1.3515485184155540        1.1296326415785976       0.83580620761057645     
  0.18030303716659546       0.44999998807907104        1.3002633895453257        1.0776963137980722       0.82882923757079674     
  0.18535354733467102       0.44999998807907104        1.2505877626312454        1.0293372152122575       0.82308275034334644     
  0.19040404260158539       0.44999998807907104        1.2031657232675057       0.98382318275184932       0.81769548760084743     
  0.19545455276966095       0.44999998807907104        1.1575102762234517       0.94158069023019353       0.81345341771153834     
  0.20050504803657532       0.44999998807907104        1.1142196369805921       0.90201800342040717       0.80955134291545328     
  0.20555555820465088       0.44999998807907104        1.0755147419428046       0.86501592591730114       0.80428086402120402     
  0.21060606837272644       0.44999998807907104        1.0379118187531151       0.83021457985290303       0.79988932089652176     
  0.21565657854080200       0.44999998807907104        1.0019383046587482       0.79708433341925633       0.79554233001475727     
  0.22070707380771637       0.44999998807907104       0.96742509584951875       0.76577406573707674       0.79155902510946596     
  0.22575758397579193       0.44999998807907104       0.93477706565533358       0.73604386470593752       0.78740043134234106     
  0.23080807924270630       0.44999998807907104       0.90500788812664457       0.70797490838073118       0.78228589791215053     
  0.23585858941078186       0.44999998807907104       0.87573519222437690       0.68166412775892549       0.77839069825147855     
  0.24090909957885742       0.44999998807907104       0.84755318284871317       0.65682974187192356       0.77497171288325695     
  0.24595960974693298       0.44999998807907104       0.82035667878241592       0.63336301212120116       0.77205809192807062     
  0.25101011991500854       0.44999998807907104       0.79443344830289275       0.61116020214553535       0.76930321029549475     
  0.25606060028076172       0.44999998807907104       0.77055827516138442       0.58973999773150476       0.76534120356827084     
  0.26111111044883728       0.44999998807907104       0.74747503606370869       0.56908390718991586       0.76134169000048291     
  0.26616162061691284       0.44999998807907104       0.72507133590083850       0.54945775172598610       0.75779819794328551     
  0.27121213078498840       0.44999998807907104       0.70319542750372832       0.53073513941128614       0.75474771116664041     
  0.27626264095306396       0.44999998807907104       0.68239037821030057       0.51288385683017357       0.75159889882285513     
  0.28131312131881714       0.44999998807907104       0.66307321593934476       0.49590293906095856       0.74788564390802015     
  0.28636366128921509       0.44999998807907104       0.64435449724130300       0.47967775633086546       0.74443145564208257     
  0.29141414165496826       0.44999998807907104       0.62621735021055958       0.46416560877279001       0.74122125267963079     
  0.29646465182304382       0.44999998807907104       0.60853640829202871       0.44929297825735276       0.73831733341703842     
  0.30151516199111938       0.44999998807907104       0.59149189747731046       0.43503206899651886       0.73548271895509210     
  0.30656564235687256       0.44999998807907104       0.57559653259866572       0.42123485543371247       0.73182312883635481     
  0.31161618232727051       0.44999998807907104       0.56002325697531707       0.40788142370106623       0.72832943743092360     
  0.31666666269302368       0.44999998807907104       0.54477773889366965       0.39512459012596468       0.72529503670318940     
  0.32171717286109924       0.44999998807907104       0.52991240344597779       0.38285933938744887       0.72249552359549496     
  0.32676768302917480       0.44999998807907104       0.51575940489285832       0.37106204609291715       0.71944794912658938     
  0.33181819319725037       0.44999998807907104       0.50243681816613739       0.35970738744541431       0.71592561380816699     
  0.33686870336532593       0.44999998807907104       0.48926393809743224       0.34871606856647119       0.71273609480089606     
  0.34191918373107910       0.44999998807907104       0.47642946141903741       0.33811381092023529       0.70968283513191821     
  0.34696972370147705       0.44999998807907104       0.46383133408533805       0.32786139570799167       0.70685478020695780     
  0.35202020406723022       0.44999998807907104       0.45178832667638497       0.31794711624989108       0.70375239349120222     
  0.35707071423530579       0.44999998807907104       0.44044157602137707       0.30833979362101938       0.70006968099227296     
  0.36212122440338135       0.44999998807907104       0.42926444369410582       0.29902592333551725       0.69660072649437366     
  0.36717170476913452       0.44999998807907104       0.41824739351657947       0.29012291312030941       0.69366340978478525     
  0.37222224473953247       0.44999998807907104       0.40739046689266112       0.28146342657954898       0.69089350255637849     
  0.37727272510528564       0.44999998807907104       0.39705456066077471       0.27316368231185184       0.68797517866878355     
  0.38232323527336121       0.44999998807907104       0.38727504505300459       0.26514111924049460       0.68463259543151289     
  0.38737374544143677       0.44999998807907104       0.37758981653462192       0.25738505892606434       0.68165254372654460     
  0.39242425560951233       0.44999998807907104       0.36801236478516164       0.24987561674445513       0.67898701417363405     
  0.39747476577758789       0.44999998807907104       0.35853542303802860       0.24260525559306220       0.67665630786872044     
  0.40252524614334106       0.44999998807907104       0.34950222879716303       0.23551447270325060       0.67385685497282966     
  0.40757575631141663       0.44999998807907104       0.34103861953215930       0.22861889249149595       0.67036071400100661     
  0.41262626647949219       0.44999998807907104       0.33261631699733102       0.22191336610038098       0.66717522490684567     
  0.41767677664756775       0.44999998807907104       0.32424560349628623       0.21538954520591372       0.66427899987973371     
  0.42272728681564331       0.44999998807907104       0.31591786061383953       0.20903982557365047       0.66169043170740249     
  0.42777779698371887       0.44999998807907104       0.30816021085851880       0.20285655805380376       0.65828277274556513     
  0.43282827734947205       0.44999998807907104       0.30082958039588847       0.19683559382291571       0.65430930550074962     
  0.43787878751754761       0.44999998807907104       0.29349123688477508       0.19103420752265723       0.65090259440235843     
  0.44292929768562317       0.44999998807907104       0.28615241227677385       0.18559461140104641       0.64858656938923376     
  0.44797980785369873       0.44999998807907104       0.27882366341175097       0.18034627741290493       0.64681123261256268     
  0.45303031802177429       0.44999998807907104       0.27213759791664133       0.17528060137809270       0.64408814776039525     
  0.45808082818984985       0.44999998807907104       0.26582628843493644       0.17038860374383780       0.64097725152394802     
  0.46313130855560303       0.44999998807907104       0.25946536203524317       0.16562396588701025       0.63832784687658450     
  0.46818181872367859       0.44999998807907104       0.25306659834117767       0.16105688808324095       0.63642096246185886     
  0.47323232889175415       0.44999998807907104       0.24663711445251446       0.15661976907241443       0.63502108926338718     
  0.47828283905982971       0.44999998807907104       0.24092888452579181       0.15231827056012637       0.63221257534117070     
  0.48333334922790527       0.44999998807907104       0.23553587283045266       0.14810081041003470       0.62878239577817130     
  0.48838382959365845       0.44999998807907104       0.23005270049885576       0.14400341137569686       0.62595836112088199     
  0.49343433976173401       0.44999998807907104       0.22449310959232230       0.14002532626606701       0.62373997366935618     
  0.49848484992980957       0.44999998807907104       0.21887197100565112       0.13616252847882540       0.62211039564910653     
  0.50353538990020752       0.44999998807907104       0.21408166374202109       0.13241114234467632       0.61850762942611581     
  0.50858587026596069       0.44999998807907104       0.20954537924614727       0.12876767718161178       0.61450974316332641     
  0.51363635063171387       0.44999998807907104       0.20483421757321643       0.12522880806309675       0.61136664345806713     
  0.51868689060211182       0.44999998807907104       0.19995434683835686       0.12179135006955465       0.60909578608966575     
  0.52373737096786499       0.44999998807907104       0.19502652623319147       0.11845117112107799       0.60735928290824903     
  0.52878785133361816       0.44999998807907104       0.19104541356517080       0.11537640035673399       0.60392133055513508     
  0.53383839130401611       0.44999998807907104       0.18722977599576973       0.11246943469092388       0.60070271458031876     
  0.53888893127441406       0.44999998807907104       0.18323583919190442       0.10968299165731482       0.59858918506899139     
  0.54393941164016724       0.44999998807907104       0.17909245437120072       0.10701218105547305       0.59752478925589692     
  0.54898989200592041       0.44999998807907104       0.17481557837698861       0.10445225128205135       0.59749967509646529     
  0.55404043197631836       0.44999998807907104       0.17160515504397528       0.10199879612380258       0.59438072298972910     
  0.55909091234207153       0.44999998807907104       0.16846906565502925        9.9646732151156520E-002  0.59148385351172506     
  0.56414139270782471       0.44999998807907104       0.16511810499561178        9.7391663196928213E-002  0.58983031085244420     
  0.56919193267822266       0.44999998807907104       0.16157456135389195        9.5229202606203947E-002  0.58938239911186430     
  0.57424247264862061       0.44999998807907104       0.15785815899835434        9.3147663187407109E-002  0.59007189605181043     
  0.57929289340972900       0.44999998807907104       0.15536010322911403        9.1038608392251724E-002  0.58598447413487142     
  0.58434343338012695       0.44999998807907104       0.15281422245195717        8.8971472095244711E-002  0.58221983966980695     
  0.58939397335052490       0.44999998807907104       0.14999804197634700        8.6951310750224553E-002  0.57968297188796503     
  0.59444445371627808       0.44999998807907104       0.14695670911688768        8.5011156988227393E-002  0.57847754960687425     
  0.59949493408203125       0.44999998807907104       0.14370286663574985        8.3133088506734731E-002  0.57850682072651982     
  0.60454547405242920       0.44999998807907104       0.14181007588826833        8.1315497323207392E-002  0.57341128134841135     
  0.60959595441818237       0.44999998807907104       0.13975030703133209        7.9556961622829825E-002  0.56927933335411640     
  0.61464643478393555       0.44999998807907104       0.13737638552248041        7.7855995537793349E-002  0.56673492494132416     
  0.61969697475433350       0.44999998807907104       0.13472626837778881        7.6211223989336649E-002  0.56567457042327574     
  0.62474751472473145       0.44999998807907104       0.13182772590560562        7.4621397339284953E-002  0.56605237499672201     
  0.62979799509048462       0.44999998807907104       0.13045803600173683        7.3085348575356049E-002  0.56022113175445198     
  0.63484847545623779       0.44999998807907104       0.12878356918308262        7.1660025687018569E-002  0.55643764295074405     
  0.63989901542663574       0.44999998807907104       0.12671113036133227        7.0310261180005482E-002  0.55488622806463161     
  0.64494949579238892       0.44999998807907104       0.12431230123677911        6.9017501982488724E-002  0.55519446825322838     
  0.64999997615814209       0.44999998807907104       0.12163453040577703        6.7779543793882860E-002  0.55723932642949281     
  0.15000000596046448       0.60000002384185791       0.51530488390254636       0.58689891577869524        1.1389352868809384     
  0.15505051612854004       0.60000002384185791       0.49578612301527181       0.55901199093246434        1.1275264977822805     
  0.16010101139545441       0.60000002384185791       0.47753932188296688       0.53306817338547341        1.1162812127879918     
  0.16515152156352997       0.60000002384185791       0.45972527776775685       0.50874338026668675        1.1066247710740256     
  0.17020203173160553       0.60000002384185791       0.44242221940136078       0.48591907725954936        1.0983152652618666     
  0.17525252699851990       0.60000002384185791       0.42597518189048383       0.46462754967205516        1.0907385439922381     
  0.18030303716659546       0.60000002384185791       0.41142957566024529       0.44495279075338645        1.0814798378053996     
  0.18535354733467102       0.60000002384185791       0.39758850000471185       0.42625795848384646        1.0721083695297897     
  0.19040404260158539       0.60000002384185791       0.38394850199864711       0.40869783405503235        1.0644600302581007     
  0.19545455276966095       0.60000002384185791       0.37088412036855190       0.39213362694137777        1.0572941935386988     
  0.20050504803657532       0.60000002384185791       0.35803078451245840       0.37656449756742255        1.0517656968525824     
  0.20555555820465088       0.60000002384185791       0.34598292851662776       0.36196310349392402        1.0461877556959527     
  0.21060606837272644       0.60000002384185791       0.33475864465769123       0.34814525077781822        1.0399888287689045     
  0.21565657854080200       0.60000002384185791       0.32403039752517204       0.33478176491910655        1.0331801197543489     
  0.22070707380771637       0.60000002384185791       0.31358775287602775       0.32204875491917490        1.0269812898161621     
  0.22575758397579193       0.60000002384185791       0.30350602847903330       0.30968642912496042        1.0203633538249606     
  0.23080807924270630       0.60000002384185791       0.29355726123096809       0.29796430790607303        1.0150125623076907     
  0.23585858941078186       0.60000002384185791       0.28339448354923841       0.28705156352102179        1.0129045559602361     
  0.24090909957885742       0.60000002384185791       0.27384940945094055       0.27673582881611702        1.0105401701284062     
  0.24595960974693298       0.60000002384185791       0.26475721981586658       0.26697149640592549        1.0083634228807770     
  0.25101011991500854       0.60000002384185791       0.25605881618438342       0.25779657877748496        1.0067865759085999     
  0.25606060028076172       0.60000002384185791       0.24765459637784543       0.24849149047279318        1.0033792794770944     
  0.26111111044883728       0.60000002384185791       0.23952822999211601       0.23943836869340906       0.99962484046782329     
  0.26616162061691284       0.60000002384185791       0.23120274420178297       0.23074483038994370       0.99801942743620886     
  0.27121213078498840       0.60000002384185791       0.22328654291951450       0.22236785112501323       0.99588559264481780     
  0.27626264095306396       0.60000002384185791       0.21570004029465994       0.21435198172363598       0.99375030913678819     
  0.28131312131881714       0.60000002384185791       0.20841590072139388       0.20690789053687941       0.99276441874494814     
  0.28636366128921509       0.60000002384185791       0.20140515195825032       0.19981322589674580       0.99209590198648689     
  0.29141414165496826       0.60000002384185791       0.19473423100938636       0.19295572331674682       0.99086700020114171     
  0.29646465182304382       0.60000002384185791       0.18829554268566520       0.18636084810741485       0.98972522370601157     
  0.30151516199111938       0.60000002384185791       0.18210238495593797       0.18005845418013858       0.98877592527800251     
  0.30656564235687256       0.60000002384185791       0.17584837373171061       0.17382119411700356       0.98847200248891753     
  0.31161618232727051       0.60000002384185791       0.16981341349722551       0.16782100574354206       0.98826707671290048     
  0.31666666269302368       0.60000002384185791       0.16408564201276535       0.16203654706587986       0.98751203992165215     
  0.32171717286109924       0.60000002384185791       0.15864527447004703       0.15646243725012182       0.98624076747815559     
  0.32676768302917480       0.60000002384185791       0.15341761677290533       0.15109453523411562       0.98485779151276720     
  0.33181819319725037       0.60000002384185791       0.14836612030434584       0.14594389809380925       0.98367402068903709     
  0.33686870336532593       0.60000002384185791       0.14358796216874234       0.14106799357709565       0.98245000100575797     
  0.34191918373107910       0.60000002384185791       0.13901020610223205       0.13637613122539535       0.98105121234839743     
  0.34696972370147705       0.60000002384185791       0.13460125168509182       0.13187327656783401       0.97973291419577524     
  0.35202020406723022       0.60000002384185791       0.13033661063401542       0.12754755873608384       0.97860116290914434     
  0.35707071423530579       0.60000002384185791       0.12629499669825789       0.12338186013470508       0.97693387196871440     
  0.36212122440338135       0.60000002384185791       0.12241408139333172       0.11938487603984804       0.97525443707942006     
  0.36717170476913452       0.60000002384185791       0.11868481801012705       0.11548497237052371       0.97303913260978081     
  0.37222224473953247       0.60000002384185791       0.11509186101745911       0.11177691822960956       0.97119741779701796     
  0.37727272510528564       0.60000002384185791       0.11167319250851697       0.10820895083244955       0.96897875310761616     
  0.38232323527336121       0.60000002384185791       0.10844523203649012       0.10477754507289402       0.96617936174121533     
  0.38737374544143677       0.60000002384185791       0.10532936911211659       0.10147659537577659       0.96342165752232922     
  0.39242425560951233       0.60000002384185791       0.10231494204451293        9.8301685636506569E-002  0.96077546125901769     
  0.39747476577758789       0.60000002384185791        9.9332854597717513E-002   9.5247541502938765E-002  0.95887248875184727     
  0.40252524614334106       0.60000002384185791        9.6587069822703209E-002   9.2310738681142049E-002  0.95572563543535527     
  0.40757575631141663       0.60000002384185791        9.4006676347069523E-002   8.9477278985929221E-002  0.95181834379062702     
  0.41262626647949219       0.60000002384185791        9.1498745514863325E-002   8.6739620965301495E-002  0.94798699673113285     
  0.41767677664756775       0.60000002384185791        8.9053483983942069E-002   8.4091570328204635E-002  0.94428164476268939     
  0.42272728681564331       0.60000002384185791        8.6666638460980286E-002   8.1529629192148609E-002  0.94072679683838778     
  0.42777779698371887       0.60000002384185791        8.4451284816650402E-002   7.9046725241326929E-002  0.93600382058062059     
  0.43282827734947205       0.60000002384185791        8.2374577258802983E-002   7.6636749053249076E-002  0.93034467190615255     
  0.43787878751754761       0.60000002384185791        8.0333876560254411E-002   7.4326935279117781E-002  0.92522530296877781     
  0.44292929768562317       0.60000002384185791        7.8327204380624169E-002   7.2185051354226024E-002  0.92158340036558828     
  0.44797980785369873       0.60000002384185791        7.6351447926016100E-002   7.0133178814961172E-002  0.91855728633882128     
  0.45303031802177429       0.60000002384185791        7.4551926477451000E-002   6.8165159646095097E-002  0.91433129721620743     
  0.45808082818984985       0.60000002384185791        7.2865393861469563E-002   6.6251203034314726E-002  0.90922726857512604     
  0.46313130855560303       0.60000002384185791        7.1188357509583508E-002   6.4446149775542597E-002  0.90529058444517052     
  0.46818181872367859       0.60000002384185791        6.9520787027338993E-002   6.2707682658036459E-002  0.90199903279830129     
  0.47323232889175415       0.60000002384185791        6.7859832897182074E-002   6.1037583709047730E-002  0.89946557636722912     
  0.47828283905982971       0.60000002384185791        6.6391591134358940E-002   5.9434751871935636E-002  0.89521505444349858     
  0.48333334922790527       0.60000002384185791        6.5012283169595175E-002   5.7828936055047950E-002  0.88950784737388333     
  0.48838382959365845       0.60000002384185791        6.3620001948427957E-002   5.6266018721302866E-002  0.88440768623228871     
  0.49343433976173401       0.60000002384185791        6.2215684271344114E-002   5.4748379923374606E-002  0.87997714024325424     
  0.49848484992980957       0.60000002384185791        6.0806766651579101E-002   5.3274134625343549E-002  0.87612181273513023     
  0.50353538990020752       0.60000002384185791        5.9604216356227618E-002   5.1841513970182676E-002  0.86976252922023567     
  0.50858587026596069       0.60000002384185791        5.8413522962018967E-002   5.0448941501104835E-002  0.86365175293240271     
  0.51363635063171387       0.60000002384185791        5.7240565393983131E-002   4.9094969464524595E-002  0.85769539707735376     
  0.51868689060211182       0.60000002384185791        5.6047020567780305E-002   4.7778142737709417E-002  0.85246534523506123     
  0.52373737096786499       0.60000002384185791        5.4829264728909616E-002   4.6497327520197834E-002  0.84803850188567942     
  0.52878785133361816       0.60000002384185791        5.3845013968777826E-002   4.5347799193462726E-002  0.84219124206667995     
  0.53383839130401611       0.60000002384185791        5.2902158533875906E-002   4.4275711327838536E-002  0.83693581802501649     
  0.53888893127441406       0.60000002384185791        5.1915626783573587E-002   4.3254909265939057E-002  0.83317705950581278     
  0.54393941164016724       0.60000002384185791        5.0895063027428807E-002   4.2283767768107244E-002  0.83080293554837159     
  0.54898989200592041       0.60000002384185791        4.9841046156082362E-002   4.1359410209007748E-002  0.82982628573819461     
  0.55404043197631836       0.60000002384185791        4.9050903618384892E-002   4.0479624157795865E-002  0.82525746055009674     
  0.55909091234207153       0.60000002384185791        4.8277065082438224E-002   3.9642208313825561E-002  0.82113956691717427     
  0.56414139270782471       0.60000002384185791        4.7446622873232647E-002   3.8844618247483857E-002  0.81870143532171868     
  0.56919193267822266       0.60000002384185791        4.6563910074436984E-002   3.8068513676186334E-002  0.81755405882646182     
  0.57424247264862061       0.60000002384185791        4.5633162209775903E-002   3.7332077478089851E-002  0.81809095995745551     
  0.57929289340972900       0.60000002384185791        4.5008993800516942E-002   3.6549874015663980E-002  0.81205712301980393     
  0.58434343338012695       0.60000002384185791        4.4374300505189750E-002   3.5744865254195943E-002  0.80553078802933331     
  0.58939397335052490       0.60000002384185791        4.3669571614113493E-002   3.4973877798352232E-002  0.80087522056316862     
  0.59444445371627808       0.60000002384185791        4.2900735423475972E-002   3.4221613713070635E-002  0.79769293871694369     
  0.59949493408203125       0.60000002384185791        4.2072518014695755E-002   3.3487841890577200E-002  0.79595525703691028     
  0.60454547405242920       0.60000002384185791        4.1592538560684567E-002   3.2772269090564708E-002  0.78793625550768287     
  0.60959595441818237       0.60000002384185791        4.1068833818288283E-002   3.2074738301694362E-002  0.78099949084532372     
  0.61464643478393555       0.60000002384185791        4.0461522498222470E-002   3.1395066752187492E-002  0.77592400912661452     
  0.61969697475433350       0.60000002384185791        3.9777846938492484E-002   3.0733079825719625E-002  0.77261798189433017     
  0.62474751472473145       0.60000002384185791        3.8998611615778243E-002   3.0088775417661619E-002  0.77153452830839131     
  0.62979799509048462       0.60000002384185791        3.8618662252048040E-002   2.9462024364518211E-002  0.76289603643522808     
  0.63484847545623779       0.60000002384185791        3.8151749089712729E-002   2.8910546827275310E-002  0.75777775638262346     
  0.63989901542663574       0.60000002384185791        3.7592415476278368E-002   2.8401212456314835E-002  0.75550379236036636     
  0.64494949579238892       0.60000002384185791        3.6945189851741417E-002   2.7916754651540487E-002  0.75562623344388169     
  0.64999997615814209       0.60000002384185791        3.6219123331918575E-002   2.7456134951881456E-002  0.75805630910136856     
