 Z Q2 pt2 MULT-RATIO STAT SYS fuu fuua DIS chi2
  0.40000000596046448        2.0000000000000000        9.9999995529651692E-005   0.0000000000000000        0.0000000000000000        0.0000000000000000        3.3344532342505253E-005   1.2806574534610421E-005  0.95899999141693115        0.0000000000000000     
  0.40000000596046448        2.0000000000000000        7.7049370915066029E-003   0.0000000000000000        0.0000000000000000        0.0000000000000000        3.2206810263646159E-005   1.2580091746399218E-005  0.95899999141693115        0.0000000000000000     
  0.40000000596046448        2.0000000000000000        2.7408640681519936E-002   0.0000000000000000        0.0000000000000000        0.0000000000000000        2.9417851028020999E-005   1.1989848338261960E-005  0.95899999141693115        0.0000000000000000     
  0.40000000596046448        2.0000000000000000        5.9211106953356074E-002   0.0000000000000000        0.0000000000000000        0.0000000000000000        2.5373597961809394E-005   1.1079540684610672E-005  0.95899999141693115        0.0000000000000000     
  0.40000000596046448        2.0000000000000000       0.10311232764514955        0.0000000000000000        0.0000000000000000        0.0000000000000000        2.0599129543364802E-005   9.9190742930147886E-006  0.95899999141693115        0.0000000000000000     
  0.40000000596046448        2.0000000000000000       0.15911234335428404        0.0000000000000000        0.0000000000000000        0.0000000000000000        1.5647028070284650E-005   8.5866952296609659E-006  0.95899999141693115        0.0000000000000000     
  0.40000000596046448        2.0000000000000000       0.22721107550197317        0.0000000000000000        0.0000000000000000        0.0000000000000000        1.0995592365363711E-005   7.1656676971686780E-006  0.95899999141693115        0.0000000000000000     
  0.40000000596046448        2.0000000000000000       0.30740862846256789        0.0000000000000000        0.0000000000000000        0.0000000000000000        6.9801090681333524E-006   5.7365863069348037E-006  0.95899999141693115        0.0000000000000000     
  0.40000000596046448        2.0000000000000000       0.39970487931805110        0.0000000000000000        0.0000000000000000        0.0000000000000000        3.7716371188736342E-006   4.3707030676579961E-006  0.95899999141693115        0.0000000000000000     
  0.40000000596046448        2.0000000000000000       0.50409996953010605        0.0000000000000000        0.0000000000000000        0.0000000000000000        1.3933174320988572E-006   3.1238653203176380E-006  0.95899999141693115        0.0000000000000000     
  0.40000000596046448        3.0000000000000000        9.9999995529651692E-005   0.0000000000000000        0.0000000000000000        0.0000000000000000        1.5876401405041081E-005   8.1537417372821463E-006  0.95200002193450928        0.0000000000000000     
  0.40000000596046448        3.0000000000000000        7.7049370915066029E-003   0.0000000000000000        0.0000000000000000        0.0000000000000000        1.5381680504494928E-005   7.9781892536438933E-006  0.95200002193450928        0.0000000000000000     
  0.40000000596046448        3.0000000000000000        2.7408640681519936E-002   0.0000000000000000        0.0000000000000000        0.0000000000000000        1.4112642287472409E-005   7.5431175385771366E-006  0.95200002193450928        0.0000000000000000     
  0.40000000596046448        3.0000000000000000        5.9211106953356074E-002   0.0000000000000000        0.0000000000000000        0.0000000000000000        1.2268991785099444E-005   6.8899174254413820E-006  0.95200002193450928        0.0000000000000000     
  0.40000000596046448        3.0000000000000000       0.10311232764514955        0.0000000000000000        0.0000000000000000        0.0000000000000000        1.0083145162952805E-005   6.0689780691437709E-006  0.95200002193450928        0.0000000000000000     
  0.40000000596046448        3.0000000000000000       0.15911234335428404        0.0000000000000000        0.0000000000000000        0.0000000000000000        7.8016919115656471E-006   5.1441356560547541E-006  0.95200002193450928        0.0000000000000000     
  0.40000000596046448        3.0000000000000000       0.22721107550197317        0.0000000000000000        0.0000000000000000        0.0000000000000000        5.6395137241839402E-006   4.1809818585151285E-006  0.95200002193450928        0.0000000000000000     
  0.40000000596046448        3.0000000000000000       0.30740862846256789        0.0000000000000000        0.0000000000000000        0.0000000000000000        3.7497262202778112E-006   3.2394270400541420E-006  0.95200002193450928        0.0000000000000000     
  0.40000000596046448        3.0000000000000000       0.39970487931805110        0.0000000000000000        0.0000000000000000        0.0000000000000000        2.2133798632462132E-006   2.3684095455251772E-006  0.95200002193450928        0.0000000000000000     
  0.40000000596046448        3.0000000000000000       0.50409996953010605        0.0000000000000000        0.0000000000000000        0.0000000000000000        1.0461106950246289E-006   1.6024731608635702E-006  0.95200002193450928        0.0000000000000000     
  0.40000000596046448        4.0000000000000000        9.9999995529651692E-005   0.0000000000000000        0.0000000000000000        0.0000000000000000        8.6112186265025703E-006   5.1210056755991701E-006  0.94900000095367432        0.0000000000000000     
  0.40000000596046448        4.0000000000000000        7.7049370915066029E-003   0.0000000000000000        0.0000000000000000        0.0000000000000000        8.3258592478037939E-006   5.0159677386855033E-006  0.94900000095367432        0.0000000000000000     
  0.40000000596046448        4.0000000000000000        2.7408640681519936E-002   0.0000000000000000        0.0000000000000000        0.0000000000000000        7.6625852724035028E-006   4.7254111643260314E-006  0.94900000095367432        0.0000000000000000     
  0.40000000596046448        4.0000000000000000        5.9211106953356074E-002   0.0000000000000000        0.0000000000000000        0.0000000000000000        6.7028220746630928E-006   4.2901391192534830E-006  0.94900000095367432        0.0000000000000000     
  0.40000000596046448        4.0000000000000000       0.10311232764514955        0.0000000000000000        0.0000000000000000        0.0000000000000000        5.5603985376926496E-006   3.7477178907740297E-006  0.94900000095367432        0.0000000000000000     
  0.40000000596046448        4.0000000000000000       0.15911234335428404        0.0000000000000000        0.0000000000000000        0.0000000000000000        4.3615094058051393E-006   3.1435663734770716E-006  0.94900000095367432        0.0000000000000000     
  0.40000000596046448        4.0000000000000000       0.22721107550197317        0.0000000000000000        0.0000000000000000        0.0000000000000000        3.2166744231474372E-006   2.5229181678192041E-006  0.94900000095367432        0.0000000000000000     
  0.40000000596046448        4.0000000000000000       0.30740862846256789        0.0000000000000000        0.0000000000000000        0.0000000000000000        2.2061012137356176E-006   1.9258442025642538E-006  0.94900000095367432        0.0000000000000000     
  0.40000000596046448        4.0000000000000000       0.39970487931805110        0.0000000000000000        0.0000000000000000        0.0000000000000000        1.3733226807702815E-006   1.3834995196713789E-006  0.94900000095367432        0.0000000000000000     
  0.40000000596046448        4.0000000000000000       0.50409996953010605        0.0000000000000000        0.0000000000000000        0.0000000000000000        7.2898484975069366E-007   9.1607621017590862E-007  0.94900000095367432        0.0000000000000000     
  0.40000000596046448        5.0000000000000000        9.9999995529651692E-005   0.0000000000000000        0.0000000000000000        0.0000000000000000        5.1816210782489634E-006   3.3927956796369718E-006  0.94599997997283936        0.0000000000000000     
  0.40000000596046448        5.0000000000000000        7.7049370915066029E-003   0.0000000000000000        0.0000000000000000        0.0000000000000000        5.0255192582280041E-006   3.3152088834043212E-006  0.94599997997283936        0.0000000000000000     
  0.40000000596046448        5.0000000000000000        2.7408640681519936E-002   0.0000000000000000        0.0000000000000000        0.0000000000000000        4.6415299297452357E-006   3.1194224860514007E-006  0.94599997997283936        0.0000000000000000     
  0.40000000596046448        5.0000000000000000        5.9211106953356074E-002   0.0000000000000000        0.0000000000000000        0.0000000000000000        4.0802935155343999E-006   2.8223640715403876E-006  0.94599997997283936        0.0000000000000000     
  0.40000000596046448        5.0000000000000000       0.10311232764514955        0.0000000000000000        0.0000000000000000        0.0000000000000000        3.4101019396144514E-006   2.4551126167302919E-006  0.94599997997283936        0.0000000000000000     
  0.40000000596046448        5.0000000000000000       0.15911234335428404        0.0000000000000000        0.0000000000000000        0.0000000000000000        2.7033878824203898E-006   2.0486179491835639E-006  0.94599997997283936        0.0000000000000000     
  0.40000000596046448        5.0000000000000000       0.22721107550197317        0.0000000000000000        0.0000000000000000        0.0000000000000000        2.0243785426662828E-006   1.6345941372413205E-006  0.94599997997283936        0.0000000000000000     
  0.40000000596046448        5.0000000000000000       0.30740862846256789        0.0000000000000000        0.0000000000000000        0.0000000000000000        1.4199191197593116E-006   1.2401225931943463E-006  0.94599997997283936        0.0000000000000000     
  0.40000000596046448        5.0000000000000000       0.39970487931805110        0.0000000000000000        0.0000000000000000        0.0000000000000000        9.1634124582169218E-007   8.8555572176396330E-007  0.94599997997283936        0.0000000000000000     
  0.40000000596046448        5.0000000000000000       0.50409996953010605        0.0000000000000000        0.0000000000000000        0.0000000000000000        5.2114044377324053E-007   5.8329706119868949E-007  0.94599997997283936        0.0000000000000000     
  0.40000000596046448        6.0000000000000000        9.9999995529651692E-005   0.0000000000000000        0.0000000000000000        0.0000000000000000        3.4191559470297836E-006   2.3962351774599351E-006  0.94499999284744263        0.0000000000000000     
  0.40000000596046448        6.0000000000000000        7.7049370915066029E-003   0.0000000000000000        0.0000000000000000        0.0000000000000000        3.3324265027236552E-006   2.3371793121974228E-006  0.94499999284744263        0.0000000000000000     
  0.40000000596046448        6.0000000000000000        2.7408640681519936E-002   0.0000000000000000        0.0000000000000000        0.0000000000000000        3.0846027145088720E-006   2.1942989965364722E-006  0.94499999284744263        0.0000000000000000     
  0.40000000596046448        6.0000000000000000        5.9211106953356074E-002   0.0000000000000000        0.0000000000000000        0.0000000000000000        2.7230903481435039E-006   1.9827734656050302E-006  0.94499999284744263        0.0000000000000000     
  0.40000000596046448        6.0000000000000000       0.10311232764514955        0.0000000000000000        0.0000000000000000        0.0000000000000000        2.2895147044115829E-006   1.7210367921690779E-006  0.94499999284744263        0.0000000000000000     
  0.40000000596046448        6.0000000000000000       0.15911234335428404        0.0000000000000000        0.0000000000000000        0.0000000000000000        1.8305957632419929E-006   1.4328280748991048E-006  0.94499999284744263        0.0000000000000000     
  0.40000000596046448        6.0000000000000000       0.22721107550197317        0.0000000000000000        0.0000000000000000        0.0000000000000000        1.3872666236699914E-006   1.1406179783364977E-006  0.94499999284744263        0.0000000000000000     
  0.40000000596046448        6.0000000000000000       0.30740862846256789        0.0000000000000000        0.0000000000000000        0.0000000000000000        9.8986649489679068E-007   8.6389052084635259E-007  0.94499999284744263        0.0000000000000000     
  0.40000000596046448        6.0000000000000000       0.39970487931805110        0.0000000000000000        0.0000000000000000        0.0000000000000000        6.5585506187287145E-007   6.1664436915643583E-007  0.94499999284744263        0.0000000000000000     
  0.40000000596046448        6.0000000000000000       0.50409996953010605        0.0000000000000000        0.0000000000000000        0.0000000000000000        3.9077966893198106E-007   4.0725092688736592E-007  0.94499999284744263        0.0000000000000000     
  0.40000000596046448        7.0000000000000000        9.9999995529651692E-005   0.0000000000000000        0.0000000000000000        0.0000000000000000        2.4609420471494672E-006   1.8095294548965017E-006  0.94400000572204590        0.0000000000000000     
  0.40000000596046448        7.0000000000000000        7.7049370915066029E-003   0.0000000000000000        0.0000000000000000        0.0000000000000000        2.4027230720368329E-006   1.7576227434708717E-006  0.94400000572204590        0.0000000000000000     
  0.40000000596046448        7.0000000000000000        2.7408640681519936E-002   0.0000000000000000        0.0000000000000000        0.0000000000000000        2.2288317011175629E-006   1.6501062235371141E-006  0.94400000572204590        0.0000000000000000     
  0.40000000596046448        7.0000000000000000        5.9211106953356074E-002   0.0000000000000000        0.0000000000000000        0.0000000000000000        1.9746004154901937E-006   1.4905034260132253E-006  0.94400000572204590        0.0000000000000000     
  0.40000000596046448        7.0000000000000000       0.10311232764514955        0.0000000000000000        0.0000000000000000        0.0000000000000000        1.6686123003380758E-006   1.2926127584958245E-006  0.94400000572204590        0.0000000000000000     
  0.40000000596046448        7.0000000000000000       0.15911234335428404        0.0000000000000000        0.0000000000000000        0.0000000000000000        1.3436649470090846E-006   1.0753199983840329E-006  0.94400000572204590        0.0000000000000000     
  0.40000000596046448        7.0000000000000000       0.22721107550197317        0.0000000000000000        0.0000000000000000        0.0000000000000000        1.0283042743546161E-006   8.5578170082221216E-007  0.94400000572204590        0.0000000000000000     
  0.40000000596046448        7.0000000000000000       0.30740862846256789        0.0000000000000000        0.0000000000000000        0.0000000000000000        7.4393550264783909E-007   6.4857838076371164E-007  0.94400000572204590        0.0000000000000000     
  0.40000000596046448        7.0000000000000000       0.39970487931805110        0.0000000000000000        0.0000000000000000        0.0000000000000000        5.0314210703445313E-007   4.6412401001218054E-007  0.94400000572204590        0.0000000000000000     
  0.40000000596046448        7.0000000000000000       0.50409996953010605        0.0000000000000000        0.0000000000000000        0.0000000000000000        3.1021322227590956E-007   3.0844042211088452E-007  0.94400000572204590        0.0000000000000000     
  0.40000000596046448        8.0000000000000000        9.9999995529651692E-005   0.0000000000000000        0.0000000000000000        0.0000000000000000        1.9270992518688005E-006   1.4471214038552887E-006  0.94300001859664917        0.0000000000000000     
  0.40000000596046448        8.0000000000000000        7.7049370915066029E-003   0.0000000000000000        0.0000000000000000        0.0000000000000000        1.8693146124758448E-006   1.4125445772481564E-006  0.94300001859664917        0.0000000000000000     
  0.40000000596046448        8.0000000000000000        2.7408640681519936E-002   0.0000000000000000        0.0000000000000000        0.0000000000000000        1.7369301980223402E-006   1.3254729058372725E-006  0.94300001859664917        0.0000000000000000     
  0.40000000596046448        8.0000000000000000        5.9211106953356074E-002   0.0000000000000000        0.0000000000000000        0.0000000000000000        1.5434507890776403E-006   1.1962260366545406E-006  0.94300001859664917        0.0000000000000000     
  0.40000000596046448        8.0000000000000000       0.10311232764514955        0.0000000000000000        0.0000000000000000        0.0000000000000000        1.3099595560256166E-006   1.0373060141618962E-006  0.94300001859664917        0.0000000000000000     
  0.40000000596046448        8.0000000000000000       0.15911234335428404        0.0000000000000000        0.0000000000000000        0.0000000000000000        1.0612386927530657E-006   8.6312889820448641E-007  0.94300001859664917        0.0000000000000000     
  0.40000000596046448        8.0000000000000000       0.22721107550197317        0.0000000000000000        0.0000000000000000        0.0000000000000000        8.1890310989118079E-007   6.8747541324115086E-007  0.94300001859664917        0.0000000000000000     
  0.40000000596046448        8.0000000000000000       0.30740862846256789        0.0000000000000000        0.0000000000000000        0.0000000000000000        5.9928839768412699E-007   5.2198157888683833E-007  0.94300001859664917        0.0000000000000000     
  0.40000000596046448        8.0000000000000000       0.39970487931805110        0.0000000000000000        0.0000000000000000        0.0000000000000000        4.1211267364736342E-007   3.7502977219243774E-007  0.94300001859664917        0.0000000000000000     
  0.40000000596046448        8.0000000000000000       0.50409996953010605        0.0000000000000000        0.0000000000000000        0.0000000000000000        2.6091387486726332E-007   2.5115711460461238E-007  0.94300001859664917        0.0000000000000000     
  0.40000000596046448        9.0000000000000000        9.9999995529651692E-005   0.0000000000000000        0.0000000000000000        0.0000000000000000        1.6076842715649207E-006   1.2302861701952582E-006  0.94199997186660767        0.0000000000000000     
  0.40000000596046448        9.0000000000000000        7.7049370915066029E-003   0.0000000000000000        0.0000000000000000        0.0000000000000000        1.5538296492670622E-006   1.2013661574973286E-006  0.94199997186660767        0.0000000000000000     
  0.40000000596046448        9.0000000000000000        2.7408640681519936E-002   0.0000000000000000        0.0000000000000000        0.0000000000000000        1.4460549446601314E-006   1.1278636512057968E-006  0.94199997186660767        0.0000000000000000     
  0.40000000596046448        9.0000000000000000        5.9211106953356074E-002   0.0000000000000000        0.0000000000000000        0.0000000000000000        1.2881496488802374E-006   1.0187127653946582E-006  0.94199997186660767        0.0000000000000000     
  0.40000000596046448        9.0000000000000000       0.10311232764514955        0.0000000000000000        0.0000000000000000        0.0000000000000000        1.0974418539729427E-006   8.8364611479826459E-007  0.94199997186660767        0.0000000000000000     
  0.40000000596046448        9.0000000000000000       0.15911234335428404        0.0000000000000000        0.0000000000000000        0.0000000000000000        8.9373301561406429E-007   7.3577543257273471E-007  0.94199997186660767        0.0000000000000000     
  0.40000000596046448        9.0000000000000000       0.22721107550197317        0.0000000000000000        0.0000000000000000        0.0000000000000000        6.9460393244083434E-007   5.8689160548296006E-007  0.94199997186660767        0.0000000000000000     
  0.40000000596046448        9.0000000000000000       0.30740862846256789        0.0000000000000000        0.0000000000000000        0.0000000000000000        5.1327663497351611E-007   4.4683108754347583E-007  0.94199997186660767        0.0000000000000000     
  0.40000000596046448        9.0000000000000000       0.39970487931805110        0.0000000000000000        0.0000000000000000        0.0000000000000000        3.5789260525767934E-007   3.2248324373634795E-007  0.94199997186660767        0.0000000000000000     
  0.40000000596046448        9.0000000000000000       0.50409996953010605        0.0000000000000000        0.0000000000000000        0.0000000000000000        2.3149661349148115E-007   2.1774418572571973E-007  0.94199997186660767        0.0000000000000000     
  0.40000000596046448        10.000000000000000        9.9999995529651692E-005   0.0000000000000000        0.0000000000000000        0.0000000000000000        1.4112580829293109E-006   1.0994774461603323E-006  0.94099998474121094        0.0000000000000000     
  0.40000000596046448        10.000000000000000        7.7049370915066029E-003   0.0000000000000000        0.0000000000000000        0.0000000000000000        1.3635101638807917E-006   1.0750222674300667E-006  0.94099998474121094        0.0000000000000000     
  0.40000000596046448        10.000000000000000        2.7408640681519936E-002   0.0000000000000000        0.0000000000000000        0.0000000000000000        1.2711694503375019E-006   1.0096656144176648E-006  0.94099998474121094        0.0000000000000000     
  0.40000000596046448        10.000000000000000        5.9211106953356074E-002   0.0000000000000000        0.0000000000000000        0.0000000000000000        1.1351746963168022E-006   9.1186740049403220E-007  0.94099998474121094        0.0000000000000000     
  0.40000000596046448        10.000000000000000       0.10311232764514955        0.0000000000000000        0.0000000000000000        0.0000000000000000        9.7026106398271698E-007   7.9150017894224948E-007  0.94099998474121094        0.0000000000000000     
  0.40000000596046448        10.000000000000000       0.15911234335428404        0.0000000000000000        0.0000000000000000        0.0000000000000000        7.9384073414849407E-007   6.5972488950671701E-007  0.94099998474121094        0.0000000000000000     
  0.40000000596046448        10.000000000000000       0.22721107550197317        0.0000000000000000        0.0000000000000000        0.0000000000000000        6.2080523280327647E-007   5.2718837355607075E-007  0.94099998474121094        0.0000000000000000     
  0.40000000596046448        10.000000000000000       0.30740862846256789        0.0000000000000000        0.0000000000000000        0.0000000000000000        4.6261832322074907E-007   4.0253398250486307E-007  0.94099998474121094        0.0000000000000000     
  0.40000000596046448        10.000000000000000       0.39970487931805110        0.0000000000000000        0.0000000000000000        0.0000000000000000        3.2639703553777900E-007   2.9194252770323467E-007  0.94099998474121094        0.0000000000000000     
  0.40000000596046448        10.000000000000000       0.50409996953010605        0.0000000000000000        0.0000000000000000        0.0000000000000000        2.1490149955959190E-007   1.9873196246624262E-007  0.94099998474121094        0.0000000000000000     
