 gamma g3f pt DY-RATIO error R_dy tmp element 
   4.0000000000000000        0.0000000000000000       0.25000000000000000       0.98599999999999999       0.11300000000000000       0.98725127052855155        1.2261554825136707E-004 Fe
   4.0000000000000000        5.0505050505050509E-003  0.25000000000000000       0.98599999999999999       0.11300000000000000       0.98724788325453861        1.2195258962784026E-004 Fe
   4.0000000000000000        1.0101010101010102E-002  0.25000000000000000       0.98599999999999999       0.11300000000000000       0.98724449602834419        1.2129143743163028E-004 Fe
   4.0000000000000000        1.5151515151515152E-002  0.25000000000000000       0.98599999999999999       0.11300000000000000       0.98724110884996730        1.2063209158643414E-004 Fe
   4.0000000000000000        2.0202020202020204E-002  0.25000000000000000       0.98599999999999999       0.11300000000000000       0.98723772171940694        1.1997455201595202E-004 Fe
   4.0000000000000000        2.5252525252525252E-002  0.25000000000000000       0.98599999999999999       0.11300000000000000       0.98723433463666199        1.1931881864386582E-004 Fe
   4.0000000000000000        3.0303030303030304E-002  0.25000000000000000       0.98599999999999999       0.11300000000000000       0.98723094760173102        1.1866489139379665E-004 Fe
   4.0000000000000000        3.5353535353535352E-002  0.25000000000000000       0.98599999999999999       0.11300000000000000       0.98722756061461370        1.1801277018958326E-004 Fe
   4.0000000000000000        4.0404040404040407E-002  0.25000000000000000       0.98599999999999999       0.11300000000000000       0.98722417367530724        1.1736245495459780E-004 Fe
   4.0000000000000000        4.5454545454545456E-002  0.25000000000000000       0.98599999999999999       0.11300000000000000       0.98722078678381242        1.1671394561289875E-004 Fe
   4.0000000000000000        5.0505050505050504E-002  0.25000000000000000       0.98599999999999999       0.11300000000000000       0.98721739994012703        1.1606724208797242E-004 Fe
   4.0000000000000000        5.5555555555555552E-002  0.25000000000000000       0.98599999999999999       0.11300000000000000       0.98721401314425017        1.1542234430356418E-004 Fe
   4.0000000000000000        6.0606060606060608E-002  0.25000000000000000       0.98599999999999999       0.11300000000000000       0.98721062639618073        1.1477925218338035E-004 Fe
   4.0000000000000000        6.5656565656565663E-002  0.25000000000000000       0.98599999999999999       0.11300000000000000       0.98720723969591750        1.1413796565110962E-004 Fe
   4.0000000000000000        7.0707070707070704E-002  0.25000000000000000       0.98599999999999999       0.11300000000000000       0.98720385304345937        1.1349848463046528E-004 Fe
   4.0000000000000000        7.5757575757575760E-002  0.25000000000000000       0.98599999999999999       0.11300000000000000       0.98720046643880532        1.1286080904518496E-004 Fe
   4.0000000000000000        8.0808080808080815E-002  0.25000000000000000       0.98599999999999999       0.11300000000000000       0.98719707988195371        1.1222493881888456E-004 Fe
   4.0000000000000000        8.5858585858585856E-002  0.25000000000000000       0.98599999999999999       0.11300000000000000       0.98719369337290430        1.1159087387545446E-004 Fe
   4.0000000000000000        9.0909090909090912E-002  0.25000000000000000       0.98599999999999999       0.11300000000000000       0.98719030691165510        1.1095861413845537E-004 Fe
   4.0000000000000000        9.5959595959595953E-002  0.25000000000000000       0.98599999999999999       0.11300000000000000       0.98718692049820589        1.1032815953178359E-004 Fe
   4.0000000000000000       0.10101010101010101       0.25000000000000000       0.98599999999999999       0.11300000000000000       0.98718353413255477        1.0969950997902819E-004 Fe
   4.0000000000000000       0.10606060606060606       0.25000000000000000       0.98599999999999999       0.11300000000000000       0.98718014781470032        1.0907266540386547E-004 Fe
   4.0000000000000000       0.11111111111111110       0.25000000000000000       0.98599999999999999       0.11300000000000000       0.98717676154464240        1.0844762573022144E-004 Fe
   4.0000000000000000       0.11616161616161616       0.25000000000000000       0.98599999999999999       0.11300000000000000       0.98717337532237948        1.0782439088175805E-004 Fe
   4.0000000000000000       0.12121212121212122       0.25000000000000000       0.98599999999999999       0.11300000000000000       0.98716998914791010        1.0720296078216208E-004 Fe
   4.0000000000000000       0.12626262626262627       0.25000000000000000       0.98599999999999999       0.11300000000000000       0.98716660302123382        1.0658333535530697E-004 Fe
   4.0000000000000000       0.13131313131313133       0.25000000000000000       0.98599999999999999       0.11300000000000000       0.98716321694234843        1.0596551452474455E-004 Fe
   4.0000000000000000       0.13636363636363635       0.25000000000000000       0.98599999999999999       0.11300000000000000       0.98715983091125337        1.0534949821433496E-004 Fe
   4.0000000000000000       0.14141414141414141       0.25000000000000000       0.98599999999999999       0.11300000000000000       0.98715644492794818        1.0473528634796072E-004 Fe
   4.0000000000000000       0.14646464646464646       0.25000000000000000       0.98599999999999999       0.11300000000000000       0.98715305899243044        1.0412287884914541E-004 Fe
   4.0000000000000000       0.15151515151515152       0.25000000000000000       0.98599999999999999       0.11300000000000000       0.98714967310470048        1.0351227564191869E-004 Fe
   4.0000000000000000       0.15656565656565657       0.25000000000000000       0.98599999999999999       0.11300000000000000       0.98714628726475573        1.0290347664979231E-004 Fe
   4.0000000000000000       0.16161616161616163       0.25000000000000000       0.98599999999999999       0.11300000000000000       0.98714290147259598        1.0229648179670190E-004 Fe
   4.0000000000000000       0.16666666666666666       0.25000000000000000       0.98599999999999999       0.11300000000000000       0.98713951572821979        1.0169129100636664E-004 Fe
   4.0000000000000000       0.17171717171717171       0.25000000000000000       0.98599999999999999       0.11300000000000000       0.98713613003162604        1.0108790420256910E-004 Fe
   4.0000000000000000       0.17676767676767677       0.25000000000000000       0.98599999999999999       0.11300000000000000       0.98713274438281340        1.0048632130905593E-004 Fe
   4.0000000000000000       0.18181818181818182       0.25000000000000000       0.98599999999999999       0.11300000000000000       0.98712935878178143        9.9886542249734750E-005 Fe
   4.0000000000000000       0.18686868686868688       0.25000000000000000       0.98599999999999999       0.11300000000000000       0.98712597322852780        9.9288566948182319E-005 Fe
   4.0000000000000000       0.19191919191919191       0.25000000000000000       0.98599999999999999       0.11300000000000000       0.98712258772305272        9.8692395328430456E-005 Fe
   4.0000000000000000       0.19696969696969696       0.25000000000000000       0.98599999999999999       0.11300000000000000       0.98711920226535410        9.8098027314102838E-005 Fe
   4.0000000000000000       0.20202020202020202       0.25000000000000000       0.98599999999999999       0.11300000000000000       0.98711581685543082        9.7505462829003322E-005 Fe
   4.0000000000000000       0.20707070707070707       0.25000000000000000       0.98599999999999999       0.11300000000000000       0.98711243149328276        9.6914701797113303E-005 Fe
   4.0000000000000000       0.21212121212121213       0.25000000000000000       0.98599999999999999       0.11300000000000000       0.98710904617890760        9.6325744142029758E-005 Fe
   4.0000000000000000       0.21717171717171718       0.25000000000000000       0.98599999999999999       0.11300000000000000       0.98710566091230467        9.5738589787644081E-005 Fe
   4.0000000000000000       0.22222222222222221       0.25000000000000000       0.98599999999999999       0.11300000000000000       0.98710227569347320        9.5153238657831021E-005 Fe
   4.0000000000000000       0.22727272727272727       0.25000000000000000       0.98599999999999999       0.11300000000000000       0.98709889052241184        9.4569690676372427E-005 Fe
   4.0000000000000000       0.23232323232323232       0.25000000000000000       0.98599999999999999       0.11300000000000000       0.98709550539911872        9.3987945766958896E-005 Fe
   4.0000000000000000       0.23737373737373738       0.25000000000000000       0.98599999999999999       0.11300000000000000       0.98709212032359395        9.3408003853627850E-005 Fe
   4.0000000000000000       0.24242424242424243       0.25000000000000000       0.98599999999999999       0.11300000000000000       0.98708873529583530        9.2829864860020014E-005 Fe
   4.0000000000000000       0.24747474747474749       0.25000000000000000       0.98599999999999999       0.11300000000000000       0.98708535031584232        9.2253528710083878E-005 Fe
   4.0000000000000000       0.25252525252525254       0.25000000000000000       0.98599999999999999       0.11300000000000000       0.98708196538361381        9.1678995327638206E-005 Fe
   4.0000000000000000       0.25757575757575757       0.25000000000000000       0.98599999999999999       0.11300000000000000       0.98707858049914821        9.1106264636449207E-005 Fe
   4.0000000000000000       0.26262626262626265       0.25000000000000000       0.98599999999999999       0.11300000000000000       0.98707519566244473        9.0535336560418274E-005 Fe
   4.0000000000000000       0.26767676767676768       0.25000000000000000       0.98599999999999999       0.11300000000000000       0.98707181087350249        8.9966211023430947E-005 Fe
   4.0000000000000000       0.27272727272727271       0.25000000000000000       0.98599999999999999       0.11300000000000000       0.98706842613231949        8.9398887949189871E-005 Fe
   4.0000000000000000       0.27777777777777779       0.25000000000000000       0.98599999999999999       0.11300000000000000       0.98706504143889562        8.8833367261717885E-005 Fe
   4.0000000000000000       0.28282828282828282       0.25000000000000000       0.98599999999999999       0.11300000000000000       0.98706165679322877        8.8269648884706822E-005 Fe
   4.0000000000000000       0.28787878787878790       0.25000000000000000       0.98599999999999999       0.11300000000000000       0.98705827219531872        8.7707732742166902E-005 Fe
   4.0000000000000000       0.29292929292929293       0.25000000000000000       0.98599999999999999       0.11300000000000000       0.98705488764516391        8.7147618757889758E-005 Fe
   4.0000000000000000       0.29797979797979796       0.25000000000000000       0.98599999999999999       0.11300000000000000       0.98705150314276346        8.6589306855781081E-005 Fe
   4.0000000000000000       0.30303030303030304       0.25000000000000000       0.98599999999999999       0.11300000000000000       0.98704811868811559        8.6032796959603771E-005 Fe
   4.0000000000000000       0.30808080808080807       0.25000000000000000       0.98599999999999999       0.11300000000000000       0.98704473428121975        8.5478088993325334E-005 Fe
   4.0000000000000000       0.31313131313131315       0.25000000000000000       0.98599999999999999       0.11300000000000000       0.98704134992207437        8.4925182880752579E-005 Fe
   4.0000000000000000       0.31818181818181818       0.25000000000000000       0.98599999999999999       0.11300000000000000       0.98703796561067880        8.4374078545841098E-005 Fe
   4.0000000000000000       0.32323232323232326       0.25000000000000000       0.98599999999999999       0.11300000000000000       0.98703458134703170        8.3824775912440990E-005 Fe
   4.0000000000000000       0.32828282828282829       0.25000000000000000       0.98599999999999999       0.11300000000000000       0.98703119713113241        8.3277274904513848E-005 Fe
   4.0000000000000000       0.33333333333333331       0.25000000000000000       0.98599999999999999       0.11300000000000000       0.98702781296297859        8.2731575445755680E-005 Fe
   4.0000000000000000       0.33838383838383840       0.25000000000000000       0.98599999999999999       0.11300000000000000       0.98702442884256991        8.2187677460189120E-005 Fe
   4.0000000000000000       0.34343434343434343       0.25000000000000000       0.98599999999999999       0.11300000000000000       0.98702104476990549        8.1645580871749838E-005 Fe
   4.0000000000000000       0.34848484848484851       0.25000000000000000       0.98599999999999999       0.11300000000000000       0.98701766074498387        8.1105285604287972E-005 Fe
   4.0000000000000000       0.35353535353535354       0.25000000000000000       0.98599999999999999       0.11300000000000000       0.98701427676780384        8.0566791581693044E-005 Fe
   4.0000000000000000       0.35858585858585856       0.25000000000000000       0.98599999999999999       0.11300000000000000       0.98701089283836441        8.0030098727893432E-005 Fe
   4.0000000000000000       0.36363636363636365       0.25000000000000000       0.98599999999999999       0.11300000000000000       0.98700750895666434        7.9495206966785585E-005 Fe
   4.0000000000000000       0.36868686868686867       0.25000000000000000       0.98599999999999999       0.11300000000000000       0.98700412512270297        7.8962116222357049E-005 Fe
   4.0000000000000000       0.37373737373737376       0.25000000000000000       0.98599999999999999       0.11300000000000000       0.98700074133647819        7.8430826418371486E-005 Fe
   4.0000000000000000       0.37878787878787878       0.25000000000000000       0.98599999999999999       0.11300000000000000       0.98699735759798979        7.7901337478893028E-005 Fe
   4.0000000000000000       0.38383838383838381       0.25000000000000000       0.98599999999999999       0.11300000000000000       0.98699397390723576        7.7373649327710760E-005 Fe
   4.0000000000000000       0.38888888888888890       0.25000000000000000       0.98599999999999999       0.11300000000000000       0.98699059026421598        7.6847761888911923E-005 Fe
   4.0000000000000000       0.39393939393939392       0.25000000000000000       0.98599999999999999       0.11300000000000000       0.98698720666892881        7.6323675086344730E-005 Fe
   4.0000000000000000       0.39898989898989901       0.25000000000000000       0.98599999999999999       0.11300000000000000       0.98698382312137278        7.5801388843896170E-005 Fe
   4.0000000000000000       0.40404040404040403       0.25000000000000000       0.98599999999999999       0.11300000000000000       0.98698043962154758        7.5280903085627924E-005 Fe
   4.0000000000000000       0.40909090909090912       0.25000000000000000       0.98599999999999999       0.11300000000000000       0.98697705616945108        7.4762217735331569E-005 Fe
   4.0000000000000000       0.41414141414141414       0.25000000000000000       0.98599999999999999       0.11300000000000000       0.98697367276508297        7.4245332717075101E-005 Fe
   4.0000000000000000       0.41919191919191917       0.25000000000000000       0.98599999999999999       0.11300000000000000       0.98697028940844178        7.3730247954759603E-005 Fe
   4.0000000000000000       0.42424242424242425       0.25000000000000000       0.98599999999999999       0.11300000000000000       0.98696690609952642        7.3216963372340734E-005 Fe
   4.0000000000000000       0.42929292929292928       0.25000000000000000       0.98599999999999999       0.11300000000000000       0.98696352283833622        7.2705478893844572E-005 Fe
   4.0000000000000000       0.43434343434343436       0.25000000000000000       0.98599999999999999       0.11300000000000000       0.98696013962486906        7.2195794443082631E-005 Fe
   4.0000000000000000       0.43939393939393939       0.25000000000000000       0.98599999999999999       0.11300000000000000       0.98695675645912451        7.1687909944121524E-005 Fe
   4.0000000000000000       0.44444444444444442       0.25000000000000000       0.98599999999999999       0.11300000000000000       0.98695337334110123        7.1181825320897272E-005 Fe
   4.0000000000000000       0.44949494949494950       0.25000000000000000       0.98599999999999999       0.11300000000000000       0.98694999027079833        7.0677540497415855E-005 Fe
   4.0000000000000000       0.45454545454545453       0.25000000000000000       0.98599999999999999       0.11300000000000000       0.98694660724821393        7.0175055397538036E-005 Fe
   4.0000000000000000       0.45959595959595961       0.25000000000000000       0.98599999999999999       0.11300000000000000       0.98694322427334780        6.9674369945375709E-005 Fe
   4.0000000000000000       0.46464646464646464       0.25000000000000000       0.98599999999999999       0.11300000000000000       0.98693984134619894        6.9175484064927899E-005 Fe
   4.0000000000000000       0.46969696969696972       0.25000000000000000       0.98599999999999999       0.11300000000000000       0.98693645846676481        6.8678397679968825E-005 Fe
   4.0000000000000000       0.47474747474747475       0.25000000000000000       0.98599999999999999       0.11300000000000000       0.98693307563504584        6.8183110714717282E-005 Fe
   4.0000000000000000       0.47979797979797978       0.25000000000000000       0.98599999999999999       0.11300000000000000       0.98692969285104026        6.7689623093068863E-005 Fe
   4.0000000000000000       0.48484848484848486       0.25000000000000000       0.98599999999999999       0.11300000000000000       0.98692631011474685        6.7197934739004556E-005 Fe
   4.0000000000000000       0.48989898989898989       0.25000000000000000       0.98599999999999999       0.11300000000000000       0.98692292742616483        6.6708045576573154E-005 Fe
   4.0000000000000000       0.49494949494949497       0.25000000000000000       0.98599999999999999       0.11300000000000000       0.98691954478529220        6.6219955529650315E-005 Fe
   4.0000000000000000       0.50000000000000000       0.25000000000000000       0.98599999999999999       0.11300000000000000       0.98691616219212874        6.5733664522371892E-005 Fe
