 gamma g3f fuua tmp 
   1.9797979797979799        0.0000000000000000        2780.4269158874658        0.0000000000000000     
   1.9797979797979799        5.0505050505050509E-003   2780.4270843195691        0.0000000000000000     
   1.9797979797979799        1.0101010101010102E-002   2780.4272527516741        0.0000000000000000     
   1.9797979797979799        1.5151515151515152E-002   2780.4274211837810        0.0000000000000000     
   1.9797979797979799        2.0202020202020204E-002   2780.4275896158879        0.0000000000000000     
   1.9797979797979799        2.5252525252525252E-002   2780.4277580479975        0.0000000000000000     
   1.9797979797979799        3.0303030303030304E-002   2780.4279264801080        0.0000000000000000     
   1.9797979797979799        3.5353535353535352E-002   2780.4280949122203        0.0000000000000000     
   1.9797979797979799        4.0404040404040407E-002   2780.4282633443331        0.0000000000000000     
   1.9797979797979799        4.5454545454545456E-002   2780.4284317764473        0.0000000000000000     
   1.9797979797979799        5.0505050505050504E-002   2780.4286002085641        0.0000000000000000     
   1.9797979797979799        5.5555555555555552E-002   2780.4287686406815        0.0000000000000000     
   1.9797979797979799        6.0606060606060608E-002   2780.4289370728002        0.0000000000000000     
   1.9797979797979799        6.5656565656565663E-002   2780.4291055049207        0.0000000000000000     
   1.9797979797979799        7.0707070707070704E-002   2780.4292739370421        0.0000000000000000     
   1.9797979797979799        7.5757575757575760E-002   2780.4294423691654        0.0000000000000000     
   1.9797979797979799        8.0808080808080815E-002   2780.4296108012895        0.0000000000000000     
   1.9797979797979799        8.5858585858585856E-002   2780.4297792334155        0.0000000000000000     
   1.9797979797979799        9.0909090909090912E-002   2780.4299476655424        0.0000000000000000     
   1.9797979797979799        9.5959595959595953E-002   2780.4301160976706        0.0000000000000000     
   1.9797979797979799       0.10101010101010101        2780.4302845298007        0.0000000000000000     
   1.9797979797979799       0.10606060606060606        2780.4304529619317        0.0000000000000000     
   1.9797979797979799       0.11111111111111110        2780.4306213940645        0.0000000000000000     
   1.9797979797979799       0.11616161616161616        2780.4307898261986        0.0000000000000000     
   1.9797979797979799       0.12121212121212122        2780.4309582583342        0.0000000000000000     
   1.9797979797979799       0.12626262626262627        2780.4311266904706        0.0000000000000000     
   1.9797979797979799       0.13131313131313133        2780.4312951226093        0.0000000000000000     
   1.9797979797979799       0.13636363636363635        2780.4314635547489        0.0000000000000000     
   1.9797979797979799       0.14141414141414141        2780.4316319868899        0.0000000000000000     
   1.9797979797979799       0.14646464646464646        2780.4318004190322        0.0000000000000000     
   1.9797979797979799       0.15151515151515152        2780.4319688511750        0.0000000000000000     
   1.9797979797979799       0.15656565656565657        2780.4321372833215        0.0000000000000000     
   1.9797979797979799       0.16161616161616163        2780.4323057154675        0.0000000000000000     
   1.9797979797979799       0.16666666666666666        2780.4324741476144        0.0000000000000000     
   1.9797979797979799       0.17171717171717171        2780.4326425797644        0.0000000000000000     
   1.9797979797979799       0.17676767676767677        2780.4328110119150        0.0000000000000000     
   1.9797979797979799       0.18181818181818182        2780.4329794440669        0.0000000000000000     
   1.9797979797979799       0.18686868686868688        2780.4331478762201        0.0000000000000000     
   1.9797979797979799       0.19191919191919191        2780.4333163083747        0.0000000000000000     
   1.9797979797979799       0.19696969696969696        2780.4334847405312        0.0000000000000000     
   1.9797979797979799       0.20202020202020202        2780.4336531726890        0.0000000000000000     
   1.9797979797979799       0.20707070707070707        2780.4338216048482        0.0000000000000000     
   1.9797979797979799       0.21212121212121213        2780.4339900370082        0.0000000000000000     
   1.9797979797979799       0.21717171717171718        2780.4341584691692        0.0000000000000000     
   1.9797979797979799       0.22222222222222221        2780.4343269013325        0.0000000000000000     
   1.9797979797979799       0.22727272727272727        2780.4344953334967        0.0000000000000000     
   1.9797979797979799       0.23232323232323232        2780.4346637656631        0.0000000000000000     
   1.9797979797979799       0.23737373737373738        2780.4348321978300        0.0000000000000000     
   1.9797979797979799       0.24242424242424243        2780.4350006299983        0.0000000000000000     
   1.9797979797979799       0.24747474747474749        2780.4351690621688        0.0000000000000000     
   1.9797979797979799       0.25252525252525254        2780.4353374943398        0.0000000000000000     
   1.9797979797979799       0.25757575757575757        2780.4355059265131        0.0000000000000000     
   1.9797979797979799       0.26262626262626265        2780.4356743586868        0.0000000000000000     
   1.9797979797979799       0.26767676767676768        2780.4358427908619        0.0000000000000000     
   1.9797979797979799       0.27272727272727271        2780.4360112230388        0.0000000000000000     
   1.9797979797979799       0.27777777777777779        2780.4361796552171        0.0000000000000000     
   1.9797979797979799       0.28282828282828282        2780.4363480873963        0.0000000000000000     
   1.9797979797979799       0.28787878787878790        2780.4365165195777        0.0000000000000000     
   1.9797979797979799       0.29292929292929293        2780.4366849517601        0.0000000000000000     
   1.9797979797979799       0.29797979797979796        2780.4368533839433        0.0000000000000000     
   1.9797979797979799       0.30303030303030304        2780.4370218161293        0.0000000000000000     
   1.9797979797979799       0.30808080808080807        2780.4371902483153        0.0000000000000000     
   1.9797979797979799       0.31313131313131315        2780.4373586805032        0.0000000000000000     
   1.9797979797979799       0.31818181818181818        2780.4375271126924        0.0000000000000000     
   1.9797979797979799       0.32323232323232326        2780.4376955448829        0.0000000000000000     
   1.9797979797979799       0.32828282828282829        2780.4378639770748        0.0000000000000000     
   1.9797979797979799       0.33333333333333331        2780.4380324092690        0.0000000000000000     
   1.9797979797979799       0.33838383838383840        2780.4382008414636        0.0000000000000000     
   1.9797979797979799       0.34343434343434343        2780.4383692736601        0.0000000000000000     
   1.9797979797979799       0.34848484848484851        2780.4385377058570        0.0000000000000000     
   1.9797979797979799       0.35353535353535354        2780.4387061380562        0.0000000000000000     
   1.9797979797979799       0.35858585858585856        2780.4388745702568        0.0000000000000000     
   1.9797979797979799       0.36363636363636365        2780.4390430024582        0.0000000000000000     
   1.9797979797979799       0.36868686868686867        2780.4392114346620        0.0000000000000000     
   1.9797979797979799       0.37373737373737376        2780.4393798668657        0.0000000000000000     
   1.9797979797979799       0.37878787878787878        2780.4395482990717        0.0000000000000000     
   1.9797979797979799       0.38383838383838381        2780.4397167312786        0.0000000000000000     
   1.9797979797979799       0.38888888888888890        2780.4398851634874        0.0000000000000000     
   1.9797979797979799       0.39393939393939392        2780.4400535956979        0.0000000000000000     
   1.9797979797979799       0.39898989898989901        2780.4402220279094        0.0000000000000000     
   1.9797979797979799       0.40404040404040403        2780.4403904601218        0.0000000000000000     
   1.9797979797979799       0.40909090909090912        2780.4405588923360        0.0000000000000000     
   1.9797979797979799       0.41414141414141414        2780.4407273245511        0.0000000000000000     
   1.9797979797979799       0.41919191919191917        2780.4408957567684        0.0000000000000000     
   1.9797979797979799       0.42424242424242425        2780.4410641889867        0.0000000000000000     
   1.9797979797979799       0.42929292929292928        2780.4412326212059        0.0000000000000000     
   1.9797979797979799       0.43434343434343436        2780.4414010534274        0.0000000000000000     
   1.9797979797979799       0.43939393939393939        2780.4415694856498        0.0000000000000000     
   1.9797979797979799       0.44444444444444442        2780.4417379178735        0.0000000000000000     
   1.9797979797979799       0.44949494949494950        2780.4419063500982        0.0000000000000000     
   1.9797979797979799       0.45454545454545453        2780.4420747823251        0.0000000000000000     
   1.9797979797979799       0.45959595959595961        2780.4422432145529        0.0000000000000000     
   1.9797979797979799       0.46464646464646464        2780.4424116467821        0.0000000000000000     
   1.9797979797979799       0.46969696969696972        2780.4425800790127        0.0000000000000000     
   1.9797979797979799       0.47474747474747475        2780.4427485112451        0.0000000000000000     
   1.9797979797979799       0.47979797979797978        2780.4429169434784        0.0000000000000000     
   1.9797979797979799       0.48484848484848486        2780.4430853757131        0.0000000000000000     
   1.9797979797979799       0.48989898989898989        2780.4432538079486        0.0000000000000000     
   1.9797979797979799       0.49494949494949497        2780.4434222401869        0.0000000000000000     
   1.9797979797979799       0.50000000000000000        2780.4435906724257        0.0000000000000000     
