 x up dp u1 d1 u2 d2
   0.0000000000000000        0.0000000000000000        0.0000000000000000        0.0000000000000000        0.0000000000000000        0.0000000000000000        0.0000000000000000     
   4.0000001899898052E-003   55.590235806375738        47.227405164989115        46.088873186391154        39.007909206225584        42.040383211954989        35.675937586312621     
   8.0000003799796104E-003   24.667441898178673        18.778228403849035        20.955290962969126        15.825687864188065        19.269151144152801        14.619599177779179     
   1.2000000104308128E-002   15.570775770519624        10.825367773326940        13.482102601229279        9.2600711710477253        12.469516802889734        8.6187001970632480     
   1.6000000759959221E-002   11.312293552366910        7.2619107155136060        9.9569202297945001        6.2907224737301748        9.2502422457215250        5.8902781830894053     
   2.0000001415610313E-002   8.8642900301942333        5.2931877848634352        7.9147117669461240        4.6367329616351087        7.3806866525929680        4.3635151341068932     
   2.4000000208616257E-002   7.2818077023416459        4.0667247003506484        6.5852911055784391        3.5981958413851389        6.1575758873220137        3.4009736039109897     
   2.8000000864267349E-002   6.1773298196340241        3.2401649466101756        5.6492241624260737        2.8928228264102640        5.2943968395238299        2.7444496321385676     
   3.2000001519918442E-002   5.3625660634039480        2.6502578124773151        4.9526771840784880        2.3862381309747867        4.6502261504900426        2.2712592934772626     
   3.6000002175569534E-002   4.7373361086965646        2.2118635875106376        4.4133632222904122        2.0071961965891636        4.1500450471082804        1.9160968241833127     
   4.0000002831220627E-002   4.2429894180181478        1.8761055740331318        3.9813806341955762        1.7140697020552966        3.7482851985780270        1.6405665500185860     
   4.4000003486871719E-002   3.8411525910833633        1.6112144657431233        3.6274009507809226        1.4817446435788209        3.4182569163331999        1.4215634484468684     
   4.8000000417232513E-002   3.5088703449574479        1.3988220275988736        3.3301055397007087        1.2936265388522368        3.1401120068519064        1.2436876403157529     
   5.2000001072883606E-002   3.2287066206492456        1.2249363901370760        3.0772060193837354        1.1387842074515553        2.9028718122571684        1.0968754861218613     
   5.6000001728534698E-002   2.9890626205315485        1.0804111323226733        2.8583956502425663        1.0094187293658234        2.6969484501648426       0.97388790039637618     
   6.0000002384185791E-002   2.7822567289096507       0.95946455560967836        2.6667093793217806       0.89994888421357355        2.5159570378511820       0.86954587234572756     
   6.4000003039836884E-002   2.6010849977959443       0.85646240034913756        2.4976663485489143       0.80637953269862650        2.3559411721642163       0.78015044288585456     
   6.8000003695487976E-002   2.4411299131962183       0.76806824927224049        2.3470774414722544       0.72570463292708587        2.2130223280481629       0.70288770560217251     
   7.2000004351139069E-002   2.2992426290666503       0.69205183100601542        2.2119119140535553       0.65558626007296161        2.0843540387345052       0.63556548844869898     
   7.6000005006790161E-002   2.1718303161613202       0.62573036198502396        2.0901212780152321       0.59417366703595043        1.9680619647194322       0.57645991102576810     
   8.0000005662441254E-002   2.0567804478264708       0.56750371615483530        1.9796236284447368       0.54009151744532946        1.8624770231124612       0.52431251063300599     
   8.4000006318092346E-002   1.9525319004489405       0.51630148985241109        1.8787396242326513       0.49223334207665936        1.7662016072266737       0.47810309940086632     
   8.8000006973743439E-002   1.8576680028386678       0.47114060092832732        1.7862784586805243       0.44961760979576781        1.6781691695519574       0.43690437204481608     
   9.2000007629394531E-002   1.7705335401000977       0.43087424452847778        1.7013261508203206       0.41145958835745045        1.5973878577674192       0.39996296132510156     
   9.6000000834465027E-002   1.6902785880741156       0.39485469654149047        1.6229169259095286       0.37723617913931839        1.5228333056403689       0.36678979702732056     
  0.10000000149011612        1.6161319763726119       0.36251869549620291        1.5502501645484619       0.34649390497096549        1.4536756435991216       0.33695875881815468     
  0.10400000214576721        1.5475457097551597       0.33357471308356879        1.4826837410059490       0.31881461796399413        1.3892670299647467       0.31007170039083448     
  0.10800000280141830        1.4837723353928074       0.30749947667666705        1.4198120739087259       0.29370736208761322        1.3292586591132844       0.28564579175482269     
  0.11200000345706940        1.4240816240784371       0.28382702595969206        1.3611243955341996       0.27089884479739262        1.2732058893829459       0.26343172813828286     
  0.11600000411272049        1.3681764065046766       0.26231983094601435        1.3061555655055215       0.25017623136786243        1.2206925041193832       0.24323806702703701     
  0.12000000476837158        1.3157293323981085       0.24271143722411403        1.2545113754215811       0.23134686434709070        1.1713619745143100       0.22488855593772500     
  0.12400000542402267        1.2664309145973660       0.22488882458014345        1.2058641318031391       0.21423262447939875        1.1249122927299133       0.20821724784764828     
  0.12800000607967377        1.2200413293590768       0.20873494162501094        1.1600770310628483       0.19859523864184461        1.0811712186726641       0.19298606664756832     
  0.13199999928474426        1.1762377555382180       0.19396404945001128        1.1168950790681667       0.18426423419569149        1.0399064885338802       0.17902588956563592     
  0.13600000739097595        1.1347689266121912       0.18035359350066082        1.0760359415563392       0.17111672637397160        1.0008770175530171       0.16621755524568668     
  0.14000000059604645        1.0954493065885627       0.16783167250679831        1.0372599501420359       0.15904350687250032       0.96387468599738446       0.15445510465358764     
  0.14400000870227814        1.0580590241485368       0.15633423821025383        1.0003615003077775       0.14794698580615417       0.92871791696851569       0.14364380071401278     
  0.14800000190734863        1.0224804078160434       0.14574831965521123       0.96516902267902149       0.13773837474385436       0.89525222222504675       0.13369738523918798     
  0.15200001001358032       0.98856365239078059       0.13598745517649022       0.93162927291684916       0.12830742802691772       0.86341191260281602       0.12450826346009393     
  0.15600000321865082       0.95620665214227085       0.12696964450287873       0.89964774035114192       0.11958021879054408       0.83308953159462418       0.11600440034114116     
  0.16000001132488251       0.92529336676526874       0.11863085950796194       0.86910460674386747       0.11150297043297844       0.80416053635920559       0.10813351566379051     
  0.16400000452995300       0.89570971309575764       0.11091662586886412       0.83989335404887155       0.10402658595275074       0.77651504270673588       0.10084786681670928     
  0.16800001263618469       0.86738805091466487       0.10376671051041966       0.81191812857798140        9.7106003209820907E-002  0.75005495970221026        9.4103624566346203E-002
  0.17200000584125519       0.84023255749273151        9.7136004811955529E-002  0.78509316212423241        9.0700031259941000E-002  0.72469313396496904        8.7860716872170383E-002
  0.17600001394748688       0.81416379767941238        9.0982305367968849E-002  0.75934180631950599        8.4768840011842303E-002  0.70035234899196519        8.2080233974609326E-002
  0.18000000715255737       0.78913157398268108        8.5262229388854860E-002  0.73460894639875862        7.9258366582227735E-002  0.67698002908611932        7.6708368435648988E-002
  0.18400001525878906       0.76506015514527770        7.9942891023754833E-002  0.71084357967036227        7.4132214087909626E-002  0.65453018348445191        7.1710189806263661E-002
  0.18800000846385956       0.74188889852317030        7.4993033980134849E-002  0.68799633786664105        6.9361861764682745E-002  0.63295785416155370        6.7058712717828983E-002
  0.19200000166893005       0.71958062976342885        7.0380469571830973E-002  0.66602060395004448        6.4921204988237183E-002  0.61222024730636604        6.2729148952655689E-002
  0.19600000977516174       0.69807909286739922        6.6080427708915021E-002  0.64487260364445442        6.0786373609081665E-002  0.59227690114785403        5.8698756918682364E-002
  0.20000000298023224       0.67733453488971118        6.2070103252292133E-002  0.62451143050178370        5.6935546715051522E-002  0.57308977291851548        5.4946683322712506E-002
  0.20400001108646393       0.65731767131914931        5.8325289516147523E-002  0.60489833426993700        5.3348656197649613E-002  0.55462262294731712        5.1453692562518590E-002
  0.20800000429153442       0.63798895163080593        5.4826589379672892E-002  0.58599340348171169        5.0006378124169894E-002  0.53683555873437483        4.8200991093396477E-002
  0.21200001239776611       0.61930850893455780        5.1556845528891164E-002  0.56774883578352264        4.6887395955890962E-002  0.51967510587058396        4.5166992269554312E-002
  0.21600000560283661       0.60124722580076462        4.8498832836922419E-002  0.55013486870673289        4.3974765061651148E-002  0.50311477985616126        4.2334931006455072E-002
  0.22000001370906830       0.58377929033673681        4.5636417038160661E-002  0.53312454772191675        4.1253329088651210E-002  0.48713136168460686        3.9689888462577781E-002
  0.22400000691413879       0.56687457984264855        4.2956168448764299E-002  0.51669243282372190        3.8709275878154578E-002  0.47170262443851407        3.7218274961688495E-002
  0.22800001502037048       0.55050511604315400        4.0445640615586399E-002  0.50081404339005497        3.6329928411051267E-002  0.45680687918722002        3.4907623909239564E-002
  0.23200000822544098       0.53464956479539916        3.8092433596026765E-002  0.48546629515032474        3.4103702643561516E-002  0.44242344074213164        3.2746548321146679E-002
  0.23600001633167267       0.51928631670827097        3.5885448257292056E-002  0.47062697647810098        3.2019934888259605E-002  0.42853218464133436        3.0724570934910832E-002
  0.24000000953674316       0.50439399806039076        3.3814785973492814E-002  0.45627515500897631        3.0068857171639662E-002  0.41511396905313452        2.8832098313639941E-002
  0.24400001764297485       0.48995214562447975        3.1871292921658391E-002  0.44237638933315687        2.8242823639662025E-002  0.40213411840885910        2.7061670339501048E-002
  0.24800001084804535       0.47594156824013134        3.0046362888665967E-002  0.42889568548248458        2.6534858543641616E-002  0.38955540914992792        2.5406525400761389E-002
  0.25200000405311584       0.46234622024464889        2.8331948068027062E-002  0.41582412368293487        2.4936063494000304E-002  0.37736890861201494        2.3857953028249029E-002
  0.25600001215934753       0.44915116008354578        2.6720649744513030E-002  0.40315264347833873        2.3438281681126584E-002  0.36556562267947473        2.2407968709596254E-002
  0.26000002026557922       0.43634206734167991        2.5205660717805237E-002  0.39087196196616963        2.2034060307355920E-002  0.35413637070769632        2.1049277764455199E-002
  0.26399999856948853       0.42390116510145481        2.3781005997343060E-002  0.37897261336031646        2.0716576577659480E-002  0.34307182260107655        1.9775202851945728E-002
  0.26800000667572021       0.41181437322061187        2.2440834372856718E-002  0.36744472912837478        1.9479544467024934E-002  0.33236229415156687        1.8579593027692971E-002
  0.27200001478195190       0.40007155861844168        2.1179512218712015E-002  0.35627864184483338        1.8317222008152494E-002  0.32199830881081482        1.7456830057279254E-002
  0.27600002288818359       0.38866266587709208        1.9991829043931802E-002  0.34546458264562302        1.7224322234251237E-002  0.31197031561030564        1.6401741677234818E-002
  0.28000000119209290       0.37757583077432416        1.8873161379279201E-002  0.33499175315077451        1.6196133840546582E-002  0.30226777757803414        1.5409723465947480E-002
  0.28400000929832458       0.36679349209605877        1.7819726862303029E-002  0.32481855171201574        1.5232175674800260E-002  0.29285024484341149        1.4480412508182878E-002
  0.28800001740455627       0.35630807721785196        1.6827270150381320E-002  0.31492656601919927        1.4329418331767752E-002  0.28369982642109715        1.3610848738371931E-002
  0.29200002551078796       0.34611295972301143        1.5891757824360343E-002  0.30531315558097988        1.3483155770802759E-002  0.27481397909613176        1.2796376040650176E-002
  0.29600000381469727       0.33620151391347902        1.5009465165118925E-002  0.29597519201742495        1.2689076414078820E-002  0.26618969048597430        1.2032731185335049E-002
  0.30000001192092896       0.32656257300572489        1.4177289892871736E-002  0.28690887138350546        1.1943204124149762E-002  0.25782330900142847        1.1315985704053108E-002
  0.30400002002716064       0.31718018547421006        1.3392832740515179E-002  0.27811021149991100        1.1241902334877268E-002  0.24971100605869262        1.0642548631371341E-002
  0.30800002813339233       0.30804980941003962        1.2652945781736664E-002  0.26957484090017453        1.0581821491823504E-002  0.24184858359390152        1.0009114840616947E-002
  0.31200000643730164       0.29916727783863561        1.1954676377448258E-002  0.26129818823267748        9.9598838539148773E-003  0.23423165100308674        9.4126494555037236E-003
  0.31600001454353333       0.29052803119923781        1.1295273994889376E-002  0.25327529132116355        9.3732419161778307E-003  0.22685545140633390        8.8503470169772960E-003
  0.32000002264976501       0.28212473929796866        1.0672433710825487E-002  0.24550121278133441        8.8192854524659428E-003  0.21971524595143588        8.3196373962526986E-003
  0.32400000095367432       0.27394051871560016        1.0084814531981012E-002  0.23796279163238571        8.2966463059389040E-003  0.21279851547122516        7.8192045020390125E-003
  0.32800000905990601       0.26597121921846145        9.5301820946107948E-003  0.23062356249396532        7.8071065003550112E-003  0.20607057795897402        7.3509249516411383E-003
  0.33200001716613770       0.25821438199884117        9.0063403900465227E-003  0.22347944409819356        7.3485040732456115E-003  0.19952724972705330        6.9126829601704161E-003
  0.33600002527236938       0.25066722804327413        8.5112474133104445E-003  0.21652959565958727        6.9183997789000386E-003  0.19316743889672552        6.5020778046380560E-003
  0.34000000357627869       0.24332681119573027        8.0430107624667336E-003  0.20977282610780551        6.5145475252319247E-003  0.18698975013628219        6.1168998800453789E-003
  0.34400001168251038       0.23618010719461810        7.6005960902872571E-003  0.20320744769542645        6.1348668631948881E-003  0.18099234988142232        5.7551038419570554E-003
  0.34800001978874207       0.22921652474670204        7.1829464503156302E-003  0.19683162549763478        5.7774469314434054E-003  0.17517328503130572        5.4148118077073379E-003
  0.35200002789497375       0.22243495727045057        6.7883959457970613E-003  0.19064321581495167        5.4405208829603037E-003  0.16953033426311673        5.0942884533066351E-003
  0.35600000619888306       0.21583404303549947        6.4153988395021823E-003  0.18463989841305042        5.1224594562205511E-003  0.16406112802598796        4.7919344186388053E-003
  0.36000001430511475       0.20941200951175620        6.0625096058049555E-003  0.17881903282730660        4.8217508796348394E-003  0.15876301703437795        4.5062667474352388E-003
  0.36400002241134644       0.20316692398955497        5.7283970009223461E-003  0.17317795588269194        4.5370050265656934E-003  0.15363334268018883        4.2359224280414743E-003
  0.36800003051757812       0.19708571127301930        5.4125907951689464E-003  0.16771376820863451        4.2669421698173868E-003  0.14866924259728939        3.9796477359510911E-003
  0.37200000882148743       0.19115971830004128        5.1143913706804866E-003  0.16240438587979911        4.0127505610611037E-003  0.14385055106052183        3.7386705812989859E-003
  0.37600001692771912       0.18538822429449775        4.8325922390813365E-003  0.15723332665706327        3.7750045864015985E-003  0.13916203947343656        3.5135982943658066E-003
  0.38000002503395081       0.17977038344181298        4.5660763047668407E-003  0.15220019461966630        3.5523861121143402E-003  0.13460296649794717        3.3031313633942396E-003
  0.38400000333786011       0.17430511812169788        4.3138026131232894E-003  0.14730434867938921        3.3436731515765956E-003  0.13017239524790067        3.1060657454232599E-003
  0.38800001144409180       0.16899102967960841        4.0747956378496195E-003  0.14254482662640541        3.1477284400599809E-003  0.12586912276226422        2.9212817044196450E-003
  0.39200001955032349       0.16382158236860778        3.8484941110859443E-003  0.13792058835221935        2.9635018820298267E-003  0.12169189834310401        2.7477457783606110E-003
  0.39600002765655518       0.15878348893546504        3.6348493129008700E-003  0.13343039266021747        2.7900182764809644E-003  0.11763931044735980        2.5844988628620081E-003
  0.40000000596046448       0.15387604827768414        3.4330254556440630E-003  0.12907288639379208        2.6263742568450330E-003  0.11370986569869898        2.4306530312573991E-003
  0.40400001406669617       0.14909881428110969        3.2422009983067907E-003  0.12484649454099944        2.4717284324370431E-003  0.10990188853757876        2.2853819732234913E-003
  0.40800002217292786       0.14445124429467285        3.0616134485160203E-003  0.12074963146696031        2.3253037379885521E-003  0.10621371043803811        2.1479229399487664E-003
  0.41200003027915955       0.13993257466818146        2.8905494558088586E-003  0.11678058557478152        2.1863781382611019E-003  0.10264356474847718        2.0175677592343100E-003
  0.41600000858306885       0.13554191070124530        2.7283440126680595E-003  0.11293759385101826        2.0542827318396312E-003   9.9189652788504001E-002   1.8936608280060597E-003
  0.42000001668930054       0.13127041350035237        2.5748664571956454E-003  0.10921437311638313        1.9289379120696682E-003   9.5846257932110115E-002   1.7761361547516737E-003
  0.42400002479553223       0.12710879652133614        2.4300594094862366E-003  0.10559249069950084        1.8118220431725611E-003   9.2597096229170742E-002   1.6664889020449117E-003
  0.42800003290176392       0.12305687756583054        2.2933098983799966E-003  0.10206935456620167        1.7024653415319670E-003   8.9439623931658926E-002   1.5642657852955708E-003
  0.43200001120567322       0.11911434573253737        2.1640449732383657E-003   9.8644054292301844E-002   1.6002275776997651E-003   8.6372772263794001E-002   1.4688420516672106E-003
  0.43600001931190491       0.11528065058293623        2.0417259698951576E-003   9.5315522525979468E-002   1.5045098720003103E-003   8.3395348330452465E-002   1.3796336515415853E-003
  0.44000002741813660       0.11155519420751647        1.9258518024990686E-003   9.2082698301755458E-002   1.4147562721576253E-003   8.0506180245751610E-002   1.2960985561970193E-003
  0.44400003552436829       0.10793722736680454        1.8159527574378976E-003   8.8944433223405242E-002   1.3304478983427281E-003   7.7704032113015589E-002   1.2177311523392941E-003
  0.44800001382827759       0.10442231756823013        1.7118175438462049E-003   8.5899548117133295E-002   1.2511017415427145E-003   7.4987653736992788E-002   1.1440609862518841E-003
  0.45200002193450928       0.10099962735705613        1.6136559056725841E-003   8.2946750108688752E-002   1.1762659312066523E-003   7.2355705832007344E-002   1.0746482390267932E-003
  0.45600003004074097        9.7668351156294880E-002   1.5210736716327247E-003   8.0084775918680740E-002   1.1055210966524193E-003   6.9806887059599337E-002   1.0090848664497333E-003
  0.46000000834465027        9.4428201889398128E-002   1.4336632801077312E-003   7.7312326541851620E-002   1.0384763404109178E-003   6.7339874951906048E-002   9.4699074554600155E-004
  0.46400001645088196        9.1278710013796824E-002   1.3510408598461619E-003   7.4628014439470231E-002   9.7476606199929444E-004   6.4953278335190726E-002   8.8801062486554803E-004
  0.46800002455711365        8.8219379311578291E-002   1.2728484992408718E-003   7.2030492024328624E-002   9.1405109090908921E-004   6.2645751030652411E-002   8.3181507188705140E-004
  0.47200003266334534        8.5249599697803727E-002   1.1987500835171202E-003   6.9517774945111008E-002   8.5609735263634211E-004   6.0415436284252444E-002   7.7817819410985127E-004
  0.47600001096725464        8.2368702057939586E-002   1.1284310557927741E-003   6.7079426768026917E-002   8.0184973551602383E-004   5.8253592089006614E-002   7.2803759941056031E-004
  0.48000001907348633        7.9570557094508415E-002   1.0619268299859276E-003   6.4711185804301075E-002   7.5139896698501649E-004   5.6156402963891315E-002   6.8148987084162426E-004
  0.48400002717971802        7.6848035971322462E-002   9.9935596327242185E-004   6.2411959076878049E-002   7.0442660089724642E-004   5.4122633515621618E-002   6.3822777299353095E-004
  0.48800003528594971        7.4200801222198340E-002   9.4042605719239021E-004   6.0180628062995824E-002   6.6063387563483210E-004   5.2151043255934525E-002   5.9796317905009319E-004
  0.49200001358985901        7.1628479069928003E-002   8.8486159050084627E-004   5.8016085823901824E-002   6.1974120877700571E-004   5.0240418348125530E-002   5.6042654177017271E-004
  0.49600002169609070        6.9130569022146260E-002   8.3240255279730911E-004   5.5917175112845344E-002   5.8148581853729401E-004   4.8389515965449915E-002   5.2536464766894339E-004
  0.50000000000000000        6.6706583430094904E-002   7.8280627029826667E-004   5.3882802121353261E-002   5.4562270510324082E-004   4.6597163697078746E-002   4.9254145729878476E-004
  0.50400000810623169        6.4355904837685440E-002   7.3584332121612935E-004   5.1911813238887640E-002   5.1192134697960264E-004   4.4862149966461741E-002   4.6173502081512725E-004
  0.50800001621246338        6.2077919544189342E-002   6.9129928796200454E-004   5.0003104066731210E-002   4.8016666078200206E-004   4.3183319270229711E-002   4.3273830322802933E-004
  0.51200002431869507        5.9870145822941430E-002   6.4909744834266015E-004   4.8155559671328799E-002   4.5015700732985978E-004   4.1559518747422343E-002   4.0535730873793335E-004
  0.51600003242492676        5.7725337329169651E-002   6.0948892570230305E-004   4.6368071478887912E-002   4.2170364808258336E-004   3.9989612336768995E-002   3.7941053658659395E-004
  0.52000004053115845        5.5642226891772097E-002   5.7230669259521465E-004   4.4639538407346351E-002   3.9462994518677723E-004   3.8472481086555266E-002   3.5472820448520764E-004
  0.52400004863739014        5.3620123588796968E-002   5.3735377501931659E-004   4.2968867936576775E-002   3.6877063153027136E-004   3.7007023456784936E-002   3.3115153957991380E-004
  0.52799999713897705        5.1658342880147368E-002   5.0444532059014217E-004   4.1354927130171248E-002   3.4398644221980131E-004   3.5592127141863925E-002   3.0854693838665108E-004
  0.53200000524520874        4.9756093462972335E-002   4.7340599314454987E-004   3.9793333665686374E-002   3.2077661760760280E-004   3.4224478114073739E-002   2.8740021521714515E-004
  0.53600001335144043        4.7912655311462958E-002   4.4407227771684870E-004   3.8281132954431606E-002   2.9932958498305509E-004   3.2901667605198463E-002   2.6789713837158856E-004
  0.54000002145767212        4.6127264302154053E-002   4.1628989680677530E-004   3.6817064866999365E-002   2.7949208472647990E-004   3.1622418339901120E-002   2.4989238531268973E-004
  0.54400002956390381        4.4399144141437398E-002   3.8991375665640938E-004   3.5399904135071325E-002   2.6111985179225422E-004   3.0385494166501204E-002   2.3324919517081808E-004
  0.54800003767013550        4.2725730420122461E-002   3.6494166108928171E-004   3.4028459344180161E-002   2.4407711306559431E-004   2.9189698565739264E-002   2.1783888925491272E-004
  0.55200004577636719        4.1101976297518709E-002   3.4157132184822671E-004   3.2701571898323289E-002   2.2823609796525962E-004   2.8033873168652090E-002   2.0354040451860800E-004
  0.55600005388259888        3.9527106674444187E-002   3.1968936611115708E-004   3.1418115017695446E-002   2.1347658885767867E-004   2.6916896340914074E-002   1.9023986507837634E-004
  0.56000000238418579        3.8000559355714149E-002   2.9917467003965828E-004   3.0177011018067634E-002   1.9968569621870691E-004   2.5837697687703810E-002   1.7783035676235742E-004
  0.56400001049041748        3.6521692801498112E-002   2.7991203936894663E-004   2.8977156974046146E-002   1.8675664196973312E-004   2.4795192945368683E-002   1.6621081120871798E-004
  0.56800001859664917        3.5089924265320670E-002   2.6179366737097854E-004   2.7817534828569360E-002   1.7458962338932321E-004   2.3788379270685764E-002   1.5528676314536147E-004
  0.57200002670288086        3.3704639630786688E-002   2.4471754159067517E-004   2.6697135890445072E-002   1.6309061512974105E-004   2.2816269146972327E-002   1.4496925309761603E-004
  0.57600003480911255        3.2365217934622582E-002   2.2858742743181801E-004   2.5614978824984536E-002   1.5217125076284369E-004   2.1877905631792132E-002   1.3517470323728744E-004
  0.58000004291534424        3.1071032672661234E-002   2.1331255507627542E-004   2.4570108814367338E-002   1.4174850496884473E-004   2.0972361247179064E-002   1.2582461452050761E-004
  0.58400005102157593        2.9821336792858536E-002   1.9881773199233345E-004   2.3561596811613499E-002   1.3174440053550897E-004   2.0098736973006997E-002   1.1684528738494879E-004
  0.58799999952316284        2.8612765664860446E-002   1.8526074084492360E-004   2.2588556040527581E-002   1.2210386645588155E-004   1.9256203522707016E-002   1.0818475762704635E-004
  0.59200000762939453        2.7443343168300063E-002   1.7265518306751627E-004   2.1650049455778069E-002   1.1312904959690237E-004   1.8444419767993131E-002   1.0013030867101765E-004
  0.59600001573562622        2.6312274321845668E-002   1.6091759863192458E-004   2.0744954162345484E-002   1.0489844591592319E-004   1.7662518900775307E-002   9.2757677659045679E-005
  0.60000002384185791        2.5218761739870810E-002   1.4996888100799713E-004   1.9872119501204766E-002   9.7345589072355643E-005   1.6909387857802490E-002   8.6005106277327434E-005
