 z up dp u1 d1 u2 d2
   0.0000000000000000        0.0000000000000000        0.0000000000000000        0.0000000000000000        0.0000000000000000        0.0000000000000000        0.0000000000000000     
  0.20000000298023224        4.0358529611480343        2.6516736345339296       0.48501343522797391       0.29470286828396819       0.48501343522797391       0.29470286828396819     
  0.25000000000000000        3.0123208197797968        1.9724279042665391       0.36451382560029449       0.22262231439419489       0.36451382560029449       0.22262231439419489     
  0.30000001192092896        2.3037448502570093        1.3756992713328211       0.27830559457095544       0.15758472394914036       0.27830559457095544       0.15758472394914036     
  0.35000002384185791        1.7625825249057643       0.93837042022976291       0.21104685800872378       0.10861603648981627       0.21104685800872378       0.10861603648981627     
  0.40000000596046448        1.3378197367095892       0.64744683390458124       0.15869276274168218        7.5571527205807190E-002  0.15869276274168218        7.5571527205807190E-002
  0.45000001788139343        1.0108159425033711       0.45977617538393628       0.11877936383706547        5.3943095305024377E-002  0.11877936383706547        5.3943095305024377E-002
  0.50000000000000000       0.76914994422651384       0.33504206347708781        8.9743327473370119E-002   3.9447268268559627E-002   8.9743327473370119E-002   3.9447268268559627E-002
  0.55000001192092896       0.59760069545989092       0.24587027271701811        6.9447183894929765E-002   2.9012359598682706E-002   6.9447183894929765E-002   2.9012359598682706E-002
  0.60000002384185791       0.47789140361533233       0.17749035865832813        5.5439590539291733E-002   2.0920934979318465E-002   5.5439590539291733E-002   2.0920934979318465E-002
  0.64999997615814209       0.39266203991271365       0.12273185115037535        4.5563331800307125E-002   1.4446091992770228E-002   4.5563331800307125E-002   1.4446091992770228E-002
  0.70000004768371582       0.32719179408505999        7.9344908863829708E-002   3.7911251645038890E-002   9.2971936174130482E-003   3.7911251645038890E-002   9.2971936174130482E-003
  0.75000000000000000       0.27054208117169865        4.6461697834383676E-002   3.1203681695226040E-002   5.3995146135724943E-003   3.1203681695226040E-002   5.3995146135724943E-003
  0.80000007152557373       0.21595407814978154        2.3490415798080040E-002   2.4675590561414915E-002   2.7020827164662732E-003   2.4675590561414915E-002   2.7020827164662732E-003
  0.85000002384185791       0.16039779837303711        9.4390906366064418E-003   1.8036475501608064E-002   1.0700352467646916E-003   1.8036475501608064E-002   1.0700352467646916E-003
  0.89999997615814209       0.10365516725312530        2.5075690074736149E-003   1.1359265639004228E-002   2.7821082513475987E-004   1.1359265639004228E-002   2.7821082513475987E-004
