 pt up dp u1 d1 u2 d2
   0.0000000000000000        0.0000000000000000        0.0000000000000000        0.0000000000000000        0.0000000000000000        0.0000000000000000        0.0000000000000000     
   9.9999997764825821E-003  0.47789146291316220       0.17749038909453124        5.5439597399661110E-002   2.0920938571779894E-002   5.5439597399661110E-002   2.0920938571779894E-002
   1.9999999552965164E-002  0.47703704970044036       0.17717305734591821        5.5439319411213245E-002   2.0920833668795130E-002   5.5439319411213245E-002   2.0920833668795130E-002
   2.9999999329447746E-002  0.47557047775513833       0.17662836792288483        5.5404988507136432E-002   2.0907878402721913E-002   5.5404988507136432E-002   2.0907878402721913E-002
   3.9999999105930328E-002  0.47352698612341970       0.17586940871776680        5.5363503796624039E-002   2.0892223543722103E-002   5.5363503796624039E-002   2.0892223543722103E-002
   4.9999997019767761E-002  0.47091936680074159       0.17490093071782270        5.5311954221800651E-002   2.0872770561758555E-002   5.5311954221800651E-002   2.0872770561758555E-002
   5.9999998658895493E-002  0.46775146462134459       0.17372436190655527        5.5249439964968450E-002   2.0849179897533161E-002   5.5249439964968450E-002   2.0849179897533161E-002
   7.0000000298023224E-002  0.46403382591737585       0.17234361922482166        5.5159965248587212E-002   2.0815415311696728E-002   5.5159965248587212E-002   2.0815415311696728E-002
   7.9999998211860657E-002  0.45978051281291143       0.17076392538963509        5.5079306097931623E-002   2.0784977407828954E-002   5.5079306097931623E-002   2.0784977407828954E-002
   8.9999996125698090E-002  0.45500561266102196       0.16899051248813615        5.4977315464307591E-002   2.0746489758548904E-002   5.4977315464307591E-002   2.0746489758548904E-002
   9.9999994039535522E-002  0.44972667595320770       0.16702989882794692        5.4863813705259182E-002   2.0703658218634884E-002   5.4863813705259182E-002   2.0703658218634884E-002
  0.10999999940395355       0.44396091369985702       0.16488847663233897        5.4738443489711942E-002   2.0656347944007787E-002   5.4738443489711942E-002   2.0656347944007787E-002
  0.11999999731779099       0.43772865413761924       0.16257379587220006        5.4601571131436537E-002   2.0604697168497787E-002   5.4601571131436537E-002   2.0604697168497787E-002
  0.12999999523162842       0.43105168760107848       0.16009394954617961        5.4452835760948226E-002   2.0548569712755187E-002   5.4452835760948226E-002   2.0548569712755187E-002
  0.14000000059604645       0.42395120317668600       0.15745680734748319        5.4292954105915635E-002   2.0488236044392167E-002   5.4292954105915635E-002   2.0488236044392167E-002
  0.14999999105930328       0.41645150902058181       0.15467139740158756        5.4121702048703577E-002   2.0423611589358754E-002   5.4121702048703577E-002   2.0423611589358754E-002
  0.15999999642372131       0.40857724605350210       0.15174687142378501        5.3938941552099981E-002   2.0354644257304936E-002   5.3938941552099981E-002   2.0354644257304936E-002
  0.17000000178813934       0.40035445654862267       0.14869290159606144        5.3745288446045487E-002   2.0281566440617460E-002   5.3745288446045487E-002   2.0281566440617460E-002
  0.17999999225139618       0.39180850190108629       0.14551890722016458        5.3540601813318565E-002   2.0204324962132789E-002   5.3540601813318565E-002   2.0204324962132789E-002
  0.18999999761581421       0.38296680024956997       0.14223507147884579        5.3324800447076055E-002   2.0122889177267355E-002   5.3324800447076055E-002   2.0122889177267355E-002
  0.19999998807907104       0.37385679482731082       0.13885158687505419        5.3098437833593505E-002   2.0037467952118890E-002   5.3098437833593505E-002   2.0037467952118890E-002
  0.20999999344348907       0.36450622284901596       0.13537875509738029        5.2861247337273001E-002   1.9947960667865760E-002   5.2861247337273001E-002   1.9947960667865760E-002
  0.21999999880790710       0.35494306249456575       0.13182696732963523        5.2613752906383031E-002   1.9854565044009016E-002   5.2613752906383031E-002   1.9854565044009016E-002
  0.22999998927116394       0.34519592805854826       0.12820685101062951        5.2355908469000650E-002   1.9757263694638399E-002   5.2355908469000650E-002   1.9757263694638399E-002
  0.23999999463558197       0.33529159196641306       0.12452834950319509        5.2087704771025541E-002   1.9656053127584450E-002   5.2087704771025541E-002   1.9656053127584450E-002
  0.25000000000000000       0.32525842770222335       0.12080200080835780        5.1809634303801914E-002   1.9551119191620354E-002   5.1809634303801914E-002   1.9551119191620354E-002
  0.25999999046325684       0.31512389341259200       0.11703800296794148        5.1521542526526271E-002   1.9442403568525737E-002   5.1521542526526271E-002   1.9442403568525737E-002
  0.26999998092651367       0.30491497136352480       0.11324637728021930        5.1223905657104191E-002   1.9330085966054952E-002   5.1223905657104191E-002   1.9330085966054952E-002
  0.28000000119209290       0.29465836711445115       0.10943704227377339        5.0916602365205309E-002   1.9214120598442765E-002   5.0916602365205309E-002   1.9214120598442765E-002
  0.28999999165534973       0.28437932797480436       0.10561937487856131        5.0600098810938056E-002   1.9094683377987497E-002   5.0600098810938056E-002   1.9094683377987497E-002
  0.29999998211860657       0.27410314291753685       0.10180276749850177        5.0274645516264656E-002   1.8971868842795971E-002   5.0274645516264656E-002   1.8971868842795971E-002
  0.31000000238418579       0.26385394377415844        9.7996182771550630E-002   4.9939671759935182E-002   1.8845461622902071E-002   4.9939671759935182E-002   1.8845461622902071E-002
  0.31999999284744263       0.25365490785423989        9.4208228823219831E-002   4.9596460709317364E-002   1.8715945940178613E-002   4.9596460709317364E-002   1.8715945940178613E-002
  0.32999998331069946       0.24352875229121215        9.0447342868159211E-002   4.9244156095985883E-002   1.8582998669278906E-002   4.9244156095985883E-002   1.8582998669278906E-002
  0.34000000357627869       0.23349555127155031        8.6720980522224156E-002   4.8883792981293507E-002   1.8447010405661754E-002   4.8883792981293507E-002   1.8447010405661754E-002
  0.34999999403953552       0.22357652677574355        8.3037023695569409E-002   4.8515440442773290E-002   1.8308007216739107E-002   4.8515440442773290E-002   1.8308007216739107E-002
  0.35999998450279236       0.21378965117427950        7.9402147382997043E-002   4.8138655383434356E-002   1.8165821893415625E-002   4.8138655383434356E-002   1.8165821893415625E-002
  0.37000000476837158       0.20415256523492020        7.5822903421015816E-002   4.7754583997599617E-002   1.8020886968793025E-002   4.7754583997599617E-002   1.8020886968793025E-002
  0.37999999523162842       0.19468189812264575        7.2305467933686737E-002   4.7362535535945223E-002   1.7872941778565479E-002   4.7362535535945223E-002   1.7872941778565479E-002
  0.38999998569488525       0.18539272196774209        6.8855438757498930E-002   4.6963612686959012E-002   1.7722402438274887E-002   4.6963612686959012E-002   1.7722402438274887E-002
  0.39999997615814209       0.17629807031184647        6.5477656590719663E-002   4.6557431766046507E-002   1.7569124158958040E-002   4.6557431766046507E-002   1.7569124158958040E-002
  0.40999999642372131       0.16741136419523422        6.2177106049826514E-002   4.6144287298085285E-002   1.7413218083861953E-002   4.6144287298085285E-002   1.7413218083861953E-002
  0.41999998688697815       0.15874309690772490        5.8957684375589590E-002   4.5724602305910994E-002   1.7254843846807547E-002   4.5724602305910994E-002   1.7254843846807547E-002
  0.42999997735023499       0.15030316737700658        5.5823068060818062E-002   4.5298268486951371E-002   1.7093960578243594E-002   4.5298268486951371E-002   1.7093960578243594E-002
  0.43999999761581421       0.14210034287455808        5.2776513297653579E-002   4.4866142371746749E-002   1.6930891502429681E-002   4.4866142371746749E-002   1.6930891502429681E-002
  0.44999998807907104       0.13414159625697319        4.9820609826917925E-002   4.4427696439151336E-002   1.6765437551587482E-002   4.4427696439151336E-002   1.6765437551587482E-002
  0.45999997854232788       0.12643372813604251        4.6957883417172719E-002   4.3983910223035917E-002   1.6597968367072616E-002   4.3983910223035917E-002   1.6597968367072616E-002
  0.46999999880790710       0.11898116172461393        4.4189976863550792E-002   4.3534288749051860E-002   1.6428297163114142E-002   4.3534288749051860E-002   1.6428297163114142E-002
  0.47999998927116394       0.11178726806380740        4.1518142181303598E-002   4.3079786194969848E-002   1.6256784012574469E-002   4.3079786194969848E-002   1.6256784012574469E-002
  0.48999997973442078       0.10485511916147192        3.8943520323787104E-002   4.2619940433984010E-002   1.6083254525180724E-002   4.2619940433984010E-002   1.6083254525180724E-002
  0.50000000000000000        9.8186701804631141E-002   3.6466849189937076E-002   4.2155877944483000E-002   1.5908133793940047E-002   4.2155877944483000E-002   1.5908133793940047E-002
  0.50999999046325684        9.1782064049043266E-002   3.4088146627812899E-002   4.1686758789629352E-002   1.5731104856468042E-002   4.1686758789629352E-002   1.5731104856468042E-002
  0.51999998092651367        8.5641136543825006E-002   3.1807386880278843E-002   4.1213686755199749E-002   1.5552584242384548E-002   4.1213686755199749E-002   1.5552584242384548E-002
  0.52999997138977051        7.9762115356102198E-002   2.9623899961004195E-002   4.0736258324499876E-002   1.5372419678794951E-002   4.0736258324499876E-002   1.5372419678794951E-002
  0.53999996185302734        7.4143705827904818E-002   2.7537205029955849E-002   4.0255345607451858E-002   1.5190940269065114E-002   4.0255345607451858E-002   1.5190940269065114E-002
  0.55000001192092896        6.8782233751913294E-002   2.5545937475004523E-002   3.9770566003666734E-002   1.5008001633372525E-002   3.9770566003666734E-002   1.5008001633372525E-002
  0.56000000238418579        6.3674953523665687E-002   2.3649077570036543E-002   3.9282478433989527E-002   1.4823814688628806E-002   3.9282478433989527E-002   1.4823814688628806E-002
  0.56999999284744263        5.8817076634521757E-002   2.1844846847915107E-002   3.8791787528283467E-002   1.4638645337163221E-002   3.8791787528283467E-002   1.4638645337163221E-002
  0.57999998331069946        5.4204067735945570E-002   2.0131560865960657E-002   3.8297783817795153E-002   1.4452225850620913E-002   3.8297783817795153E-002   1.4452225850620913E-002
  0.58999997377395630        4.9830067687704212E-002   1.8507043521102939E-002   3.7801465172910109E-002   1.4264932789908100E-002   3.7801465172910109E-002   1.4264932789908100E-002
  0.59999996423721313        4.5689985527103120E-002   1.6969404013820223E-002   3.7302499616110651E-002   1.4076640878479126E-002   3.7302499616110651E-002   1.4076640878479126E-002
  0.61000001430511475        4.1776841332476645E-002   1.5516049979300756E-002   3.6801678326598634E-002   1.3887648679315271E-002   3.6801678326598634E-002   1.3887648679315271E-002
  0.62000000476837158        3.8084804730553375E-002   1.4144815998614040E-002   3.6298691171897067E-002   1.3697839159414782E-002   3.6298691171897067E-002   1.3697839159414782E-002
  0.62999999523162842        3.4606250024807224E-002   1.2852869864138548E-002   3.5794044540662151E-002   1.3507403411903634E-002   3.5794044540662151E-002   1.3507403411903634E-002
  0.63999998569488525        3.1334950317879688E-002   1.1637898886653444E-002   3.5288387997031614E-002   1.3316586559258579E-002   3.5288387997031614E-002   1.3316586559258579E-002
  0.64999997615814209        2.8262442663480995E-002   1.0496759901347390E-002   3.4781358089666932E-002   1.3125251447829764E-002   3.4781358089666932E-002   1.3125251447829764E-002
  0.65999996662139893        2.5381802494209408E-002   9.4268811021559883E-003   3.4273094737291412E-002   1.2933450877982913E-002   3.4273094737291412E-002   1.2933450877982913E-002
  0.66999995708465576        2.2685770654995514E-002   8.4255664161050469E-003   3.3764078604445857E-002   1.2741366235474822E-002   3.3764078604445857E-002   1.2741366235474822E-002
  0.68000000715255737        2.0166333836561960E-002   7.4898396749807526E-003   3.3254772803189676E-002   1.2549172282378085E-002   3.3254772803189676E-002   1.2549172282378085E-002
  0.68999999761581421        1.7815515939414724E-002   6.6167385303995850E-003   3.2744911788511605E-002   1.2356768811419795E-002   3.2744911788511605E-002   1.2356768811419795E-002
  0.69999998807907104        1.5625972046242338E-002   5.8035350570214868E-003   3.2235190887776273E-002   1.2164418214496070E-002   3.2235190887776273E-002   1.2164418214496070E-002
  0.70999997854232788        1.3590607228627363E-002   5.0475941761661909E-003   3.1725347981855466E-002   1.1972021577140760E-002   3.1725347981855466E-002   1.1972021577140760E-002
  0.71999996900558472        1.1701159796892272E-002   4.3458474703597814E-003   3.1216204895373318E-002   1.1779889026831069E-002   3.1216204895373318E-002   1.1779889026831069E-002
  0.72999995946884155        9.9500794446130882E-003   3.6954907321011957E-003   3.0707217594939572E-002   1.1587815264653000E-002   3.0707217594939572E-002   1.1587815264653000E-002
  0.74000000953674316        8.3303846646372894E-003   3.0939310077239390E-003   3.0199190736563335E-002   1.1396103939257107E-002   3.0199190736563335E-002   1.1396103939257107E-002
  0.75000000000000000        6.8352672549566564E-003   2.5386397096359304E-003   2.9691877107091529E-002   1.1204661761163815E-002   2.9691877107091529E-002   1.1204661761163815E-002
  0.75999999046325684        5.4571164622232568E-003   2.0267901801589157E-003   2.9185608629499024E-002   1.1013613986336252E-002   2.9185608629499024E-002   1.1013613986336252E-002
  0.76999998092651367        4.1899743245743977E-003   1.5561696135591799E-003   2.8681180316731131E-002   1.0823260624474564E-002   2.8681180316731131E-002   1.0823260624474564E-002
  0.77999997138977051        3.0265692890725036E-003   1.1240773322553558E-003   2.8177755663318819E-002   1.0633286008071183E-002   2.8177755663318819E-002   1.0633286008071183E-002
  0.78999996185302734        1.9604377018146730E-003   7.2811271490301715E-004   2.7676227753491399E-002   1.0444027155451938E-002   2.7676227753491399E-002   1.0444027155451938E-002
  0.79999995231628418        9.8576193784030426E-004   3.6611507733429942E-004   2.7176699471007353E-002   1.0255522891299775E-002   2.7176699471007353E-002   1.0255522891299775E-002
  0.81000000238418579        9.6949522298082547E-005   3.6007356838552972E-005   2.6679111944353046E-002   1.0067750999592600E-002   2.6679111944353046E-002   1.0067750999592600E-002
  0.81999999284744263       -7.1224999965248219E-004  -2.6453188512779195E-004   2.6183875467404565E-002   9.8808663106931972E-003   2.6183875467404565E-002   9.8808663106931972E-003
  0.82999998331069946       -1.4469430344941478E-003  -5.3739918395790992E-004   2.5690930089997271E-002   9.6948462015348236E-003   2.5690930089997271E-002   9.6948462015348236E-003
  0.83999997377395630       -2.1122902923232092E-003  -7.8451124357743470E-004   2.5200376987556686E-002   9.5097288521361449E-003   2.5200376987556686E-002   9.5097288521361449E-003
  0.84999996423721313       -2.7124216260264815E-003  -1.0074019043092711E-003   2.4713022692610335E-002   9.3258186192792230E-003   2.4713022692610335E-002   9.3258186192792230E-003
  0.85999995470046997       -3.2535823656368464E-003  -1.2083907013273523E-003   2.4228092901818675E-002   9.1428233083349041E-003   2.4228092901818675E-002   9.1428233083349041E-003
  0.87000000476837158       -3.7394040053135920E-003  -1.3888263829591797E-003   2.3746206879363182E-002   8.9609766076506701E-003   2.3746206879363182E-002   8.9609766076506701E-003
  0.87999999523162842       -4.1737738700079055E-003  -1.5501527138912369E-003   2.3267964425663104E-002   8.7805048606401544E-003   2.3267964425663104E-002   8.7805048606401544E-003
  0.88999998569488525       -4.5612400796600696E-003  -1.6940588801427157E-003   2.2792776170721962E-002   8.6011856599614803E-003   2.2792776170721962E-002   8.6011856599614803E-003
  0.89999997615814209       -4.9052253655530887E-003  -1.8218160948537021E-003   2.2320893230417527E-002   8.4231137678441575E-003   2.2320893230417527E-002   8.4231137678441575E-003
  0.90999996662139893       -5.2089318252074466E-003  -1.9346136270924563E-003   2.1852889658100314E-002   8.2465058116709140E-003   2.1852889658100314E-002   8.2465058116709140E-003
  0.91999995708465576       -5.4757535709731905E-003  -2.0337120608375512E-003   2.1388520139096541E-002   8.0712692183809252E-003   2.1388520139096541E-002   8.0712692183809252E-003
  0.93000000715255737       -5.7094204308746821E-003  -2.1204966659225527E-003   2.0928111315621948E-002   7.8975272511660546E-003   2.0928111315621948E-002   7.8975272511660546E-003
  0.93999999761581421       -5.9120299174245080E-003  -2.1957464650772768E-003   2.0471587779639526E-002   7.7252514537065617E-003   2.0471587779639526E-002   7.7252514537065617E-003
  0.94999998807907104       -6.0868399995274124E-003  -2.2606714781774361E-003   2.0019005383448744E-002   7.5544629026801403E-003   2.0019005383448744E-002   7.5544629026801403E-003
  0.95999997854232788       -6.2360483757941138E-003  -2.3160879373841036E-003   1.9571049156298329E-002   7.3854201038390833E-003   1.9571049156298329E-002   7.3854201038390833E-003
  0.96999996900558472       -6.3616750087272592E-003  -2.3627460631100100E-003   1.9127000265738433E-002   7.2178517953014141E-003   1.9127000265738433E-002   7.2178517953014141E-003
  0.97999995946884155       -6.4659729552282979E-003  -2.4014826477591344E-003   1.8687374607809986E-002   7.0519526579430388E-003   1.8687374607809986E-002   7.0519526579430388E-003
  0.98999994993209839       -6.5515885277893631E-003  -2.4332805400959839E-003   1.8252669470341119E-002   6.8879103505600685E-003   1.8252669470341119E-002   6.8879103505600685E-003
   1.0000000000000000       -6.6195764317265810E-003  -2.4585314609849689E-003   1.7822324735380365E-002   6.7255135044953481E-003   1.7822324735380365E-002   6.7255135044953481E-003
