 x kt PDF(p) PDF(Pb) ratio
   4.0000001899898052E-003   9.9999997764825821E-003   25.501910389202511        18.914458925107443       0.74168792205919643     
   8.0000003799796104E-003   9.9999997764825821E-003   13.184824988429709        10.591696902345349       0.80332480041563326     
   1.2000000104308128E-002   9.9999997764825821E-003   9.2178130053641087        7.8617951348314863       0.85289158396427467     
   1.6000000759959221E-002   9.9999997764825821E-003   7.2273630838848737        6.4680014439458571       0.89493240741810876     
   2.0000001415610313E-002   9.9999997764825821E-003   6.0132294034873803        5.6038229984152412       0.93191571822709718     
   2.4000000208616257E-002   9.9999997764825821E-003   5.1874699372455071        5.0045768480341941       0.96474329655422986     
   2.8000000864267349E-002   9.9999997764825821E-003   4.5849901866865865        4.5589973695796697       0.99433088926070290     
   3.2000001519918442E-002   9.9999997764825821E-003   4.1229256847844118        4.2092236381207133        1.0209312415343266     
   3.6000002175569534E-002   9.9999997764825821E-003   3.7570273468015358        3.9225237719081214        1.0440498324419909     
   4.0000002831220627E-002   9.9999997764825821E-003   3.4591625320683321        3.6798649748832117        1.0638022760621528     
   4.4000003486871719E-002   9.9999997764825821E-003   3.2110529226695239        3.4711327663326235        1.0809951906513209     
   4.8000000417232513E-002   9.9999997764825821E-003   3.0009048671124212        3.2853731555720840        1.0947941707773590     
   5.2000001072883606E-002   9.9999997764825821E-003   2.8205309228679578        3.1187790382812595        1.1057418349840458     
   5.6000001728534698E-002   9.9999997764825821E-003   2.6637725478695802        2.9655496353670294        1.1132893601365488     
   6.0000002384185791E-002   9.9999997764825821E-003   2.5261231296464337        2.8253011917112367        1.1184336814598097     
   6.4000003039836884E-002   9.9999997764825821E-003   2.4042022169169841        2.6972322135961995        1.1218824251210369     
   6.8000003695487976E-002   9.9999997764825821E-003   2.2953488521706733        2.5828674619022216        1.1252613995731615     
   7.2000004351139069E-002   9.9999997764825821E-003   2.1974080066956603        2.4774114072683537        1.1274244017130650     
   7.6000005006790161E-002   9.9999997764825821E-003   2.1087181309124969        2.3809883956370719        1.1291164811139347     
   8.0000005662441254E-002   9.9999997764825821E-003   2.0280894268263534        2.2917915866088272        1.1300249171926935     
   8.4000006318092346E-002   9.9999997764825821E-003   1.9543129543422120        2.2090748285979118        1.1303587911494186     
   8.8000006973743439E-002   9.9999997764825821E-003   1.8863831522866656        2.1323455536370921        1.1303883577693492     
   9.2000007629394531E-002   9.9999997764825821E-003   1.8235200660269293        2.0607527020427416        1.1300959832773834     
   9.6000000834465027E-002   9.9999997764825821E-003   1.7653448249208947        1.9931746352966104        1.1290568319341945     
  0.10000000149011612        9.9999997764825821E-003   1.7112561248395215        1.9297441536246041        1.1276769886246993     
  0.10400000214576721        9.9999997764825821E-003   1.6606738583900758        1.8700967122757766        1.1261071539289020     
  0.10800000280141830        9.9999997764825821E-003   1.6131317590756133        1.8138030930880968        1.1243986009719851     
  0.11200000345706940        9.9999997764825821E-003   1.5682651283118505        1.7604046915469873        1.1225172706874917     
  0.11600000411272049        9.9999997764825821E-003   1.5259777140680513        1.7096842353499406        1.1203861102218542     
  0.12000000476837158        9.9999997764825821E-003   1.4860565888620338        1.6613671622209005        1.1179703213678511     
  0.12400000542402267        9.9999997764825821E-003   1.4482534774281370        1.6155122142729843        1.1154899604604240     
  0.12800000607967377        9.9999997764825821E-003   1.4123574851505700        1.5719709105100137        1.1130120575262341     
  0.13199999928474426        9.9999997764825821E-003   1.3781879515694482        1.5306098827972314        1.1105958959038995     
  0.13600000739097595        9.9999997764825821E-003   1.3455857516427461        1.4908936343601678        1.1079885711780344     
  0.14000000059604645        9.9999997764825821E-003   1.3142958990991933        1.4524357732059907        1.1051056114543742     
  0.14400000870227814        9.9999997764825821E-003   1.2842229750856384        1.4154454609853828        1.1021804534302104     
  0.14800000190734863        9.9999997764825821E-003   1.2553537414061078        1.3799630061685269        1.0992622721806251     
  0.15200001001358032        9.9999997764825821E-003   1.2275940434338377        1.3458219997529439        1.0963086754546298     
  0.15600000321865082        9.9999997764825821E-003   1.2008248578529066        1.3129354905224582        1.0933613523540868     
  0.16000001132488251        9.9999997764825821E-003   1.1750251384188424        1.2813668116957813        1.0905016154973810     
  0.16400000452995300        9.9999997764825821E-003   1.1500872745784880        1.2507179046839385        1.0874982554192090     
  0.16800001263618469        9.9999997764825821E-003   1.1259249267945255        1.2207459948861237        1.0842161549452065     
  0.17200000584125519        9.9999997764825821E-003   1.1025357917352836        1.1916683294206443        1.0808432146634213     
  0.17600001394748688        9.9999997764825821E-003   1.0798307637022557        1.1634959714467974        1.0774799260744259     
  0.18000000715255737        9.9999997764825821E-003   1.0577668467310766        1.1364214468247922        1.0743591088497335     
  0.18400001525878906        9.9999997764825821E-003   1.0363405166673647        1.1104805999800849        1.0715402728353589     
  0.18800000846385956        9.9999997764825821E-003   1.0154843664749054        1.0849803856071698        1.0684363259805849     
  0.19200000166893005        9.9999997764825821E-003  0.99517081266122132        1.0596675215940512        1.0648096870529764     
  0.19600000977516174        9.9999997764825821E-003  0.97540361785275720        1.0351033553054838        1.0612051630320471     
  0.20000000298023224        9.9999997764825821E-003  0.95611661668389714        1.0114628325077737        1.0578864699745874     
  0.20400001108646393        9.9999997764825821E-003  0.93726589125600790       0.98838226128340090        1.0545377469768937     
  0.20800000429153442        9.9999997764825821E-003  0.91887656077438684       0.96570561982600622        1.0509633840394774     
  0.21200001239776611        9.9999997764825821E-003  0.90090404967353854       0.94362573070787936        1.0474209002055457     
  0.21600000560283661        9.9999997764825821E-003  0.88329954098027408       0.92233638242627347        1.0441943413699466     
  0.22000001370906830        9.9999997764825821E-003  0.86606586009354158       0.90156231949211152        1.0409858661265508     
  0.22400000691413879        9.9999997764825821E-003  0.84920459695459971       0.88106229970111760        1.0375147554084909     
  0.22800001502037048        9.9999997764825821E-003  0.83268412881614073       0.86093077935697049        1.0339224077454066     
  0.23200000822544098        9.9999997764825821E-003  0.81648027696387859       0.84129719165776762        1.0303949959283425     
  0.23600001633167267        9.9999997764825821E-003  0.80061049212269675       0.82218644916777994        1.0269493808254722     
  0.24000000953674316        9.9999997764825821E-003  0.78505900862348132       0.80351394942005616        1.0235077116418723     
  0.24400001764297485        9.9999997764825821E-003  0.76979861710055097       0.78522766599543847        1.0200429677998137     
  0.24800001084804535        9.9999997764825821E-003  0.75480915150818539       0.76732629435231714        1.0165831890341037     
  0.25200000405311584        9.9999997764825821E-003  0.74010958391403225       0.74983160908013125        1.0131359265943896     
  0.25600001215934753        9.9999997764825821E-003  0.72568675616468381       0.73272905026163071        1.0097043166863979     
  0.26000002026557922        9.9999997764825821E-003  0.71151770980272344       0.71600572430131149        1.0063076637963551     
  0.26399999856948853        9.9999997764825821E-003  0.69758238079445811       0.69963149919844969        1.0029374572242749     
  0.26800000667572021        9.9999997764825821E-003  0.68388919534921788       0.68358850299144613       0.99956032006381057     
  0.27200001478195190        9.9999997764825821E-003  0.67044026924616973       0.66785823133296929       0.99614874280134813     
  0.27600002288818359        9.9999997764825821E-003  0.65722085006852748       0.65244242568670996       0.99272934755292797     
  0.28000000119209290        9.9999997764825821E-003  0.64421769746240987       0.63733165678739223       0.98931100355960111     
  0.28400000929832458        9.9999997764825821E-003  0.63142198014443551       0.62252081983164775       0.98590299262190451     
  0.28800001740455627        9.9999997764825821E-003  0.61884132551785453       0.60802223241208520       0.98251717740938560     
  0.29200002551078796        9.9999997764825821E-003  0.60647243404070783       0.59383056083431973       0.97915507367390164     
  0.29600000381469727        9.9999997764825821E-003  0.59431030355631254       0.57992979069995976       0.97580302281434339     
  0.30000001192092896        9.9999997764825821E-003  0.58234985762741565       0.56630692893560886       0.97245139072040265     
  0.30400002002716064        9.9999997764825821E-003  0.57059096330705650       0.55295668067139780       0.96909470396542363     
  0.30800002813339233        9.9999997764825821E-003  0.55903792519871487       0.53988196906577068       0.96573406692196240     
  0.31200000643730164        9.9999997764825821E-003  0.54767940630070466       0.52707718051295560       0.96238269040111146     
  0.31600001454353333        9.9999997764825821E-003  0.53650392106767431       0.51452925204670086       0.95904099083331473     
  0.32000002264976501        9.9999997764825821E-003  0.52550119267925144       0.50222373313378210       0.95570426885847792     
  0.32400000095367432        9.9999997764825821E-003  0.51466327614689089       0.49015979269807686       0.95238929104819114     
  0.32800000905990601        9.9999997764825821E-003  0.50399297459541914       0.47834195185772405       0.94910440416696984     
  0.33200001716613770        9.9999997764825821E-003  0.49349131878311642       0.46677605235137209       0.94586476921697304     
  0.33600002527236938        9.9999997764825821E-003  0.48315793950646319       0.45544538448221600       0.94264286528633878     
  0.34000000357627869        9.9999997764825821E-003  0.47299226896939373       0.44433688928311138       0.93941681171931257     
  0.34400001168251038        9.9999997764825821E-003  0.46299326763326665       0.43344531257432656       0.93618059456893699     
  0.34800001978874207        9.9999997764825821E-003  0.45315800532294609       0.42277601619114497       0.93295497646532977     
  0.35200002789497375        9.9999997764825821E-003  0.44348236277859709       0.41233774564950521       0.92977259132931867     
  0.35600000619888306        9.9999997764825821E-003  0.43396405396928056       0.40211904923560965       0.92661833522293269     
  0.36000001430511475        9.9999997764825821E-003  0.42460053329175834       0.39210852920948747       0.92347629940458775     
  0.36400002241134644        9.9999997764825821E-003  0.41538943859072114       0.38229096445359273       0.92031941339331935     
  0.36800003051757812        9.9999997764825821E-003  0.40632831781697398       0.37267840678489711       0.91718541495492301     
  0.37200000882148743        9.9999997764825821E-003  0.39741083122902310       0.36327072409534944       0.91409366718040175     
  0.37600001692771912        9.9999997764825821E-003  0.38863373274246593       0.35406553676836755       0.91105199301624817     
  0.38000002503395081        9.9999997764825821E-003  0.37999847666077347       0.34504973126955385       0.90802924870033486     
  0.38400000333786011        9.9999997764825821E-003  0.37150614395328824       0.33621195202454401       0.90499701686445866     
  0.38800001144409180        9.9999997764825821E-003  0.36315728413043541       0.32755322242858548       0.90195966525330107     
  0.39200001955032349        9.9999997764825821E-003  0.35495232476233318       0.31908043438222361       0.89893884931130275     
  0.39600002765655518        9.9999997764825821E-003  0.34688813901788296       0.31079586279291549       0.89595413574199256     
  0.40000000596046448        9.9999997764825821E-003  0.33895531998414258       0.30268450521287271       0.89299234255132287     
