 pt up dp u1 d1 u2 d2
   0.0000000000000000        0.0000000000000000        0.0000000000000000        0.0000000000000000        0.0000000000000000        0.0000000000000000        0.0000000000000000     
   9.9999997764825821E-003  0.50501614721135213       0.23773563963325686       0.35099630155557965       0.17145522542811903       0.29136872168824790       0.14729933903535158     
   1.9999999552965164E-002  0.50442221632336692       0.23745604750470251       0.35067193312316108       0.17129677742608712       0.29112371167147172       0.14717547600256259     
   2.9999999329447746E-002  0.50340514860689778       0.23697726431042193       0.35010825251568201       0.17102142983639324       0.29069477868906674       0.14695863205159682     
   3.9999999105930328E-002  0.50191842193332947       0.23627738982392826       0.34926619117216745       0.17061009838692581       0.29004720420860852       0.14663125548078657     
   4.9999997019767761E-002  0.50007257103990388       0.23540845811701289       0.34823449623127845       0.17010613441955844       0.28925901596244302       0.14623279264296757     
   5.9999998658895493E-002  0.49777061608060402       0.23432481606382716       0.34693202812766660       0.16946990275179455       0.28825815438374414       0.14572681434799475     
   7.0000000298023224E-002  0.49507998412213550       0.23305820486100456       0.34541143026395754       0.16872711871574539       0.28709056275050804       0.14513654688605726     
   7.9999998211860657E-002  0.49203103456774094       0.23162291615483935       0.34369474044395470       0.16788854737247402       0.28577509807969254       0.14447152328499011     
   8.9999996125698090E-002  0.48856192995906350       0.22998984004895107       0.34172831254493680       0.16692798357957928       0.28426370452155741       0.14370744925931692     
   9.9999994039535522E-002  0.48472423949078941       0.22818325266906722       0.33955072942799164       0.16586427435372811       0.28258966596107560       0.14286115123511600     
  0.10999999940395355       0.48052656084710865       0.22620720136290434       0.33716516001505814       0.16469896765489353       0.28075492825083143       0.14193361292401577     
  0.11999999731779099       0.47600126593465975       0.22407692515989430       0.33459387900380116       0.16344294426242389       0.27877823500141813       0.14093431002208723     
  0.12999999523162842       0.47111050359242229       0.22177460567932641       0.33180153274138191       0.16207893456837677       0.27662738280388866       0.13984696233005273     
  0.14000000059604645       0.46589631120436892       0.21932003196046684       0.32881771883826283       0.16062139646006204       0.27432744207650250       0.13868424401560372     
  0.14999999105930328       0.46037196483434495       0.21671945369166207       0.32564833857880565       0.15907321260614571       0.27188251307161720       0.13744822793151185     
  0.15999999642372131       0.45457268348924862       0.21398945017077925       0.32231701092589538       0.15744592043476596       0.26931228724717554       0.13614886895118555     
  0.17000000178813934       0.44846711723488503       0.21111526346047407       0.31879281279175714       0.15572441458737077       0.26658825292161337       0.13477175320128634     
  0.17999999225139618       0.44209694238018499       0.20811651262444600       0.31510431315617332       0.15392265048413722       0.26373438351284179       0.13332900026895519     
  0.18999999761581421       0.43547810559684547       0.20500070453592378       0.31125895698527950       0.15204426485383274       0.26075596741512597       0.13182328366346713     
  0.19999998807907104       0.42862679154311206       0.20177545809996986       0.30726431996767217       0.15009295828073799       0.25765838730319268       0.13025732455689912     
  0.20999999344348907       0.42157848095781986       0.19845747582439119       0.30314367060059333       0.14808009699698207       0.25446085315642314       0.12864083441467294     
  0.21999999880790710       0.41431010787261197       0.19503589943708829       0.29887247091497710       0.14599369465684270       0.25114035956750497       0.12696218302036807     
  0.22999998927116394       0.40686081244126365       0.19152915411029489       0.29447696957501829       0.14384657324908934       0.24771872319720981       0.12523239962823357     
  0.23999999463558197       0.39924787033604003       0.18794537234238456       0.28996562735192022       0.14164286570454637       0.24420206109131010       0.12345457666628941     
  0.25000000000000000       0.39148867460620446       0.18429274188678832       0.28534705593644166       0.13938677867546026       0.24059662214183378       0.12163187321647156     
  0.25999999046325684       0.38361866372914577       0.18058794535679684       0.28064470412568188       0.13708976646711798       0.23692176517972746       0.11977407599502893     
  0.26999998092651367       0.37562044868415562       0.17682279689541644       0.27583565326771031       0.13474063374037834       0.23315593566081549       0.11787028825885228     
  0.28000000119209290       0.36752673225157428       0.17301269129040767       0.27094569738987656       0.13235198040228963       0.22932059617744432       0.11593136026547206     
  0.28999999165534973       0.35935534138604469       0.16916602055554703       0.26598366890330388       0.12992812092292882       0.22542204115415693       0.11396047411545623     
  0.29999998211860657       0.35112237810279828       0.16529036469181371       0.26095979735505503       0.12747405224753419       0.22146668148180013       0.11196087078806606     
  0.31000000238418579       0.34284429607296529       0.16139346924170583       0.25588052824847091       0.12499292288571509       0.21746235268989980       0.10993651147829001     
  0.31999999284744263       0.33453646982365209       0.15748257174219307       0.25075427056161093       0.12248884046829958       0.21341361413481172       0.10788970113558777     
  0.32999998331069946       0.32621450513028294       0.15356501859006483       0.24558970924408799       0.11996604743313410       0.20932717426943431       0.10582383116955266     
  0.34000000357627869       0.31789325682017261       0.14964780267434605       0.24039515942972495       0.11742860556986665       0.20520855751229652       0.10374169440981006     
  0.34999999403953552       0.30958676226466714       0.14573753206781687       0.23517828317192493       0.11488025765039410       0.20106415034559930       0.10164651949600781     
  0.35999998450279236       0.30130970632122722       0.14184111964643245       0.22994719924478643       0.11232496954625744       0.19690006437040072        9.9541396103629984E-002
  0.37000000476837158       0.29307443513753834       0.13796437734181813       0.22470958755232362       0.10976649274904826       0.19272219960206455        9.7429306942551655E-002
  0.37999999523162842       0.28489375911321679       0.13411333563154063       0.21947282396873385       0.10720843023739536       0.18853622694207248        9.5313118895790042E-002
  0.38999998569488525       0.27677973852234833       0.13029367187263055       0.21424438364248891       0.10465443348358104       0.18434761501168956        9.3195596585069443E-002
  0.39999997615814209       0.26874319457965551       0.12651048013666971       0.20903131161235194       0.10210794385922065       0.18016199423155096        9.1079586428609666E-002
  0.40999999642372131       0.26079453230811256       0.12276865857356010       0.20383990682107408        9.9572038281776160E-002  0.17598450583084235        8.8967687537449297E-002
  0.41999998688697815       0.25294425132965992       0.11907314986553408       0.19867683613123516        9.7049973390766237E-002  0.17182040215604430        8.6862555197167665E-002
  0.42999997735023499       0.24520114591702505       0.11542809390408570       0.19354793384619062        9.4544599135870142E-002  0.16767400539415783        8.4766374457981533E-002
  0.43999999761581421       0.23757380842281453       0.11183753552709580       0.18845981365332468        9.2059146181503168E-002  0.16355063478759432        8.2681834424221626E-002
  0.44999998807907104       0.23006964380248685       0.10830496060691168       0.18341738801216922        8.9596014173623784E-002  0.15945455240844728        8.0611089755450130E-002
  0.45999997854232788       0.22269583553441274       0.10483375075585326       0.17842623621391626        8.7157928493168488E-002  0.15538993409841700        7.8556251518080739E-002
  0.46999999880790710       0.21545842156366901       0.10142674832805698       0.17349091979887854        8.4747117368523667E-002  0.15136100350076889        7.6519454944261003E-002
  0.47999998927116394       0.20836364452200337        9.8086892033620809E-002  0.16861598682649079        8.2365802442915109E-002  0.14737154015963466        7.4502610755049783E-002
  0.48999997973442078       0.20141634879552484        9.4816462360478956E-002  0.16380642227226666        8.0016418785022053E-002  0.14342494205594053        7.2507436775001474E-002
  0.50000000000000000       0.19462051657860377        9.1617333921019659E-002  0.15906558771098225        7.7700608462178133E-002  0.13952515670831872        7.0535928643462698E-002
  0.50999999046325684       0.18798004885854636        8.8491343099519851E-002  0.15439734021105367        7.5420255581229653E-002  0.13567490928824147        6.8589464051059590E-002
  0.51999998092651367       0.18149816185768841        8.5440003928112115E-002  0.14980517135120167        7.3177065714041825E-002  0.13187708628620365        6.6669502242077308E-002
  0.52999997138977051       0.17517703487375319        8.2464342308128352E-002  0.14529180938542871        7.0972371562420533E-002  0.12813480940466912        6.4777621370502053E-002
  0.53999996185302734       0.16901850710139238        7.9565224037859150E-002  0.14085990710180871        6.8807468964456400E-002  0.12445032413867566        6.2914956630025845E-002
  0.55000001192092896       0.16302441382081173        7.6743513072875177E-002  0.13651251369805731        6.6683847397045373E-002  0.12082605179804880        6.1082732096228304E-002
  0.56000000238418579       0.15719544807185237        7.3999535660704857E-002  0.13225128427318272        6.4602315345554176E-002  0.11726403605597753        5.9281980933232788E-002
  0.56999999284744263       0.15151330246840800        7.1324673625137530E-002  0.12807834773625243        6.2563912742832392E-002  0.11376624674138616        5.7513698973731750E-002
  0.57999998331069946       0.14601516330803038        6.8736432363342703E-002  0.12399499997861958        6.0569272607926390E-002  0.11033392528453957        5.5778513813770303E-002
  0.58999997377395630       0.14068205888291163        6.6225880970604944E-002  0.12000247919897122        5.8618999778078183E-002  0.10696901559077650        5.4077408180560810E-002
  0.59999996423721313       0.13551251624872743        6.3792326060458995E-002  0.11610243496602227        5.6713900037208033E-002  0.10367259201245307        5.2410925205126288E-002
  0.61000001430511475       0.13050603225338375        6.1435530774765705E-002  0.11229515135113338        5.4854112148941113E-002  0.10044563687283539        5.0779561493852508E-002
  0.62000000476837158       0.12566023946460511        5.9154380648117594E-002  0.10858138531053124        5.3040005872445471E-002   9.7289206147329388E-002   4.9183850887429340E-002
  0.62999999523162842       0.12097394977227736        5.6948316379352756E-002  0.10496158760663978        5.1271801396858913E-002   9.4203915901436633E-002   4.7624104833292186E-002
  0.63999998569488525       0.11644454233447954        5.4816104210830011E-002  0.10143562884098500        4.9549435513411386E-002   9.1190128681267107E-002   4.6100506613991468E-002
  0.64999997615814209       0.11206913672410328        5.2756388185547336E-002   9.8003359389716826E-002   4.7872835133609279E-002   8.8248651324250901E-002   4.4613464120324145E-002
  0.65999996662139893       0.10784578552367147        5.0768251559471629E-002   9.4665043708730162E-002   4.6242129439283991E-002   8.5379314507279869E-002   4.3162891752224021E-002
  0.66999995708465576       0.10377079644065101        4.8849956191096056E-002   9.1419776417017290E-002   4.4656876168496992E-002   8.2582116578638884E-002   4.1748788674678454E-002
  0.68000000715255737        9.9841790815818357E-002   4.7000382329943143E-002   8.8267166286754670E-002   4.3116884213665663E-002   7.9857122770973607E-002   4.0371187865577231E-002
  0.68999999761581421        9.6055181223447972E-002   4.5217841200408011E-002   8.5206221009896138E-002   4.1621668850594866E-002   7.7204556404750560E-002   3.9030202222958665E-002
  0.69999998807907104        9.2407156312657293E-002   4.3500538614433627E-002   8.2235923811825873E-002   4.0170733403621213E-002   7.4623220105229898E-002   3.7725226422727867E-002
  0.70999997854232788        8.8894970857724770E-002   4.1847182260880141E-002   7.9355920332858182E-002   3.8763904774568009E-002   7.2113220030613476E-002   3.6456314132391927E-002
  0.71999996900558472        8.5514650615443319E-002   4.0255901270358267E-002   7.6563999487032186E-002   3.7400102888687566E-002   6.9673900211866924E-002   3.5223133731574423E-002
  0.72999995946884155        8.2262134387561150E-002   3.8724783839513999E-002   7.3859376490774939E-002   3.6078944393665886E-002   6.7304271599059773E-002   3.4025185213273204E-002
  0.74000000953674316        7.9134457121993629E-002   3.7252434174256846E-002   7.1241121315212610E-002   3.4799974987535821E-002   6.5003899949615904E-002   3.2862249049310843E-002
  0.75000000000000000        7.6127134881676578E-002   3.5836741467532580E-002   6.8706780855204791E-002   3.3561996373640254E-002   6.2771668531125396E-002   3.1733760683736054E-002
  0.75999999046325684        7.3237138481421243E-002   3.4476279734682327E-002   6.6255442339344148E-002   3.2364562679966534E-002   6.0607118605866137E-002   3.0639488205028306E-002
  0.76999998092651367        7.0460302679041645E-002   3.3169088193816691E-002   6.3885379758234107E-002   3.1206830782729917E-002   5.8508495429809924E-002   2.9578544515100915E-002
  0.77999997138977051        6.7792519066630197E-002   3.1913232817702662E-002   6.1594653085648356E-002   3.0087853014868188E-002   5.6475073434653279E-002   2.8550562808172905E-002
  0.78999996185302734        6.5230756902985312E-002   3.0707286889190600E-002   5.9381720266321360E-002   2.9006876110799835E-002   5.4505846525652851E-002   2.7555034460360905E-002
  0.79999995231628418        6.2770606384187369E-002   2.9549174499299502E-002   5.7244545541844639E-002   2.7962905640055671E-002   5.2599550098429954E-002   2.6591320160114829E-002
  0.81000000238418579        6.0409096015147490E-002   2.8437496820903817E-002   5.5181203344901772E-002   2.6955000998484479E-002   5.0754755882115886E-002   2.5658697855480347E-002
  0.81999999284744263        5.8142280484821278E-002   2.7370396604389023E-002   5.3190466305367216E-002   2.5982562638396909E-002   4.8970140992968737E-002   2.4756498772198897E-002
  0.82999998331069946        5.5966301901547721E-002   2.6346057752692241E-002   5.1269528561573421E-002   2.5044219948072610E-002   4.7244862718837134E-002   2.3884296883268791E-002
  0.83999997377395630        5.3878316642946837E-002   2.5363141634585324E-002   4.9416927310013688E-002   2.4139258374953895E-002   4.5576862624500308E-002   2.3041051561728757E-002
  0.84999996423721313        5.1874620355984793E-002   2.4419904431097754E-002   4.7631160695062305E-002   2.3266944290242626E-002   4.3965108956311061E-002   2.2226241212023136E-002
  0.85999995470046997        4.9951552271873874E-002   2.3514622840481444E-002   4.5909603998254861E-002   2.2425995567335159E-002   4.2408345147430325E-002   2.1439230585921568E-002
  0.87000000476837158        4.8106541214783305E-002   2.2646086485337374E-002   4.4250439688834659E-002   2.1615524375948873E-002   4.0905093653547275E-002   2.0679272721639195E-002
  0.87999999523162842        4.6335792284995563E-002   2.1812508921971219E-002   4.2652193577072312E-002   2.0834810601566178E-002   3.9453670151706567E-002   1.9945516121950821E-002
  0.88999998569488525        4.4636910108558116E-002   2.1012762531470431E-002   4.1112596722661765E-002   2.0082745908657780E-002   3.8052984318774845E-002   1.9237409581922951E-002
  0.89999997615814209        4.3006599259126768E-002   2.0245295996527350E-002   3.9629967497918257E-002   1.9358508853087320E-002   3.6701351818487792E-002   1.8554101597601950E-002
  0.90999996662139893        4.1441673188009502E-002   1.9508609253835695E-002   3.8202243004218227E-002   1.8661091746890773E-002   3.5397817327100088E-002   1.7895109212013493E-002
  0.91999995708465576        3.9940014597858835E-002   1.8801705588652771E-002   3.6827529492039185E-002   1.7989569528322879E-002   3.4140299640689500E-002   1.7259380287644795E-002
  0.93000000715255737        3.8498295232156018E-002   1.8123018228912668E-002   3.5504606288428810E-002   1.7343345921139980E-002   3.2927725421724917E-002   1.6646372206510097E-002
  0.93999999761581421        3.7114608044606527E-002   1.7471649435259511E-002   3.4230853970553733E-002   1.6721141385556616E-002   3.1758844257617158E-002   1.6055452831615188E-002
  0.94999998807907104        3.5786131563754986E-002   1.6846271003981752E-002   3.3005116074735642E-002   1.6122391010376370E-002   3.0632225016628468E-002   1.5485898664714247E-002
  0.95999997854232788        3.4510173739114337E-002   1.6245615656106178E-002   3.1825625244030313E-002   1.5546231474299451E-002   2.9546356922413711E-002   1.4936945943809128E-002
  0.96999996900558472        3.3285084855583479E-002   1.5668906790573794E-002   3.0690362078096847E-002   1.4991676337471211E-002   2.8499858119329129E-002   1.4407896081825059E-002
  0.97999995946884155        3.2108344061177838E-002   1.5114957719865174E-002   2.9598114359941585E-002   1.4458133454228014E-002   2.7491862342883130E-002   1.3898311145045902E-002
  0.98999994993209839        3.0977520074204283E-002   1.4582623921549468E-002   2.8547227691092088E-002   1.3944794681402028E-002   2.6520432508383544E-002   1.3407211854387983E-002
   1.0000000000000000        2.9891234412429347E-002   1.4071256477057797E-002   2.7535974312114905E-002   1.3450816040347841E-002   2.5584624083876118E-002   1.2934120708588384E-002
