 gamma g3f pt DY-RATIO error R_dy tmp element 
   2.2626262626262625        0.0000000000000000       0.75000000000000000       0.97799999999999998        8.9999999999999993E-003  0.99552116298107396        3.7900142248068796      Ca
   2.2626262626262625        5.0505050505050509E-003  0.75000000000000000       0.97799999999999998        8.9999999999999993E-003  0.99527977367588105        3.6863034356749687      Ca
   2.2626262626262625        1.0101010101010102E-002  0.75000000000000000       0.97799999999999998        8.9999999999999993E-003  0.99504365263980377        3.5862480902011180      Ca
   2.2626262626262625        1.5151515151515152E-002  0.75000000000000000       0.97799999999999998        8.9999999999999993E-003  0.99480436585526744        3.4862557012059106      Ca
   2.2626262626262625        2.0202020202020204E-002  0.75000000000000000       0.97799999999999998        8.9999999999999993E-003  0.99456806499016737        3.3888984878816082      Ca
   2.2626262626262625        2.5252525252525252E-002  0.75000000000000000       0.97799999999999998        8.9999999999999993E-003  0.99432950482141980        3.2920089841083091      Ca
   2.2626262626262625        3.0303030303030304E-002  0.75000000000000000       0.97799999999999998        8.9999999999999993E-003  0.99408998931690984        3.1961451384972022      Ca
   2.2626262626262625        3.5353535353535352E-002  0.75000000000000000       0.97799999999999998        8.9999999999999993E-003  0.99385178526124862        3.1022110613424654      Ca
   2.2626262626262625        4.0404040404040407E-002  0.75000000000000000       0.97799999999999998        8.9999999999999993E-003  0.99360387295744323        3.0059364354571474      Ca
   2.2626262626262625        4.5454545454545456E-002  0.75000000000000000       0.97799999999999998        8.9999999999999993E-003  0.99336594024381120        2.9149644392145322      Ca
   2.2626262626262625        5.0505050505050504E-002  0.75000000000000000       0.97799999999999998        8.9999999999999993E-003  0.99312656560178492        2.8248516901864607      Ca
   2.2626262626262625        5.5555555555555552E-002  0.75000000000000000       0.97799999999999998        8.9999999999999993E-003  0.99288867528671354        2.7366994048542606      Ca
   2.2626262626262625        6.0606060606060608E-002  0.75000000000000000       0.97799999999999998        8.9999999999999993E-003  0.99265096692100585        2.6500102681531881      Ca
   2.2626262626262625        6.5656565656565663E-002  0.75000000000000000       0.97799999999999998        8.9999999999999993E-003  0.99241147626050985        2.5640820741634514      Ca
   2.2626262626262625        7.0707070707070704E-002  0.75000000000000000       0.97799999999999998        8.9999999999999993E-003  0.99217384859837954        2.4802220257998289      Ca
   2.2626262626262625        7.5757575757575760E-002  0.75000000000000000       0.97799999999999998        8.9999999999999993E-003  0.99193563793972983        2.3975556146572599      Ca
   2.2626262626262625        8.0808080808080815E-002  0.75000000000000000       0.97799999999999998        8.9999999999999993E-003  0.99169809304272749        2.3165154692249366      Ca
   2.2626262626262625        8.5858585858585856E-002  0.75000000000000000       0.97799999999999998        8.9999999999999993E-003  0.99145977028770405        2.2366100765155701      Ca
   2.2626262626262625        9.0909090909090912E-002  0.75000000000000000       0.97799999999999998        8.9999999999999993E-003  0.99121703859121624        2.1566680138481460      Ca
   2.2626262626262625        9.5959595959595953E-002  0.75000000000000000       0.97799999999999998        8.9999999999999993E-003  0.99097793079668983        2.0793418242428507      Ca
   2.2626262626262625       0.10101010101010101       0.75000000000000000       0.97799999999999998        8.9999999999999993E-003  0.99104669154456815        2.1014340772729203      Ca
   2.2626262626262625       0.10606060606060606       0.75000000000000000       0.97799999999999998        8.9999999999999993E-003  0.99081207492629653        2.0265341224325515      Ca
   2.2626262626262625       0.11111111111111110       0.75000000000000000       0.97799999999999998        8.9999999999999993E-003  0.99056742248362717        1.9498778750861505      Ca
   2.2626262626262625       0.11616161616161616       0.75000000000000000       0.97799999999999998        8.9999999999999993E-003  0.99032911656774802        1.8766310535940658      Ca
   2.2626262626262625       0.12121212121212122       0.75000000000000000       0.97799999999999998        8.9999999999999993E-003  0.99008953402789079        1.8044053458213569      Ca
   2.2626262626262625       0.12626262626262627       0.75000000000000000       0.97799999999999998        8.9999999999999993E-003  0.98985053157033509        1.7337666481420881      Ca
   2.2626262626262625       0.13131313131313133       0.75000000000000000       0.97799999999999998        8.9999999999999993E-003  0.98961390185739162        1.6652187204089506      Ca
   2.2626262626262625       0.13636363636363635       0.75000000000000000       0.97799999999999998        8.9999999999999993E-003  0.98937703983451597        1.5979880913106621      Ca
   2.2626262626262625       0.14141414141414141       0.75000000000000000       0.97799999999999998        8.9999999999999993E-003  0.98915296088081883        1.5356609433219215      Ca
   2.2626262626262625       0.14646464646464646       0.75000000000000000       0.97799999999999998        8.9999999999999993E-003  0.98891175004018639        1.4699541844383712      Ca
   2.2626262626262625       0.15151515151515152       0.75000000000000000       0.97799999999999998        8.9999999999999993E-003  0.98867446891547728        1.4067195879937171      Ca
   2.2626262626262625       0.15656565656565657       0.75000000000000000       0.97799999999999998        8.9999999999999993E-003  0.98843664483188687        1.3447352511969297      Ca
   2.2626262626262625       0.16161616161616163       0.75000000000000000       0.97799999999999998        8.9999999999999993E-003  0.98819951352500013        1.2843219277365550      Ca
   2.2626262626262625       0.16666666666666666       0.75000000000000000       0.97799999999999998        8.9999999999999993E-003  0.98795902711968275        1.2244718663034191      Ca
   2.2626262626262625       0.17171717171717171       0.75000000000000000       0.97799999999999998        8.9999999999999993E-003  0.98772177701913610        1.1668265235778184      Ca
   2.2626262626262625       0.17676767676767677       0.75000000000000000       0.97799999999999998        8.9999999999999993E-003  0.98748416603620348        1.1104864864478523      Ca
   2.2626262626262625       0.18181818181818182       0.75000000000000000       0.97799999999999998        8.9999999999999993E-003  0.98724846747394501        1.0559771681064101      Ca
   2.2626262626262625       0.18686868686868688       0.75000000000000000       0.97799999999999998        8.9999999999999993E-003  0.98701066163697371        1.0023706560003711      Ca
   2.2626262626262625       0.19191919191919191       0.75000000000000000       0.97799999999999998        8.9999999999999993E-003  0.98677407897590452       0.95042545525197675      Ca
   2.2626262626262625       0.19696969696969696       0.75000000000000000       0.97799999999999998        8.9999999999999993E-003  0.98653745631359713       0.89985383094542959      Ca
   2.2626262626262625       0.20202020202020202       0.75000000000000000       0.97799999999999998        8.9999999999999993E-003  0.98630030391793300       0.85055611271671838      Ca
   2.2626262626262625       0.20707070707070707       0.75000000000000000       0.97799999999999998        8.9999999999999993E-003  0.98606387272897345       0.80279065912446868      Ca
   2.2626262626262625       0.21212121212121213       0.75000000000000000       0.97799999999999998        8.9999999999999993E-003  0.98582454099289574       0.75584495987044586      Ca
   2.2626262626262625       0.21717171717171718       0.75000000000000000       0.97799999999999998        8.9999999999999993E-003  0.98558775855295300       0.71079110935693413      Ca
   2.2626262626262625       0.22222222222222221       0.75000000000000000       0.97799999999999998        8.9999999999999993E-003  0.98534368255643501       0.66579843814429751      Ca
   2.2626262626262625       0.22727272727272727       0.75000000000000000       0.97799999999999998        8.9999999999999993E-003  0.98510621378353713       0.62343548564609153      Ca
   2.2626262626262625       0.23232323232323232       0.75000000000000000       0.97799999999999998        8.9999999999999993E-003  0.98487117065420571       0.58287637233602430      Ca
   2.2626262626262625       0.23737373737373738       0.75000000000000000       0.97799999999999998        8.9999999999999993E-003  0.98462925797549161       0.54255631241505442      Ca
   2.2626262626262625       0.24242424242424243       0.75000000000000000       0.97799999999999998        8.9999999999999993E-003  0.98439319394655156       0.50460405973115741      Ca
   2.2626262626262625       0.24747474747474749       0.75000000000000000       0.97799999999999998        8.9999999999999993E-003  0.98415554067599909       0.46778618535653732      Ca
   2.2626262626262625       0.25252525252525254       0.75000000000000000       0.97799999999999998        8.9999999999999993E-003  0.98391958409374913       0.43261081287614794      Ca
   2.2626262626262625       0.25757575757575757       0.75000000000000000       0.97799999999999998        8.9999999999999993E-003  0.98368510252942487       0.39901717000090481      Ca
   2.2626262626262625       0.26262626262626265       0.75000000000000000       0.97799999999999998        8.9999999999999993E-003  0.98344328437819084       0.36579438051674895      Ca
   2.2626262626262625       0.26767676767676768       0.75000000000000000       0.97799999999999998        8.9999999999999993E-003  0.98320717200573260       0.33474864564549961      Ca
   2.2626262626262625       0.27272727272727271       0.75000000000000000       0.97799999999999998        8.9999999999999993E-003  0.98297096691306107       0.30506805000923615      Ca
   2.2626262626262625       0.27777777777777779       0.75000000000000000       0.97799999999999998        8.9999999999999993E-003  0.98273323904441190       0.27658705989562293      Ca
   2.2626262626262625       0.28282828282828282       0.75000000000000000       0.97799999999999998        8.9999999999999993E-003  0.98249674239226570       0.24963817459752607      Ca
   2.2626262626262625       0.28787878787878790       0.75000000000000000       0.97799999999999998        8.9999999999999993E-003  0.98226040177530272       0.22408670724694693      Ca
   2.2626262626262625       0.29292929292929293       0.75000000000000000       0.97799999999999998        8.9999999999999993E-003  0.98202273737714452       0.19978291364784820      Ca
   2.2626262626262625       0.29797979797979796       0.75000000000000000       0.97799999999999998        8.9999999999999993E-003  0.98178550712738810       0.17691437298155888      Ca
   2.2626262626262625       0.30303030303030304       0.75000000000000000       0.97799999999999998        8.9999999999999993E-003  0.98154985227603309       0.15557347137848665      Ca
   2.2626262626262625       0.30808080808080807       0.75000000000000000       0.97799999999999998        8.9999999999999993E-003  0.98131504539389813       0.13567316004451063      Ca
   2.2626262626262625       0.31313131313131315       0.75000000000000000       0.97799999999999998        8.9999999999999993E-003  0.98107939518090947       0.11707005778035331      Ca
   2.2626262626262625       0.31818181818181818       0.75000000000000000       0.97799999999999998        8.9999999999999993E-003  0.98084412594851955        9.9864844580769788E-002 Ca
   2.2626262626262625       0.32323232323232326       0.75000000000000000       0.97799999999999998        8.9999999999999993E-003  0.98060699882520685        8.3906702155926216E-002 Ca
   2.2626262626262625       0.32828282828282829       0.75000000000000000       0.97799999999999998        8.9999999999999993E-003  0.98037180383755074        6.9450042516302421E-002 Ca
   2.2626262626262625       0.33333333333333331       0.75000000000000000       0.97799999999999998        8.9999999999999993E-003  0.98013675265242028        5.6366813550928464E-002 Ca
   2.2626262626262625       0.33838383838383840       0.75000000000000000       0.97799999999999998        8.9999999999999993E-003  0.97989702423338376        4.4428406691917589E-002 Ca
   2.2626262626262625       0.34343434343434343       0.75000000000000000       0.97799999999999998        8.9999999999999993E-003  0.97966761686655690        3.4332666834878046E-002 Ca
   2.2626262626262625       0.34848484848484851       0.75000000000000000       0.97799999999999998        8.9999999999999993E-003  0.97943274298953975        2.5342623136732821E-002 Ca
   2.2626262626262625       0.35353535353535354       0.75000000000000000       0.97799999999999998        8.9999999999999993E-003  0.97919550316928250        1.7644787997093181E-002 Ca
   2.2626262626262625       0.35858585858585856       0.75000000000000000       0.97799999999999998        8.9999999999999993E-003  0.97895113197685069        1.1168543671455937E-002 Ca
   2.2626262626262625       0.36363636363636365       0.75000000000000000       0.97799999999999998        8.9999999999999993E-003  0.97871644118811230        6.3368885928862528E-003 Ca
   2.2626262626262625       0.36868686868686867       0.75000000000000000       0.97799999999999998        8.9999999999999993E-003  0.97848010039562217        2.8456344429207228E-003 Ca
   2.2626262626262625       0.37373737373737376       0.75000000000000000       0.97799999999999998        8.9999999999999993E-003  0.97824926565755599        7.6707861773863133E-004 Ca
   2.2626262626262625       0.37878787878787878       0.75000000000000000       0.97799999999999998        8.9999999999999993E-003  0.97801406264889745        2.4414579507850509E-006 Ca
   2.2626262626262625       0.38383838383838381       0.75000000000000000       0.97799999999999998        8.9999999999999993E-003  0.97777527794780461        6.2345679929504268E-004 Ca
   2.2626262626262625       0.38888888888888890       0.75000000000000000       0.97799999999999998        8.9999999999999993E-003  0.97754392926515077        2.5679075948876590E-003 Ca
   2.2626262626262625       0.39393939393939392       0.75000000000000000       0.97799999999999998        8.9999999999999993E-003  0.97765574947747114        1.4630669414985443E-003 Ca
   2.2626262626262625       0.39898989898989901       0.75000000000000000       0.97799999999999998        8.9999999999999993E-003  0.97741990858557704        4.1543956677433727E-003 Ca
   2.2626262626262625       0.40404040404040403       0.75000000000000000       0.97799999999999998        8.9999999999999993E-003  0.97718347000065020        8.2311264177549592E-003 Ca
   2.2626262626262625       0.40909090909090912       0.75000000000000000       0.97799999999999998        8.9999999999999993E-003  0.97694472044223302        1.3748332654825172E-002 Ca
   2.2626262626262625       0.41414141414141414       0.75000000000000000       0.97799999999999998        8.9999999999999993E-003  0.97671059182620368        2.0525598008058223E-002 Ca
   2.2626262626262625       0.41919191919191917       0.75000000000000000       0.97799999999999998        8.9999999999999993E-003  0.97647652683096298        2.8653956750316692E-002 Ca
   2.2626262626262625       0.42424242424242425       0.75000000000000000       0.97799999999999998        8.9999999999999993E-003  0.97626485170346688        3.7169624826687696E-002 Ca
   2.2626262626262625       0.42929292929292928       0.75000000000000000       0.97799999999999998        8.9999999999999993E-003  0.97602662161402731        4.8076817953383880E-002 Ca
   2.2626262626262625       0.43434343434343436       0.75000000000000000       0.97799999999999998        8.9999999999999993E-003  0.97579274724328235        6.0147712741204437E-002 Ca
   2.2626262626262625       0.43939393939393939       0.75000000000000000       0.97799999999999998        8.9999999999999993E-003  0.97555888508234234        7.3568420261860001E-002 Ca
   2.2626262626262625       0.44444444444444442       0.75000000000000000       0.97799999999999998        8.9999999999999993E-003  0.97532472002721571        8.8359542380007636E-002 Ca
   2.2626262626262625       0.44949494949494950       0.75000000000000000       0.97799999999999998        8.9999999999999993E-003  0.97509104043295947       0.10446970077378442      Ca
   2.2626262626262625       0.45454545454545453       0.75000000000000000       0.97799999999999998        8.9999999999999993E-003  0.97485497469381244       0.12211338489580312      Ca
   2.2626262626262625       0.45959595959595961       0.75000000000000000       0.97799999999999998        8.9999999999999993E-003  0.97461713246634707       0.14128139197830780      Ca
   2.2626262626262625       0.46464646464646464       0.75000000000000000       0.97799999999999998        8.9999999999999993E-003  0.97438487158816778       0.16134757325970894      Ca
   2.2626262626262625       0.46969696969696972       0.75000000000000000       0.97799999999999998        8.9999999999999993E-003  0.97414715306859889       0.18326456144205905      Ca
   2.2626262626262625       0.47474747474747475       0.75000000000000000       0.97799999999999998        8.9999999999999993E-003  0.97391548906967207       0.20596579678973068      Ca
   2.2626262626262625       0.47979797979797978       0.75000000000000000       0.97799999999999998        8.9999999999999993E-003  0.97368220614198675       0.23016473827526887      Ca
   2.2626262626262625       0.48484848484848486       0.75000000000000000       0.97799999999999998        8.9999999999999993E-003  0.97344435907920679       0.25622054566920294      Ca
   2.2626262626262625       0.48989898989898989       0.75000000000000000       0.97799999999999998        8.9999999999999993E-003  0.97321121082264572       0.28311730598944784      Ca
   2.2626262626262625       0.49494949494949497       0.75000000000000000       0.97799999999999998        8.9999999999999993E-003  0.97297812997531996       0.31134788326888524      Ca
   2.2626262626262625       0.50000000000000000       0.75000000000000000       0.97799999999999998        8.9999999999999993E-003  0.97274511677629139       0.34091108265202519      Ca
