 Z Q2 pt2 MULT-RATIO STAT SYS fuu fuua DIS chi2
  0.34999999999999998        1.6379699999999999        5.9999999999999998E-002  0.45800000000000002        7.0000000000000001E-003   1.6000000000000000E-002   3.0000076900503310E-005   1.5739359362388164E-005  0.98068041912849935        19.429018986090064     
  0.34999999999999998        1.6484000000000001        9.2499999999999999E-002  0.46800000000000003        4.0000000000000001E-003   1.6000000000000000E-002   2.5093010341370201E-005   1.3647334297780421E-005  0.98123589960854796        27.362392237920123     
  0.34999999999999998        1.6274500000000001       0.14249999999999999       0.48499999999999999        3.0000000000000001E-003   1.7000000000000001E-002   1.9823117301650028E-005   1.1442491059826899E-005  0.98400072842300534        34.649735409037795     
  0.34999999999999998        1.6289199999999999       0.22000000000000000       0.51500000000000001        3.0000000000000001E-003   1.7999999999999999E-002   1.2537501722248314E-005   7.9777139401362326E-006  0.98475150324886707        51.661354755849260     
  0.45000000000000001        1.6494000000000000        5.9999999999999998E-002  0.45200000000000001        1.2999999999999999E-002   1.6000000000000000E-002   1.5223306098518619E-005   7.6451542452988748E-006  0.97949337559094918        8.6735876349245817     
  0.45000000000000001        1.6343099999999999        9.2499999999999999E-002  0.40799999999999997        7.0000000000000001E-003   1.4000000000000000E-002   1.3449457885904756E-005   6.9638736379058733E-006  0.98115238132345783        58.508772989900734     
  0.45000000000000001        1.6465900000000000       0.14249999999999999       0.45000000000000001        6.0000000000000001E-003   1.6000000000000000E-002   1.0429845625645895E-005   5.6495383919301064E-006  0.98096721774703677        35.755927722030570     
  0.45000000000000001        1.6323099999999999       0.22000000000000000       0.44600000000000001        4.0000000000000001E-003   1.6000000000000000E-002   7.2624432984646139E-006   4.2514276994344088E-006  0.98316723032799791        82.083971811984796     
  0.55000000000000004        1.6805699999999999        5.9999999999999998E-002  0.39800000000000002        1.9000000000000000E-002   1.4000000000000000E-002   7.9331137251318085E-006   3.8764010927929855E-006  0.97739889263020363        18.654686250740916     
  0.55000000000000004        1.6365400000000001        9.2499999999999999E-002  0.38700000000000001        1.2000000000000000E-002   1.4000000000000000E-002   7.4715193022802361E-006   3.7508400867603680E-006  0.98072636139743585        45.870820060585451     
  0.55000000000000004        1.6349800000000001       0.14249999999999999       0.42099999999999999        8.9999999999999993E-003   1.4999999999999999E-002   6.1137956890277723E-006   3.1876507826769241E-006  0.98128111601245827        39.781891195344613     
  0.55000000000000004        1.6501800000000000       0.22000000000000000       0.42899999999999999        6.0000000000000001E-003   1.4999999999999999E-002   4.2832226362640086E-006   2.3698692682691073E-006  0.98050800884363087        70.128232745374760     
  0.64999999999999991        1.6883900000000001        5.9999999999999998E-002  0.37300000000000000        3.3000000000000002E-002   1.2999999999999999E-002   4.1870241250087796E-006   2.0757599315068579E-006  0.97521575859156895        14.564544061767721     
  0.64999999999999991        1.6529799999999999        9.2499999999999999E-002  0.34999999999999998        1.6000000000000000E-002   1.2000000000000000E-002   3.9836611997993425E-006   2.0202673294885740E-006  0.97820418242817997        70.928503309355762     
  0.64999999999999991        1.6333800000000001       0.14249999999999999       0.37200000000000000        1.2000000000000000E-002   1.2999999999999999E-002   3.4234224455309661E-006   1.7911334269569099E-006  0.97894806084971209        84.314018248026358     
  0.64999999999999991        1.6472300000000000       0.22000000000000000       0.40799999999999997        8.9999999999999993E-003   1.4000000000000000E-002   2.5317500481210216E-006   1.3909111303498202E-006  0.97828425031744337        85.153630602280742     
