 pt up dp u1 d1 u2 d2
   0.0000000000000000        0.0000000000000000        0.0000000000000000        0.0000000000000000        0.0000000000000000        0.0000000000000000        0.0000000000000000     
   9.9999997764825821E-003   1.3378197830411287       0.64744686274028063       0.86900484761109431       0.42402385897920486       0.78211535668219356       0.38571889930417985     
   1.9999999552965164E-002   1.3353595589004592       0.64625622075568245       0.86767083845053761       0.42337294004160880       0.78095490206307216       0.38514659334629825     
   2.9999999329447746E-002   1.3311234560215746       0.64420613033696794       0.86533825598057712       0.42223477536621151       0.77891865387590942       0.38414236883804359     
   3.9999999105930328E-002   1.3254335387215499       0.64145245667191086       0.86220760468357693       0.42070719948706486       0.77618584925634682       0.38279462086088767     
   4.9999997019767761E-002   1.3179841475703808       0.63784727382793693       0.85812666566463680       0.41871593843043597       0.77262697675642822       0.38103947774586711     
   5.9999998658895493E-002   1.3089360907565899       0.63346840600713927       0.85316394770629922       0.41629442050046750       0.76829949677750209       0.37890527746457742     
   7.0000000298023224E-002   1.2983194983325939       0.62833043485060314       0.84733433952825188       0.41344991052703317       0.76321444925106185       0.37639746462335100     
   7.9999998211860657E-002   1.2861709825356042       0.62245107909624953       0.84065525686495191       0.41019090637634403       0.75738775057307151       0.37352388877363785     
   8.9999996125698090E-002   1.2725359211128027       0.61585229960937671       0.83314655256726056       0.40652709508577062       0.75083628248460244       0.37029287554992280     
   9.9999994039535522E-002   1.2574599035870888       0.60855615974556643       0.82483155786484375       0.40246986093937542       0.74357622974970561       0.36671240685579831     
  0.10999999940395355        1.2409973682649114       0.60058900528858394       0.81573233680954071       0.39802996991209200       0.73563187247964013       0.36279445700900348     
  0.11999999731779099        1.2232054223084234       0.59197847363282774       0.80587518000325620       0.39322025028963653       0.72702383440752494       0.35854919709692418     
  0.12999999523162842        1.2041404411114369       0.58275184802849433       0.79529409753991598       0.38805729702117508       0.71777498780197690       0.35398790712601885     
  0.14000000059604645        1.1838722555814736       0.57294292361194632       0.78401175004098966       0.38255216717294643       0.70791383092582172       0.34912464169638768     
  0.14999999105930328        1.1624677906960432       0.56258408917521552       0.77206546576163260       0.37672307476394462       0.69746505924683799       0.34397157996877353     
  0.15999999642372131        1.1399942251870918       0.55170785631649455       0.75948630553122187       0.37058517567364679       0.68645851100483002       0.33854343738497977     
  0.17000000178813934        1.1165278123725051       0.54035112834074639       0.74631350507376770       0.36415761465498564       0.67492498252916189       0.33285540189159690     
  0.17999999225139618        1.0921477342762980       0.52855222591992068       0.73257855745262390       0.35745575849249733       0.66289327671052101       0.32692167832324120     
  0.18999999761581421        1.0669239336933638       0.51634499833902514       0.71831969922756889       0.35049826440504073       0.65039714216501410       0.32075891061734113     
  0.19999998807907104        1.0409389930570936       0.50376941192094948       0.70357728137498043       0.34330482132388540       0.63746877331309060       0.31438297622255240     
  0.20999999344348907        1.0142756053450013       0.49086548648715167       0.68838839811337960       0.33589352907174985       0.62414034709516364       0.30780974396683453     
  0.21999999880790710       0.98700779164725150       0.47766904504100843       0.67279583237435225       0.32828526323269824       0.61044421856841180       0.30105517052068981     
  0.22999998927116394       0.95921926660213930       0.46422060184357028       0.65683512403555278       0.32049736520144595       0.59642003382225095       0.29413880830159878     
  0.23999999463558197       0.93099018757411922       0.45055894958933901       0.64055081635914279       0.31255156950106772       0.58209687195458959       0.28707499836237677     
  0.25000000000000000       0.90240444490589256       0.43672468757269228       0.62397984467068890       0.30446589842375538       0.56751206941164123       0.27988215406470290     
  0.25999999046325684       0.87353226688463559       0.42275180324454448       0.60716306048562663       0.29626028513474667       0.55269878327878985       0.27257662761847656     
  0.26999998092651367       0.84445540432786204       0.40867986046169891       0.59014300991819468       0.28795548966500550       0.53769378900788301       0.26517655571758497     
  0.28000000119209290       0.81524959159885824       0.39454551137755756       0.57295444005703289       0.27956846657428347       0.52252671439287690       0.25769655001742625     
  0.28999999165534973       0.78599115482385629       0.38038569453317067       0.55564227016315726       0.27112113385124459       0.50723514231265565       0.25015514541384665     
  0.29999998211860657       0.75674713193216003       0.36623285338434786       0.53824187161476411       0.26263075067265984       0.49185174034459694       0.24256845270416175     
  0.31000000238418579       0.72758898894506918       0.35212157439173947       0.52078814484750224       0.25411434642270903       0.47640781707110802       0.23495191246480557     
  0.31999999284744263       0.69858502347393459       0.33808491064273555       0.50332302460189249       0.24559238281751439       0.46093728446365673       0.22732224919580993     
  0.32999998331069946       0.66979509545489591       0.32415183175517953       0.48587932889681951       0.23708087314290535       0.44546727682280662       0.21969284482665277     
  0.34000000357627869       0.64128272126843688       0.31035307690769459       0.46848754136318788       0.22859469163905119       0.43003231958813171       0.21208072640383926     
  0.34999999403953552       0.61310580789096081       0.29671667057015250       0.45118870866958155       0.22015386669458403       0.41465670906140834       0.20449787622984972     
  0.35999998450279236       0.58531192854116609       0.28326563612102806       0.43401089844052798       0.21177209367898003       0.39937373617998784       0.19696071252688399     
  0.37000000476837158       0.55795997683367782       0.27002847552038173       0.41698195381515613       0.20346295842588780       0.38420523381414379       0.18948000269724233     
  0.37999999523162842       0.53109070684536963       0.25702491197723709       0.40013284005575511       0.19524157018360014       0.36917866271050936       0.18206928966509162     
  0.38999998569488525       0.50474763494706754       0.24427600553131337       0.38349188713901189       0.18712175233419903       0.35431921890555612       0.17474099945860255     
  0.39999997615814209       0.47881256286075491       0.23172455333268038       0.36708235762977726       0.17911485565730870       0.33964757060782919       0.16750532509928065     
  0.40999999642372131       0.45363927867960380       0.21954177350346735       0.35093113296001638       0.17123399672937675       0.32518622841607742       0.16037336822743739     
  0.41999998688697815       0.42909680740715289       0.20766427981510138       0.33505695120873674       0.16348831864389932       0.31095532813692078       0.15335505929783247     
  0.42999997735023499       0.40521821521518131       0.19610807486333837       0.31948215290159393       0.15588872227896258       0.29697501567749035       0.14646033374653333     
  0.43999999761581421       0.38202415477953006       0.18488315364926097       0.30422656653347635       0.14844488278763848       0.28325771504117919       0.13969531876804300     
  0.44999998807907104       0.35953733313496100       0.17400050539473969       0.28930529833746649       0.14116417113369450       0.26982638157860783       0.13307133534269819     
  0.45999997854232788       0.33777144906913931       0.16346675972000441       0.27473635735248136       0.13405537468143544       0.25668873813834003       0.12659219217802836     
  0.46999999880790710       0.31674501903604896       0.15329087778723302       0.26053016065701234       0.12712357635972324       0.24386006174227826       0.12026542350286837     
  0.47999998927116394       0.29646382283739064       0.14347565677024968       0.24670043356742966       0.12037547332522960       0.23135181587270276       0.11409668280775469     
  0.48999997973442078       0.27693972060794642       0.13402683646088104       0.23325993112199070       0.11381728929530005       0.21917393177566022       0.10809086792426843     
  0.50000000000000000       0.25817226600146803       0.12494420084686450       0.22021094014729159       0.10745014010840269       0.20733496150328598       0.10225219650151735     
  0.50999999046325684       0.24016878091014707       0.11623129340706723       0.20756616490489668       0.10128022470580827       0.19584219683622320        9.6584264655572585E-002
  0.51999998092651367       0.22292059530394015       0.10788391822226062       0.19532969028339833        9.5309536275735324E-002  0.18470366111272674        9.1091029287643246E-002
  0.52999997138977051       0.20642951354930703        9.9902948527703275E-002  0.18350566675001950        8.9540100004963291E-002  0.17391961540525513        8.5772619151857993E-002
  0.53999996185302734       0.19068484773828601        9.2283211838605134E-002  0.17209906332729460        8.3974340487688662E-002  0.16349563335718761        8.0631783023791828E-002
  0.55000001192092896       0.17568218276050174        8.5022571432668420E-002  0.16110667343312415        7.8610693098213863E-002  0.15343384127334914        7.5669569541538598E-002
  0.56000000238418579       0.16140686944306820        7.8113937744357445E-002  0.15053098196424686        7.3450370321724912E-002  0.14373540424531678        7.0886553297882807E-002
  0.56999999284744263       0.14785170623273219        7.1553825533642146E-002  0.14037077264383330        6.8492778685819267E-002  0.13439898672430159        6.6282075634987850E-002
  0.57999998331069946       0.13499589850470414        6.5332171102293390E-002  0.13062586808394083        6.3737831635490641E-002  0.12542918851439860        6.1858405056288090E-002
  0.58999997377395630       0.12282902699009884        5.9443931975205241E-002  0.12128858914119639        5.9181782195085665E-002  0.11681509471789181        5.7610158618848904E-002
  0.59999996423721313       0.11133009268000223        5.3878945541079720E-002  0.11235669370537613        5.4823536345126711E-002  0.10855940417904711        5.3538667322286800E-002
  0.61000001430511475       0.10048468150479102        4.8630236014182940E-002  0.10382479149708403        5.0660463942552227E-002  0.10065704549773268        4.9641430084299658E-002
  0.62000000476837158        9.0269835432020787E-002   4.3686692700631413E-002   9.5686780270044278E-002   4.6689587445842728E-002   9.3103516799282027E-002   4.5916226697693852E-002
  0.62999999523162842        8.0669212842503793E-002   3.9040406964142856E-002   8.7937588030083960E-002   4.2908432016626717E-002   8.5893445505250243E-002   4.2360407546876831E-002
  0.63999998569488525        7.1659363371860157E-002   3.4680029843489175E-002   8.0565532900527856E-002   3.9311297578038702E-002   7.9022643360496345E-002   3.8971907093627016E-002
  0.64999997615814209        6.3220369035692586E-002   3.0595921896442439E-002   7.3564263563609900E-002   3.5895085056148010E-002   7.2480876059968016E-002   3.5745678045564507E-002
  0.65999996662139893        5.5327916225415941E-002   2.6776316388947681E-002   6.6924856799012930E-002   3.2655440438058472E-002   6.6262834811858920E-002   3.2679102245003692E-002
  0.66999995708465576        4.7963606417310137E-002   2.3212309231969472E-002   6.0639784768826276E-002   2.9588690576388285E-002   6.0360906086972539E-002   2.9768424897876830E-002
  0.68000000715255737        4.1101528879126971E-002   1.9891360752737269E-002   5.4695338746024856E-002   2.6688146409102012E-002   5.4766991770474047E-002   2.7009652225115657E-002
  0.68999999761581421        3.4723089055252114E-002   1.6804471991264600E-002   4.9083282724227191E-002   2.3949789243763075E-002   4.9472732574734828E-002   2.4398661644040334E-002
  0.69999998807907104        2.8803533084917024E-002   1.3939663150497794E-002   4.3793048925651085E-002   2.1368462619014067E-002   4.4469351789113272E-002   2.1931124709825917E-002
  0.70999997854232788        2.3322126037031560E-002   1.1286899421373902E-002   3.8813856975547643E-002   1.8938906338534147E-002   3.9749517744988583E-002   1.9603425634690686E-002
  0.71999996900558472        1.8254641087420528E-002   8.8344560697357476E-003   3.4136554023906356E-002   1.6656654343482711E-002   3.5300645309936388E-002   1.7409357759495744E-002
  0.72999995946884155        1.3583039522477228E-002   6.5736031390670321E-003   2.9746400104501365E-002   1.4514514387030051E-002   3.1115042938619053E-002   1.5345127814646935E-002
  0.74000000953674316        9.2827155430397126E-003   4.4924324877222161E-003   2.5634064292274852E-002   1.2507933520062265E-002   2.7183185244287117E-002   1.3406038127785512E-002
  0.75000000000000000        5.3347933246324954E-003   2.5818090337620062E-003   2.1788367963008037E-002   1.0631457223663453E-002   2.3495524523726805E-002   1.1587380020654427E-002
  0.75999999046325684        1.7234965290153111E-003   8.3409771241245369E-004   1.8198095074897218E-002   8.8796127213109973E-003   2.0044049633150478E-002   9.8852026060379707E-003
  0.76999998092651367       -1.5796046619747102E-003  -7.6446027763219545E-004   1.4853823730444117E-002   7.2478026746273265E-003   1.6815933782036902E-002   8.2931800453252980E-003
  0.77999997138977051       -4.5890577689952387E-003  -2.2209053066294449E-003   1.1741073419519328E-002   5.7289614362781667E-003   1.3803216158872408E-002   6.8073862738657030E-003
  0.78999996185302734       -7.3215560707210322E-003  -3.5433161988303809E-003   8.8506629068599244E-003   4.3186090970696017E-003   1.0993888769604707E-002   5.4218992621156521E-003
  0.79999995231628418       -9.7981095079157487E-003  -4.7418608560752104E-003   6.1718450583873033E-003   3.0115016801958118E-003   8.3851339433225740E-003   4.1353294082559985E-003
  0.81000000238418579       -1.2034060863687477E-002  -5.8239645212216822E-003   3.6940501204347576E-003   1.8024817601826858E-003   5.9620534001052997E-003   2.9403292691206158E-003
  0.81999999284744263       -1.4041428646493371E-002  -6.7954436320995524E-003   1.4085921328631586E-003   6.8731109331127366E-004   3.7171099716203277E-003   1.8331817098287385E-003
  0.82999998331069946       -1.5844343497455678E-002  -7.6679763744319446E-003  -6.9790111214260218E-004  -3.4053518063804488E-004   1.6413630929101143E-003   8.0947747687946687E-004
  0.83999997377395630       -1.7453392843471718E-002  -8.4466866045230411E-003  -2.6336289273391788E-003  -1.2850578497456129E-003  -2.7392897984198429E-004  -1.3509462982593901E-004
  0.84999996423721313       -1.8881118163030907E-002  -9.1376438550595535E-003  -4.4081502455192781E-003  -2.1509211176480416E-003  -2.0358342536609870E-003  -1.0040203670453542E-003
  0.85999995470046997       -2.0144180802689364E-002  -9.7489114965294780E-003  -6.0291324565308882E-003  -2.9418662249616149E-003  -3.6555699115044995E-003  -1.8028317569117199E-003
  0.87000000476837158       -2.1253697390189830E-002  -1.0285869495537775E-002  -7.5087766539841906E-003  -3.6638465962392681E-003  -5.1397270538619316E-003  -2.5347793583154381E-003
  0.87999999523162842       -2.2220102006337811E-002  -1.0753567495518314E-002  -8.8540683571596366E-003  -4.3202707588907126E-003  -6.4960860447171509E-003  -3.2037002438908761E-003
  0.88999998569488525       -2.3055361885568559E-002  -1.1157797119893736E-002  -1.0073352096940389E-002  -4.9152103590019156E-003  -7.7307495355348381E-003  -3.8126040822063518E-003
  0.89999997615814209       -2.3773709603387171E-002  -1.1505446319101314E-002  -1.1174633428432550E-002  -5.4525716421809037E-003  -8.8538882181606396E-003  -4.3665067932669157E-003
  0.90999996662139893       -2.4381005611735476E-002  -1.1799351298190505E-002  -1.2164042445698015E-002  -5.9353457380481919E-003  -9.8710376867831226E-003  -4.8681383877790070E-003
  0.91999995708465576       -2.4889820094279910E-002  -1.2045595481911094E-002  -1.3052010319717042E-002  -6.3686224517813311E-003  -1.0788901510510420E-002  -5.3208048912230686E-003
  0.93000000715255737       -2.5307362679493781E-002  -1.2247668018349965E-002  -1.3844000098511479E-002  -6.7550674333020644E-003  -1.1613931163472173E-002  -5.7276880024097242E-003
  0.93999999761581421       -2.5640260836460062E-002  -1.2408776315649819E-002  -1.4546682899461207E-002  -7.0979358001657571E-003  -1.2350871907288761E-002  -6.0911279606316949E-003
  0.94999998807907104       -2.5896775348748288E-002  -1.2532918235461220E-002  -1.5164908651144088E-002  -7.3995940356399205E-003  -1.3008428238661255E-002  -6.4154175966815779E-003
  0.95999997854232788       -2.6087514589073251E-002  -1.2625227770957164E-002  -1.5822822835515758E-002  -7.7206179195703079E-003  -1.3590796097944077E-002  -6.7026262389279188E-003
  0.96999996900558472       -2.6214960641355270E-002  -1.2686906143309440E-002  -1.6294519428481560E-002  -7.9507784418809974E-003  -1.4103278573034370E-002  -6.9553692320370843E-003
  0.97999995946884155       -2.6288355633899776E-002  -1.2722426142539657E-002  -1.6700439599652662E-002  -8.1488438932885779E-003  -1.4549576483241984E-002  -7.1754717235893509E-003
  0.98999994993209839       -2.6311771145138739E-002  -1.2733758236356236E-002  -1.7044595546204449E-002  -8.3167719928253208E-003  -1.4937249401928561E-002  -7.3666618980415752E-003
   1.0000000000000000       -2.6288852151012048E-002  -1.2722666435328491E-002  -1.7333980582632341E-002  -8.4579750715127466E-003  -1.5271640812086849E-002  -7.5315750218679315E-003
