 z up dp u1 d1 u2 d2
   0.0000000000000000        0.0000000000000000        0.0000000000000000        0.0000000000000000        0.0000000000000000        0.0000000000000000        0.0000000000000000     
  0.20000000298023224        3.5295540602887847        2.4858200101447201        2.7947120698076455        1.9456754153171330        2.5385780392540869        1.7910802721638008     
  0.25000000000000000        2.0406650290499009        1.3383818060117090        1.5728235605945342        1.0287949445890965        1.4010915309890521       0.93274337039405164     
  0.30000001192092896        1.2451865022139723       0.73108528670562123       0.93002921610922362       0.55307272937973373       0.81024197933099817       0.49404456068305569     
  0.35000002384185791       0.78395255551320098       0.40940474911012514       0.56702958871359788       0.30445670689791388       0.48275669340868177       0.26745840704006613     
  0.40000000596046448       0.50501612077702818       0.23773562441904605       0.35432466473844026       0.17308106762007641       0.29506301251418399       0.14916695929444210     
  0.45000001788139343       0.33354738952343410       0.14325603825581215       0.22761859246248758       0.10187599211596071       0.18584832568580170        8.6020881959657750E-002
  0.50000000000000000       0.22686842895615758        8.8716247833424966E-002  0.15157165692680075        6.1808454998938556E-002  0.12185800479349318        5.1214139720612277E-002
  0.55000001192092896       0.15925241995902625        5.5329541174992926E-002  0.10476411628214723        3.7850596608270434E-002   8.3298117227620067E-002   3.0865484362247609E-002
  0.60000002384185791       0.11477604545033089        3.3876431146092130E-002   7.4705050598762437E-002   2.2836164085579667E-002   5.8950409325017723E-002   1.8384387609068475E-002
  0.64999997615814209        8.3915096358470040E-002   1.9870183580253005E-002   5.4172632253364390E-002   1.3232844344930311E-002   4.2506577031443830E-002   1.0543823200686163E-002
  0.70000004768371582        6.1094045659967802E-002   1.0857149847078220E-002   3.9128324061088460E-002   7.1459567301156574E-003   3.0532594973866581E-002   5.6425748465722715E-003
  0.75000000000000000        4.3297264161147944E-002   5.3381343958756418E-003   2.7465693789874530E-002   3.4652011826057957E-003   2.1289379129200894E-002   2.7117496965501585E-003
  0.80000007152557373        2.9003880663741835E-002   2.2365708871051604E-003   1.8164362137208234E-002   1.4344938444059794E-003   1.3956549123079380E-002   1.1115035210145791E-003
  0.85000002384185791        1.7573282422400052E-002   7.2917604989234254E-004   1.0811436261703682E-002   4.5982963400625703E-004   8.2076106279044634E-003   3.5191731520399673E-004
  0.89999997615814209        8.8199515522830469E-003   1.4698810278852264E-004   5.2851758985480593E-003   9.2707901139429331E-005   3.9429466998813336E-003   6.9735668752586845E-005
