 Z Q2 pt2 MULT-RATIO STAT SYS fuu fuua DIS chi2
  0.34999999999999998        1.6470799999999999        5.9999999999999998E-002  0.81564837257386191        2.0000000000000000E-002   2.7999999999999997E-002   4.7630584173046291E-005   4.1301101644184189E-005   1.0798312607450176       0.13495007611232304     
  0.34999999999999998        1.6515000000000000        9.2499999999999999E-002  0.79070398087251714        1.3000000000000001E-002   2.7000000000000003E-002   4.1505250075207263E-005   3.6593351809682887E-005   1.0805137726247021       0.71031692000382674     
  0.34999999999999998        1.6326600000000000       0.14250000000000002       0.83344259093585427        9.0000000000000011E-003   2.8999999999999998E-002   3.3477168193713749E-005   3.0248256265372427E-005   1.0824187062646977        1.8534485339699285E-003
  0.34999999999999998        1.6364799999999999       0.22000000000000003       0.78284634985643375        6.9999999999999993E-003   2.8999999999999998E-002   2.1789088332724227E-005   2.0456274055279635E-005   1.0827642028329731        7.9701457216277722     
  0.45000000000000001        1.6495299999999999        5.9999999999999998E-002  0.71681190766309366        3.7000000000000005E-002   2.7999999999999997E-002   2.4059443576078722E-005   2.0394551380300350E-005   1.0793524457223218        2.1820613642239666     
  0.45000000000000001        1.6386799999999999        9.2499999999999999E-002  0.76227086021463519        2.2000000000000002E-002   2.6000000000000002E-002   2.1315148906751484E-005   1.8388003795566591E-005   1.0803284914789051        1.1332857706011044     
  0.45000000000000001        1.6516500000000001       0.14250000000000002       0.75498330713364636        1.7000000000000001E-002   2.7999999999999997E-002   1.7066460200486553E-005   1.5139230149350551E-005   1.0802208022508142        4.0860814623251347     
  0.45000000000000001        1.6415400000000002       0.22000000000000003       0.80119639520945685        1.2000000000000000E-002   2.7000000000000003E-002   1.2138293646295113E-005   1.1241573190829295E-005   1.0814578022489252        3.4865807469930519     
  0.55000000000000004        1.6720599999999999        5.9999999999999998E-002  0.73482468494766318        6.7000000000000004E-002   2.7999999999999997E-002   1.2704180806194246E-005   1.0217496531009350E-005   1.0781075213296456        2.3662016693501972E-002
  0.55000000000000004        1.6452599999999999        9.2499999999999999E-002  0.74145639947290476        3.6000000000000004E-002   2.5000000000000001E-002   1.1667818831689392E-005   9.5450811700101080E-006   1.0798784549477032       0.13493788407526755     
  0.55000000000000004        1.6415599999999999       0.14250000000000002       0.71464954636000322        2.6000000000000002E-002   2.6000000000000002E-002   9.7367309788141467E-006   8.1956337371729622E-006   1.0804089009397457        3.0703325207696390     
  0.55000000000000004        1.6588799999999999       0.22000000000000003       0.76394600698757531        1.9000000000000000E-002   2.7000000000000003E-002   6.9761755715981897E-006   6.1441715783622883E-006   1.0795812079773524        2.4680587297328631     
  0.64999999999999991        1.6932900000000002        5.9999999999999998E-002  0.71659243431088793        9.6000000000000002E-002   2.5000000000000001E-002   6.2678237226599460E-006   4.7655729122936661E-006   1.0752259156198984        9.1004393282881988E-003
  0.64999999999999991        1.6674200000000001        9.2499999999999999E-002  0.68002077414752782        5.4000000000000006E-002   2.5000000000000001E-002   6.0011660618369980E-006   4.6398207718142164E-006   1.0775944165500786       0.39628540499168718     
  0.64999999999999991        1.6358999999999999       0.14250000000000002       0.66241234940623817        3.5000000000000003E-002   2.4000000000000000E-002   5.2527369264130277E-006   4.1665589104255725E-006   1.0793445450810271        2.9180038696566322     
  0.64999999999999991        1.6489499999999999       0.22000000000000003       0.81080943493560975        2.7999999999999997E-002   2.7000000000000003E-002   3.9447170762885979E-006   3.2704668164607052E-006   1.0785259079038756        1.1713463717975625     
