 Z Q2 pt2 MULT-RATIO STAT SYS fuu fuua DIS chi2
  0.34999999999999998        1.6388599999999998        5.9999999999999998E-002  0.60060548519020684        1.4999999999999999E-002   2.1000000000000001E-002   4.7731195047516821E-005   3.2924696862277537E-005   1.0733909047398593        2.6518479899910110     
  0.34999999999999998        1.6468099999999999        9.2499999999999999E-002  0.60886747597432733        1.0000000000000000E-002   2.2000000000000002E-002   4.1256514010627308E-005   2.9762918236285629E-005   1.0739180692478547        6.7722955016521009     
  0.34999999999999998        1.6274500000000001       0.14250000000000002       0.64202398951799755        6.9999999999999993E-003   2.2000000000000002E-002   3.3146964474358143E-005   2.5600379847378898E-005   1.0761804752034621        10.732655530443600     
  0.34999999999999998        1.6306300000000000       0.22000000000000003       0.66474884094312103        6.0000000000000001E-003   2.3000000000000000E-002   2.1518438809705589E-005   1.8698509905213271E-005   1.0766040174076581        35.877303171290357     
  0.45000000000000001        1.6429400000000001        5.9999999999999998E-002  0.48701325165164422        2.5000000000000001E-002   1.9000000000000000E-002   2.4163784866669841E-005   1.5736980845736791E-005   1.0727957275251647        14.618499618614107     
  0.45000000000000001        1.6319299999999999        9.2499999999999999E-002  0.54708242558953135        1.8000000000000002E-002   2.0000000000000000E-002   2.1371293045930982E-005   1.4506339304665005E-005   1.0739491242265113        9.9688987181059385     
  0.45000000000000001        1.6456900000000001       0.14250000000000002       0.53522916062328796        1.2000000000000000E-002   2.0000000000000000E-002   1.6971799897454782E-005   1.2345939092194351E-005   1.0735925249678147        37.246434238246316     
  0.45000000000000001        1.6341800000000000       0.22000000000000003       0.59078492591083687        9.0000000000000011E-003   2.1000000000000001E-002   1.2105695856496331E-005   9.8455987346268358E-006   1.0752816418032507        52.521114048390686     
  0.55000000000000004        1.6793400000000001        5.9999999999999998E-002  0.66998110083160956        5.2000000000000005E-002   2.2000000000000002E-002   1.2560829833179027E-005   7.3406397545483400E-006   1.0703413026119128        4.8215527145181589     
  0.55000000000000004        1.6393200000000001        9.2499999999999999E-002  0.59812595986282036        2.7999999999999997E-002   1.9000000000000000E-002   1.1645001749292371E-005   7.0409457680450069E-006   1.0732254112987338        1.0544678577594384     
  0.55000000000000004        1.6351700000000000       0.14250000000000002       0.52775836054983505        1.8000000000000002E-002   1.8000000000000002E-002   9.7095321062543811E-006   6.2557743759728362E-006   1.0738824113463303        8.0460256673107438     
  0.55000000000000004        1.6525099999999999       0.22000000000000003       0.54593585842328507        1.3999999999999999E-002   1.9000000000000000E-002   6.9887574961732528E-006   5.0042240800158331E-006   1.0730457979083134        26.442159874809931     
  0.64999999999999991        1.6768299999999998        5.9999999999999998E-002  0.54588108327514862        7.4000000000000010E-002   1.9000000000000000E-002   6.4073340741110437E-006   3.3075559490371831E-006   1.0685794431416955       0.67559073044323048     
  0.64999999999999991        1.6648400000000001        9.2499999999999999E-002  0.43435200975711091        3.3000000000000002E-002   1.6000000000000000E-002   5.9284137282630712E-006   3.1691986809545692E-006   1.0699317090181495        3.1689046420717104     
  0.64999999999999991        1.6329700000000000       0.14250000000000002       0.50216874956438051        2.3000000000000000E-002   1.7000000000000001E-002   5.2096213335172079E-006   2.9358646073582100E-006   1.0721964366011352       0.67118827152707994     
  0.64999999999999991        1.6450599999999997       0.22000000000000003       0.50630408600463916        1.9000000000000000E-002   1.8000000000000002E-002   3.9417374162788044E-006   2.4437191232976631E-006   1.0714797407411545        7.6305564671463282     
