 pt up dp u1 d1 u2 d2
   0.0000000000000000        0.0000000000000000        0.0000000000000000        0.0000000000000000        0.0000000000000000        0.0000000000000000        0.0000000000000000     
   9.9999997764825821E-003   3.2407826464612248        3.2407826464612248        3.1032306513952035        1.8971144986323631        2.7191274225797657        1.5985111359957882     
   1.9999999552965164E-002   3.2350475901669262        3.2350475901669262        3.0987146441306335        1.8943537038929550        2.7154832793763961        1.5963688298120560     
   2.9999999329447746E-002   3.2243544007509328        3.2243544007509328        3.0898982570528015        1.8889639350907581        2.7082016787280003        1.5920881478448641     
   3.9999999105930328E-002   3.2094064666626574        3.2094064666626574        3.0769981346763595        1.8810776346691385        2.6972925486219537        1.5856749265247694     
   4.9999997019767761E-002   3.1904996401477832        3.1904996401477832        3.0614426104518038        1.8715679933129734        2.6844519619144145        1.5781262472410125     
   5.9999998658895493E-002   3.1675479292102304        3.1675479292102304        3.0425313334816484        1.8600068617832857        2.6688413720391759        1.5689491481658411     
   7.0000000298023224E-002   3.1406040573870233        3.1406040573870233        3.0203451672594679        1.8464436747896795        2.6505255006698261        1.5581816776507624     
   7.9999998211860657E-002   3.1097826264079056        3.1097826264079056        2.9948940812086713        1.8308845269927869        2.6295137679369032        1.5458293735692259     
   8.9999996125698090E-002   3.0751945561881007        3.0751945561881007        2.9663246725692032        1.8134190384629780        2.6058905167821544        1.5319418191553684     
   9.9999994039535522E-002   3.0369496996538681        3.0369496996538681        2.9346499954390399        1.7940551896314023        2.5797380917228061        1.5165674228164865     
  0.10999999940395355        2.9952336486480622        2.9952336486480622        2.9000524667256165        1.7729044983962614        2.5511016623559692        1.4997327386976316     
  0.11999999731779099        2.9501353959623322        2.9501353959623322        2.8625721881906308        1.7499914803808174        2.5200789095168163        1.4814951910671545     
  0.12999999523162842        2.9018526050626110        2.9018526050626110        2.8223850079312314        1.7254236377375431        2.4867687727689001        1.4619129441702565     
  0.14000000059604645        2.8504899191693842        2.8504899191693842        2.7795029529663129        1.6992083230078696        2.4512423628951470        1.4410278023657339     
  0.14999999105930328        2.7962963045348856        2.7962963045348856        2.7341701308893169        1.6714947677851781        2.4135954720872039        1.4188960796327765     
  0.15999999642372131        2.7394408401824930        2.7394408401824930        2.6864695461229431        1.6423337156046560        2.3739871893474640        1.3956113006586919     
  0.17000000178813934        2.6800976644651882        2.6800976644651882        2.6365161231768406        1.6117954238780141        2.3324616277781178        1.3711993984999837     
  0.17999999225139618        2.6184295604335532        2.6184295604335532        2.5845022361612551        1.5799974976932074        2.2891435080429319        1.3457336935050348     
  0.18999999761581421        2.5546923331056965        2.5546923331056965        2.5305496300559223        1.5470143640562000        2.2441946332649825        1.3193093059289391     
  0.19999998807907104        2.4890792790947440        2.4890792790947440        2.4748098354060826        1.5129386589411253        2.1976802572808594        1.2919645969693385     
  0.20999999344348907        2.4217552646550509        2.4217552646550509        2.4174051101214218        1.4778451229261418        2.1497313659218307        1.2637765701194079     
  0.21999999880790710        2.3529854691423226        2.3529854691423226        2.3585540358863022        1.4418673827148756        2.1005108797595020        1.2348410025559866     
  0.22999998927116394        2.2829380239719401        2.2829380239719401        2.2983817448171795        1.4050819359895941        2.0501133742834536        1.2052134929877003     
  0.23999999463558197        2.2118396260855966        2.2118396260855966        2.2370454393758719        1.3675848861673605        1.9986241973508310        1.1749442154148353     
  0.25000000000000000        2.1398616723612935        2.1398616723612935        2.1747029142089036        1.3294726986886645        1.9462523611154869        1.1441560431726834     
  0.25999999046325684        2.0672551261363830        2.0672551261363830        2.1115112952964088        1.2908414302146172        1.8930813825892856        1.1128980739505985     
  0.26999998092651367        1.9941857757503212        1.9941857757503212        2.0476113238981730        1.2517771208480908        1.8392009232490754        1.0812230176245579     
  0.28000000119209290        1.9208652493749780        1.9208652493749780        1.9831638851707039        1.2123781253674832        1.7848082797494467        1.0492468602630494     
  0.28999999165534973        1.8474546721005902        1.8474546721005902        1.9183527629672255        1.1727567973332376        1.7299686685768731        1.0170079411064517     
  0.29999998211860657        1.7741590678594295        1.7741590678594295        1.8533021106986689        1.1329890361103698        1.6748450106248303       0.98460203752082087     
  0.31000000238418579        1.7011919894732332        1.7011919894732332        1.7881567331008121        1.0931633659481448        1.6195220460451880       0.95207896625078969     
  0.31999999284744263        1.6286556431706285        1.6286556431706285        1.7230580124736903        1.0533662188399835        1.5641214540851003       0.91951025966735911     
  0.32999998331069946        1.5567587783335086        1.5567587783335086        1.6581103122857959        1.0136613958601348        1.5087815706812417       0.88697724221801577     
  0.34000000357627869        1.4855973339668509        1.4855973339668509        1.5935343282446082       0.97418381608922544        1.4535631940711045       0.85451565575835242     
  0.34999999403953552        1.4153996704063383        1.4153996704063383        1.5293541396172092       0.93494820003366186        1.3986521138370778       0.82223472161942457     
  0.35999998450279236        1.3462599156079817        1.3462599156079817        1.4657632964921639       0.89607287169848271        1.3440573601120174       0.79013974840420864     
  0.37000000476837158        1.2782904474105699        1.2782904474105699        1.4028386821869423       0.85760483257106046        1.2899175856784324       0.75831224682641296     
  0.37999999523162842        1.2116380592589380        1.2116380592589380        1.3406844027647167       0.81960772636468215        1.2363252701572853       0.72680658348273797     
  0.38999998569488525        1.1463956305198510        1.1463956305198510        1.2794430266009738       0.78216871016258405        1.1834041680614140       0.69569551074413094     
  0.39999997615814209        1.0826264044623366        1.0826264044623366        1.2191756843794748       0.74532515531079058        1.1311635426595616       0.66498447426867990     
  0.40999999642372131        1.0204884812403083        1.0204884812403083        1.1599895780142215       0.70914259812554381        1.0797180574702876       0.63474088204535584     
  0.41999998688697815       0.96001238599812677       0.96001238599812677        1.1019353866389967       0.67365202055123352        1.0291404394758785       0.60500748855859565     
  0.42999997735023499       0.90129206572301213       0.90129206572301213        1.0451476732818126       0.63893568571944903       0.97949769111239915       0.57582368296659070     
  0.43999999761581421       0.84437346904961563       0.84437346904961563       0.98962238487176990       0.60499111584480070       0.93088372266193187       0.54724467291810452     
  0.44999998807907104       0.78927600140327137       0.78927600140327137       0.93545794006171035       0.57187847772576883       0.88329014409033257       0.51926552610915855     
  0.45999997854232788       0.73610196451090759       0.73610196451090759       0.88274198659568803       0.53965135352388027       0.83680094697787477       0.49193561921672480     
  0.46999999880790710       0.68484033889426155       0.68484033889426155       0.83145514435873269       0.50829789549037807       0.79146181652913183       0.46528180949937015     
  0.47999998927116394       0.63553697765248096       0.63553697765248096       0.78167301066279371       0.47786431893203885       0.74734298360436835       0.43934538403003282     
  0.48999997973442078       0.58711061240354134       0.58711061240354134       0.73346089447411267       0.44839054952654106       0.70442018489883973       0.41411207898182856     
  0.50000000000000000       0.54171700870436179       0.54171700870436179       0.68678433362096902       0.41985551933116005       0.66275359295610015       0.38961726837958371     
  0.50999999046325684       0.49832812207847832       0.49832812207847832       0.64169748893109357       0.39229233877276587       0.62236867901975113       0.36587592616905995     
  0.51999998092651367       0.45686510785614326       0.45686510785614326       0.59824559863954196       0.36572866358219536       0.58331283891929675       0.34291591524503512     
  0.52999997138977051       0.41737092868646852       0.41737092868646852       0.55638007908288534       0.34013479285009168       0.54554682706554014       0.32071416404754782     
  0.53999996185302734       0.37980364148178358       0.37980364148178358       0.51613568637474816       0.31553197421624785       0.50910944640276612       0.29929348391601512     
  0.55000001192092896       0.34412939985239122       0.34412939985239122       0.47755657973047544       0.29194720376864064       0.47400718439119238       0.27865768867589830     
  0.56000000238418579       0.31033343135815877       0.31033343135815877       0.44053096654924528       0.26931213874204180       0.44024296334301399       0.25880849628588848     
  0.56999999284744263       0.27835215398371144       0.27835215398371144       0.40514458034181333       0.24767919105955455       0.40783966345080969       0.23975935747371879     
  0.57999998331069946       0.24818523286938188       0.24818523286938188       0.37135877451183180       0.22702473469189191       0.37674227032999691       0.22147793057504997     
  0.58999997377395630       0.21974983874011017       0.21974983874011017       0.33911946781055058       0.20731570786162457       0.34696724274249546       0.20397389130937757     
  0.59999996423721313       0.19304879202011896       0.19304879202011896       0.30843097262875618       0.18855474688554744       0.31850227397460740       0.18724000484881884     
  0.61000001430511475       0.16798920538473092       0.16798920538473092       0.27929210587318448       0.17074112849696313       0.29135484113663929       0.17128066681087625     
  0.62000000476837158       0.14451237910785822       0.14451237910785822       0.25162468533755483       0.15382705715189485       0.26546079148655799       0.15605816330553759     
  0.62999999523162842       0.12260027915695591       0.12260027915695591       0.22542192557979970       0.13780838466995451       0.24082244595547894       0.14157385875368417     
  0.63999998569488525       0.10216045651005776       0.10216045651005776       0.20067307456262970       0.12267853795100155       0.21741650531505385       0.12781405608629801     
  0.64999997615814209        8.3181581440556873E-002   8.3181581440556873E-002  0.17729417184347912       0.10838618901113939       0.19523890607260727       0.11477636647149171     
  0.65999996662139893        6.5565805979386979E-002   6.5565805979386979E-002  0.15527060650164190        9.4922405678504573E-002  0.17421891326949235       0.10241920648873083     
  0.66999995708465576        4.9248204408175414E-002   4.9248204408175414E-002  0.13458441373747274        8.2276205436584107E-002  0.15434907861874592        9.0738197465079357E-002
  0.68000000715255737        3.4203057000228416E-002   3.4203057000228416E-002  0.11514886914082813        7.0394570590481653E-002  0.13559848813806147        7.9715165796547152E-002
  0.68999999761581421        2.0337935751906518E-002   2.0337935751906518E-002   9.6943915206494216E-002   5.9265239278859246E-002  0.11795537557224363        6.9343194378109679E-002
  0.69999998807907104        7.6368453932666204E-003   7.6368453932666204E-003   7.9960257786884328E-002   4.8882529661041764E-002  0.10134572647739717        5.9578771856893475E-002
  0.70999997854232788       -3.9955857416296061E-003  -3.9955857416296061E-003   6.4070862161776598E-002   3.9168780925882385E-002   8.5755801002569729E-002   5.0413820897290088E-002
  0.71999996900558472       -1.4622545800562664E-002  -1.4622545800562664E-002   4.9291930069431028E-002   3.0133897768200833E-002   7.1150511204027336E-002   4.1827714121438729E-002
  0.72999995946884155       -2.4284508281907213E-002  -2.4284508281907213E-002   3.5597812635586847E-002   2.1762200125281499E-002   5.7494552180130949E-002   3.3799696607022200E-002
  0.74000000953674316       -3.2996642201320647E-002  -3.2996642201320647E-002   2.2877116269143325E-002   1.3985589160630866E-002   4.4770338309856356E-002   2.6319430180548987E-002
  0.75000000000000000       -4.0894310924957628E-002  -4.0894310924957628E-002   1.1137768055609003E-002   6.8089109815927451E-003   3.2904481905987874E-002   1.9343771944674498E-002
  0.75999999046325684       -4.7974225708568498E-002  -4.7974225708568498E-002   2.9519264193755249E-004   1.8046168777609306E-004   2.1879416878008488E-002   1.2862395207433392E-002
  0.76999998092651367       -5.4317897443511891E-002  -5.4317897443511891E-002  -9.6751440862490792E-003  -5.9147572914465228E-003   1.1659042685509522E-002   6.8540773091667999E-003
  0.77999997138977051       -5.9935526297106252E-002  -5.9935526297106252E-002  -1.8816904340691012E-002  -1.1503438208195525E-002   2.2248357149698798E-003   1.3079286526286337E-003
  0.78999996185302734       -6.4908358659816215E-002  -6.4908358659816215E-002  -2.7154825286341059E-002  -1.6600703765085854E-002  -6.4943646949477806E-003  -3.8178844433272708E-003
  0.79999995231628418       -6.9287094369624574E-002  -6.9287094369624574E-002  -3.4768316383604538E-002  -2.1255099769885981E-002  -1.4515901023919508E-002  -8.5335572151059233E-003
  0.81000000238418579       -7.3101099985082421E-002  -7.3101099985082421E-002  -4.1679994062581653E-002  -2.5480452445094375E-002  -2.1874564358977663E-002  -1.2859542525487017E-002
  0.81999999284744263       -7.6378083951691780E-002  -7.6378083951691780E-002  -4.7912431258298929E-002  -2.9290561423134673E-002  -2.8604467774494918E-002  -1.6815894649534951E-002
  0.82999998331069946       -7.9163806998250236E-002  -7.9163806998250236E-002  -5.3540291576917969E-002  -3.2731071203459777E-002  -3.4722934647901570E-002  -2.0412797593892935E-002
  0.83999997377395630       -8.1527470704509136E-002  -8.1527470704509136E-002  -5.8583650493859545E-002  -3.5814254633229965E-002  -4.0295208420698128E-002  -2.3688606445168417E-002
  0.84999996423721313       -8.3468752931932191E-002  -8.3468752931932191E-002  -6.3079278354763693E-002  -3.8562590723408285E-002  -4.5336714183856500E-002  -2.6652389251988783E-002
  0.85999995470046997       -8.5049259396874563E-002  -8.5049259396874563E-002  -6.7062474078520048E-002  -4.0997658949816516E-002  -4.9878392081626435E-002  -2.9322334998335284E-002
  0.87000000476837158       -8.6252589605455218E-002  -8.6252589605455218E-002  -7.0551187137262134E-002  -4.3130432458718324E-002  -5.3935074236308340E-002  -3.1707163140483274E-002
  0.87999999523162842       -8.7179245493080426E-002  -8.7179245493080426E-002  -7.3584862989584943E-002  -4.4985025652106866E-002  -5.7566341657755059E-002  -3.3841899954491800E-002
  0.88999998569488525       -8.7822513051201742E-002  -8.7822513051201742E-002  -7.6256370657092329E-002  -4.6618212642882816E-002  -6.0784797644192430E-002  -3.5733954623320678E-002
  0.89999997615814209       -8.8196190779033290E-002  -8.8196190779033290E-002  -7.8476758165505950E-002  -4.7975613947519945E-002  -6.3617508431990225E-002  -3.7399238751511334E-002
  0.90999996662139893       -8.8330836897205001E-002  -8.8330836897205001E-002  -8.0383078779587752E-002  -4.9141015067282107E-002  -6.6075705414795405E-002  -3.8844355011549390E-002
  0.91999995708465576       -8.8265420694021754E-002  -8.8265420694021754E-002  -8.1960973256410899E-002  -5.0105637689821458E-002  -6.8213505150732268E-002  -4.0101117256689710E-002
  0.93000000715255737       -8.8026189823866591E-002  -8.8026189823866591E-002  -8.4141851116640090E-002  -5.1438885351102054E-002  -7.0040042568609268E-002  -4.1174895696987748E-002
  0.93999999761581421       -8.7620697127613306E-002  -8.7620697127613306E-002  -8.5131662089891605E-002  -5.2043991757684108E-002  -7.1577964980012149E-002  -4.2079004154910886E-002
  0.94999998807907104       -8.7067461800954829E-002  -8.7067461800954829E-002  -8.5866526572864907E-002  -5.2493240370432757E-002  -7.2835238961358156E-002  -4.2818125993589785E-002
  0.95999997854232788       -8.6351991605771922E-002  -8.6351991605771922E-002  -8.6368322199841821E-002  -5.2800005759869796E-002  -7.3859865739119360E-002  -4.3420480006457915E-002
  0.96999996900558472       -8.5554242662695318E-002  -8.5554242662695318E-002  -8.6644578578767228E-002  -5.2968891041266349E-002  -7.4657662707266412E-002  -4.3889486102772754E-002
  0.97999995946884155       -8.4645003424284534E-002  -8.4645003424284534E-002  -8.6740953712294983E-002  -5.3027808564216503E-002  -7.5246956462570319E-002  -4.4235918058260930E-002
  0.98999994993209839       -8.3661215514305443E-002  -8.3661215514305443E-002  -8.6662409670792070E-002  -5.2979791817588398E-002  -7.5645304111805547E-002  -4.4470097283556789E-002
   1.0000000000000000       -8.2603337210831601E-002  -8.2603337210831601E-002  -8.6425957853407634E-002  -5.2835240470499117E-002  -7.5856773343276965E-002  -4.4594415077059357E-002
