 Z Q2 pt2 MULT-RATIO STAT SYS fuu fuua DIS chi2
  0.34999999999999998        1.6388600000000000        5.9999999999999998E-002  0.61599999999999999        5.0000000000000001E-003   2.9000000000000001E-002   4.2035816448808551E-005   3.2793650193558935E-005   1.0010380051592416        30.803348154958837     
  0.34999999999999998        1.6468100000000001        9.2499999999999999E-002  0.61899999999999999        4.0000000000000001E-003   2.8000000000000001E-002   3.5128650976746696E-005   2.7526877127144154E-005   1.0016139330144309        33.349634967371053     
  0.34999999999999998        1.6274500000000001       0.14249999999999999       0.62500000000000000        4.0000000000000001E-003   2.9000000000000001E-002   2.7417227101394472E-005   2.1622938335994368E-005   1.0044556441443468        29.932939276385131     
  0.34999999999999998        1.6306300000000000       0.22000000000000000       0.66700000000000004        4.0000000000000001E-003   2.9000000000000001E-002   1.7095201712035999E-005   1.3503856953182787E-005   1.0050468510937114        16.511230449302527     
  0.45000000000000001        1.6429400000000001        5.9999999999999998E-002  0.58599999999999997        6.0000000000000001E-003   2.8000000000000001E-002   2.3215206082628597E-005   1.7666856898220566E-005   1.0005545966042928        37.169294811343669     
  0.45000000000000001        1.6319300000000001        9.2499999999999999E-002  0.59499999999999997        5.0000000000000001E-003   2.8000000000000001E-002   2.0284306554646184E-005   1.5525896887286039E-005   1.0015123959535774        35.412108114948140     
  0.45000000000000001        1.6456900000000001       0.14249999999999999       0.59699999999999998        5.0000000000000001E-003   2.9000000000000001E-002   1.5651637410329565E-005   1.2044877624963798E-005   1.0012776171134856        33.994347885463718     
  0.45000000000000001        1.6341800000000000       0.22000000000000000       0.62100000000000000        4.0000000000000001E-003   2.9000000000000001E-002   1.0755317858401920E-005   8.3335512283749771E-006   1.0031278637874403        26.751960791808052     
  0.55000000000000004        1.6793400000000001        5.9999999999999998E-002  0.58899999999999997        8.9999999999999993E-003   2.8000000000000001E-002   1.2276486060988614E-005   9.0214953522450627E-006  0.99892807700145658        24.862107907205502     
  0.55000000000000004        1.6393200000000001        9.2499999999999999E-002  0.59399999999999997        7.0000000000000001E-003   2.8000000000000001E-002   1.1441779983172703E-005   8.4769797907599640E-006   1.0008943887982757        25.665706687582286     
  0.55000000000000004        1.6351700000000000       0.14249999999999999       0.59499999999999997        6.0000000000000001E-003   2.9000000000000001E-002   9.3920156139978326E-006   7.0132490952798528E-006   1.0014738215215893        25.870120285985806     
  0.55000000000000004        1.6525099999999999       0.22000000000000000       0.62300000000000000        5.0000000000000001E-003   2.9000000000000001E-002   6.5789380266489648E-006   4.9524574570652679E-006   1.0008251519211442        19.261831022137599     
  0.64999999999999991        1.6768300000000000        5.9999999999999998E-002  0.57299999999999995        1.0999999999999999E-002   2.8000000000000001E-002   7.2278943471022604E-006   5.1034078804594509E-006  0.99800206960861015        19.984674214155135     
  0.64999999999999991        1.6648400000000001        9.2499999999999999E-002  0.58799999999999997        8.9999999999999993E-003   2.9999999999999999E-002   6.6160724911012758E-006   4.7030194402152225E-006  0.99869188158950950        15.617911682590496     
  0.64999999999999991        1.6329700000000000       0.14249999999999999       0.58299999999999996        7.0000000000000001E-003   2.8000000000000001E-002   5.8298425153742901E-006   4.1856334949733763E-006   1.0000462027002548        21.857250802572420     
  0.64999999999999991        1.6450600000000000       0.22000000000000000       0.57999999999999996        6.0000000000000001E-003   2.8000000000000001E-002   4.3322660776773770E-006   3.1410328284215032E-006  0.99958653305428746        25.757863339363933     
