 Z Q2 pt2 MULT-RATIO STAT SYS fuu fuua DIS chi2
  0.34999999999999998        1.6470799999999999        5.9999999999999998E-002  0.80430056478584067        6.0000000000000001E-003   2.8999999999999998E-002   6.6887959711084541E-005   5.8541121762660292E-005   1.0798312607450176        4.3933512328909005E-002
  0.34999999999999998        1.6515000000000000        9.2499999999999999E-002  0.78369378506138176        5.0000000000000001E-003   2.7999999999999997E-002   5.8101010956133995E-005   5.1623338813623652E-005   1.0805137726247021        1.8426495539133174     
  0.34999999999999998        1.6326600000000000       0.14250000000000002       0.83254461817857817        5.0000000000000001E-003   2.8999999999999998E-002   4.6589497875925746E-005   4.2325998632016753E-005   1.0824187062646977        5.2897861075693414E-002
  0.34999999999999998        1.6364799999999999       0.22000000000000003       0.83809686829581254        4.0000000000000001E-003   2.8999999999999998E-002   3.0058787597836226E-005   2.8266198921830288E-005   1.0827642028329731        1.0774877207559630     
  0.45000000000000001        1.6495299999999999        5.9999999999999998E-002  0.85014683106968814        9.0000000000000011E-003   2.7999999999999997E-002   3.6332237966124904E-005   3.2358289417334456E-005   1.0793524457223218       0.72266537450343560     
  0.45000000000000001        1.6386799999999999        9.2499999999999999E-002  0.80012388741550877        6.9999999999999993E-003   2.7999999999999997E-002   3.2124262269681998E-005   2.9082473715905787E-005   1.0803284914789051        1.7219162373821943     
  0.45000000000000001        1.6516500000000001       0.14250000000000002       0.80346131289286116        6.0000000000000001E-003   2.8999999999999998E-002   2.5670369917089554E-005   2.3856567322171378E-005   1.0802208022508142        3.6871690962779136     
  0.45000000000000001        1.6415400000000002       0.22000000000000003       0.83284886586472251        6.0000000000000001E-003   2.8999999999999998E-002   1.8171038248565921E-005   1.7580509174741356E-005   1.0814578022489252        4.3518474913362377     
  0.55000000000000004        1.6720599999999999        5.9999999999999998E-002  0.81389916218240599        1.2000000000000000E-002   2.7999999999999997E-002   1.9605790184846073E-005   1.7044884810944871E-005   1.0781075213296456        6.0686990544145496E-002
  0.55000000000000004        1.6452599999999999        9.2499999999999999E-002  0.75897529728963375        9.0000000000000011E-003   2.7999999999999997E-002   1.7986321201706316E-005   1.5887614351467836E-005   1.0798784549477032        4.0246063008573847     
  0.55000000000000004        1.6415599999999999       0.14250000000000002       0.83592167908973813        8.0000000000000002E-003   2.8999999999999998E-002   1.5016178876050711E-005   1.3627198057263901E-005   1.0804089009397457        1.8026429789361680E-002
  0.55000000000000004        1.6588799999999999       0.22000000000000003       0.84041948841112668        6.9999999999999993E-003   2.8999999999999998E-002   1.0791717214173136E-005   1.0220622102769966E-005   1.0795812079773524        1.5254935697557428     
  0.64999999999999991        1.6932900000000002        5.9999999999999998E-002  0.79005298809172353        1.6000000000000000E-002   2.7999999999999997E-002   1.0669565722743234E-005   8.6846492919578477E-006   1.0752259156198984        1.0493798363387901     
  0.64999999999999991        1.6674200000000001        9.2499999999999999E-002  0.79939285711906027        1.3000000000000001E-002   2.9999999999999999E-002   1.0199176064898792E-005   8.4350787560799484E-006   1.0775944165500786       0.95252006469577200     
  0.64999999999999991        1.6358999999999999       0.14250000000000002       0.84351421116738201        1.0000000000000000E-002   2.7999999999999997E-002   8.9284886414951085E-006   7.5667669811693893E-006   1.0793445450810271        3.8486771390665204     
  0.64999999999999991        1.6489499999999999       0.22000000000000003       0.87904933619406123        9.0000000000000011E-003   2.7999999999999997E-002   6.7393519828938424E-006   5.9585072601899652E-006   1.0785259079038756        4.0633195427037654     
