 gamma g3f fuua tmp 
   2.2222222222222223        0.0000000000000000        3612.9830266918357        0.0000000000000000     
   2.2222222222222223        5.0505050505050509E-003   3612.9830977574229        0.0000000000000000     
   2.2222222222222223        1.0101010101010102E-002   3612.9831688230011        0.0000000000000000     
   2.2222222222222223        1.5151515151515152E-002   3612.9832398885733        0.0000000000000000     
   2.2222222222222223        2.0202020202020204E-002   3612.9833109541378        0.0000000000000000     
   2.2222222222222223        2.5252525252525252E-002   3612.9833820196964        0.0000000000000000     
   2.2222222222222223        3.0303030303030304E-002   3612.9834530852454        0.0000000000000000     
   2.2222222222222223        3.5353535353535352E-002   3612.9835241507890        0.0000000000000000     
   2.2222222222222223        4.0404040404040407E-002   3612.9835952163244        0.0000000000000000     
   2.2222222222222223        4.5454545454545456E-002   3612.9836662818529        0.0000000000000000     
   2.2222222222222223        5.0505050505050504E-002   3612.9837373473733        0.0000000000000000     
   2.2222222222222223        5.5555555555555552E-002   3612.9838084128878        0.0000000000000000     
   2.2222222222222223        6.0606060606060608E-002   3612.9838794783946        0.0000000000000000     
   2.2222222222222223        6.5656565656565663E-002   3612.9839505438940        0.0000000000000000     
   2.2222222222222223        7.0707070707070704E-002   3612.9840216093858        0.0000000000000000     
   2.2222222222222223        7.5757575757575760E-002   3612.9840926748711        0.0000000000000000     
   2.2222222222222223        8.0808080808080815E-002   3612.9841637403479        0.0000000000000000     
   2.2222222222222223        8.5858585858585856E-002   3612.9842348058187        0.0000000000000000     
   2.2222222222222223        9.0909090909090912E-002   3612.9843058712818        0.0000000000000000     
   2.2222222222222223        9.5959595959595953E-002   3612.9843769367371        0.0000000000000000     
   2.2222222222222223       0.10101010101010101        3612.9844480021852        0.0000000000000000     
   2.2222222222222223       0.10606060606060606        3612.9845190676265        0.0000000000000000     
   2.2222222222222223       0.11111111111111110        3612.9845901330609        0.0000000000000000     
   2.2222222222222223       0.11616161616161616        3612.9846611984872        0.0000000000000000     
   2.2222222222222223       0.12121212121212122        3612.9847322639075        0.0000000000000000     
   2.2222222222222223       0.12626262626262627        3612.9848033293183        0.0000000000000000     
   2.2222222222222223       0.13131313131313133        3612.9848743947246        0.0000000000000000     
   2.2222222222222223       0.13636363636363635        3612.9849454601217        0.0000000000000000     
   2.2222222222222223       0.14141414141414141        3612.9850165255120        0.0000000000000000     
   2.2222222222222223       0.14646464646464646        3612.9850875908960        0.0000000000000000     
   2.2222222222222223       0.15151515151515152        3612.9851586562709        0.0000000000000000     
   2.2222222222222223       0.15656565656565657        3612.9852297216403        0.0000000000000000     
   2.2222222222222223       0.16161616161616163        3612.9853007870015        0.0000000000000000     
   2.2222222222222223       0.16666666666666666        3612.9853718523550        0.0000000000000000     
   2.2222222222222223       0.17171717171717171        3612.9854429177017        0.0000000000000000     
   2.2222222222222223       0.17676767676767677        3612.9855139830411        0.0000000000000000     
   2.2222222222222223       0.18181818181818182        3612.9855850483732        0.0000000000000000     
   2.2222222222222223       0.18686868686868688        3612.9856561136985        0.0000000000000000     
   2.2222222222222223       0.19191919191919191        3612.9857271790161        0.0000000000000000     
   2.2222222222222223       0.19696969696969696        3612.9857982443264        0.0000000000000000     
   2.2222222222222223       0.20202020202020202        3612.9858693096298        0.0000000000000000     
   2.2222222222222223       0.20707070707070707        3612.9859403749256        0.0000000000000000     
   2.2222222222222223       0.21212121212121213        3612.9860114402150        0.0000000000000000     
   2.2222222222222223       0.21717171717171718        3612.9860825054957        0.0000000000000000     
   2.2222222222222223       0.22222222222222221        3612.9861535707705        0.0000000000000000     
   2.2222222222222223       0.22727272727272727        3612.9862246360367        0.0000000000000000     
   2.2222222222222223       0.23232323232323232        3612.9862957012965        0.0000000000000000     
   2.2222222222222223       0.23737373737373738        3612.9863667665486        0.0000000000000000     
   2.2222222222222223       0.24242424242424243        3612.9864378317943        0.0000000000000000     
   2.2222222222222223       0.24747474747474749        3612.9865088970319        0.0000000000000000     
   2.2222222222222223       0.25252525252525254        3612.9865799622617        0.0000000000000000     
   2.2222222222222223       0.25757575757575757        3612.9866510274851        0.0000000000000000     
   2.2222222222222223       0.26262626262626265        3612.9867220927013        0.0000000000000000     
   2.2222222222222223       0.26767676767676768        3612.9867931579092        0.0000000000000000     
   2.2222222222222223       0.27272727272727271        3612.9868642231118        0.0000000000000000     
   2.2222222222222223       0.27777777777777779        3612.9869352883056        0.0000000000000000     
   2.2222222222222223       0.28282828282828282        3612.9870063534922        0.0000000000000000     
   2.2222222222222223       0.28787878787878790        3612.9870774186720        0.0000000000000000     
   2.2222222222222223       0.29292929292929293        3612.9871484838445        0.0000000000000000     
   2.2222222222222223       0.29797979797979796        3612.9872195490102        0.0000000000000000     
   2.2222222222222223       0.30303030303030304        3612.9872906141682        0.0000000000000000     
   2.2222222222222223       0.30808080808080807        3612.9873616793175        0.0000000000000000     
   2.2222222222222223       0.31313131313131315        3612.9874327444618        0.0000000000000000     
   2.2222222222222223       0.31818181818181818        3612.9875038095975        0.0000000000000000     
   2.2222222222222223       0.32323232323232326        3612.9875748747263        0.0000000000000000     
   2.2222222222222223       0.32828282828282829        3612.9876459398479        0.0000000000000000     
   2.2222222222222223       0.33333333333333331        3612.9877170049631        0.0000000000000000     
   2.2222222222222223       0.33838383838383840        3612.9877880700692        0.0000000000000000     
   2.2222222222222223       0.34343434343434343        3612.9878591351685        0.0000000000000000     
   2.2222222222222223       0.34848484848484851        3612.9879302002619        0.0000000000000000     
   2.2222222222222223       0.35353535353535354        3612.9880012653466        0.0000000000000000     
   2.2222222222222223       0.35858585858585856        3612.9880723304250        0.0000000000000000     
   2.2222222222222223       0.36363636363636365        3612.9881433954956        0.0000000000000000     
   2.2222222222222223       0.36868686868686867        3612.9882144605594        0.0000000000000000     
   2.2222222222222223       0.37373737373737376        3612.9882855256151        0.0000000000000000     
   2.2222222222222223       0.37878787878787878        3612.9883565906639        0.0000000000000000     
   2.2222222222222223       0.38383838383838381        3612.9884276557059        0.0000000000000000     
   2.2222222222222223       0.38888888888888890        3612.9884987207406        0.0000000000000000     
   2.2222222222222223       0.39393939393939392        3612.9885697857667        0.0000000000000000     
   2.2222222222222223       0.39898989898989901        3612.9886408507864        0.0000000000000000     
   2.2222222222222223       0.40404040404040403        3612.9887119157997        0.0000000000000000     
   2.2222222222222223       0.40909090909090912        3612.9887829808054        0.0000000000000000     
   2.2222222222222223       0.41414141414141414        3612.9888540458032        0.0000000000000000     
   2.2222222222222223       0.41919191919191917        3612.9889251107934        0.0000000000000000     
   2.2222222222222223       0.42424242424242425        3612.9889961757772        0.0000000000000000     
   2.2222222222222223       0.42929292929292928        3612.9890672407537        0.0000000000000000     
   2.2222222222222223       0.43434343434343436        3612.9891383057229        0.0000000000000000     
   2.2222222222222223       0.43939393939393939        3612.9892093706849        0.0000000000000000     
   2.2222222222222223       0.44444444444444442        3612.9892804356386        0.0000000000000000     
   2.2222222222222223       0.44949494949494950        3612.9893515005865        0.0000000000000000     
   2.2222222222222223       0.45454545454545453        3612.9894225655253        0.0000000000000000     
   2.2222222222222223       0.45959595959595961        3612.9894936304586        0.0000000000000000     
   2.2222222222222223       0.46464646464646464        3612.9895646953842        0.0000000000000000     
   2.2222222222222223       0.46969696969696972        3612.9896357603016        0.0000000000000000     
   2.2222222222222223       0.47474747474747475        3612.9897068252126        0.0000000000000000     
   2.2222222222222223       0.47979797979797978        3612.9897778901168        0.0000000000000000     
   2.2222222222222223       0.48484848484848486        3612.9898489550128        0.0000000000000000     
   2.2222222222222223       0.48989898989898989        3612.9899200199020        0.0000000000000000     
   2.2222222222222223       0.49494949494949497        3612.9899910847835        0.0000000000000000     
   2.2222222222222223       0.50000000000000000        3612.9900621496581        0.0000000000000000     
