 pt up dp u1 d1 u2 d2
   0.0000000000000000        0.0000000000000000        0.0000000000000000        0.0000000000000000        0.0000000000000000        0.0000000000000000        0.0000000000000000     
   9.9999997764825821E-003   1.2451866457964289       0.73108539122268101       0.94009037344724056       0.55905594393829128       0.82202085532270242       0.50122673452689848     
   1.9999999552965164E-002   1.2436570475568689       0.73018731949089888       0.93915864006063032       0.55850185775395966       0.82127310898021544       0.50077079663302093     
   2.9999999329447746E-002   1.2407804798113842       0.72849840268257460       0.93731751529100560       0.55740697179930787       0.81975949650786384       0.49984787231553746     
   3.9999999105930328E-002   1.2370489050853837       0.72630748634272779       0.93499439063546241       0.55602544861401171       0.81787499142680697       0.49869879644737497     
   4.9999997019767761E-002   1.2320995567481341       0.72340157960364493       0.93186799098765627       0.55416623129235854       0.81532117668727155       0.49714160940741670     
   5.9999998658895493E-002   1.2262427949572652       0.71996290396443063       0.92820477292539916       0.55198777708253921       0.81234352776948626       0.49532598972579289     
   7.0000000298023224E-002   1.2192091583356273       0.71583325079266913       0.92376288780224824       0.54934626265953435       0.80871662480051743       0.49311448776716144     
   7.9999998211860657E-002   1.2111843696750584       0.71112166335539828       0.91869753648940566       0.54633398337281436       0.80458235951694623       0.49059362193470174     
   8.9999996125698090E-002   1.2022584694300089       0.70588100702913925       0.91307944824454501       0.54299300072309098       0.80000425441771805       0.48780212503489817     
   9.9999994039535522E-002   1.1922621586883564       0.70001188148557925       0.90675140417329170       0.53922981927643399       0.79483448391529210       0.48464986050242809     
  0.10999999940395355        1.1813368613819997       0.69359732083926406       0.89982716512111383       0.53511209069553678       0.78917590447141306       0.48119954500452883     
  0.11999999731779099        1.1695857618152476       0.68669790760426275       0.89238626477362215       0.53068711232642141       0.78309949059429140       0.47749445520596395     
  0.12999999523162842        1.1568638820324444       0.67922852099503672       0.88429041407180820       0.52587264599007388       0.77647434618333688       0.47345477728615215     
  0.14000000059604645        1.1433072112565115       0.67126900425001024       0.87564639249341492       0.52073219164714613       0.76939627694322266       0.46913892871734053     
  0.14999999105930328        1.1289496928389018       0.66283928650065904       0.86647114258975078       0.51527582474812839       0.76187776341435709       0.46455451950172505     
  0.15999999642372131        1.1138933629268724       0.65399927614456255       0.85684070483526453       0.50954876528507831       0.75398587274773365       0.45974244379529788     
  0.17000000178813934        1.0980344300255180       0.64468803416834841       0.84665060066965203       0.50348888161427108       0.74562039731601359       0.45464160005604731     
  0.17999999225139618        1.0814946342449847       0.63497703774080461       0.83599321394547566       0.49715111286002694       0.73686326165367277       0.44930194172083282     
  0.18999999761581421        1.0643155814261427       0.62489071486439307       0.82489064300680870       0.49054860053613403       0.72773125544655581       0.44373370629075276     
  0.19999998807907104        1.0466013234895317       0.61449015745597113       0.81341942858306271       0.48372686212786864       0.71829150718855184       0.43797782532559432     
  0.20999999344348907        1.0282637568125450       0.60372363730947320       0.80148784654642669       0.47663135083813074       0.70845527617702442       0.43198018923395898     
  0.21999999880790710        1.0094203829082393       0.59266014298973391       0.78918403881728383       0.46931448318547281       0.69830033102300704       0.42578821738082423     
  0.22999998927116394       0.99011643296657303       0.58132623104738412       0.77653293562171488       0.46179108475631470       0.68784588468429853       0.41941362485594214     
  0.23999999463558197       0.97045918266038800       0.56978488615826717       0.76361392482538648       0.45410836618000777       0.67716158940077942       0.41289888207173714     
  0.25000000000000000       0.95036217301675996       0.55798534573810765       0.75033711982421258       0.44621287340392674       0.66616039610102118       0.40619091090794934     
  0.25999999046325684       0.92995332843948841       0.54600271793484012       0.73679096546504796       0.43815720309190503       0.65492037072205223       0.39933731202390588     
  0.26999998092651367       0.90926793670665429       0.53385772123201991       0.72300117493126692       0.42995664644190429       0.64346157125829384       0.39235031576994395     
  0.28000000119209290       0.88834705159596361       0.52157445949972692       0.70899736107556666       0.42162881371968786       0.63180425612999591       0.38524227470593225     
  0.28999999165534973       0.86723614187025011       0.50917962877455525       0.69480541157228448       0.41318909989006081       0.61997184277645112       0.37802746760174855     
  0.29999998211860657       0.84597956567225963       0.49669927301566269       0.68044529607472715       0.40464938057019240       0.60798465062689011       0.37071828421745051     
  0.31000000238418579       0.82461955114445684       0.48415818559692242       0.66594426422794128       0.39602586066597628       0.59585811012995360       0.36332413326004998     
  0.31999999284744263       0.80319696360324599       0.47158035973728923       0.65132606580676944       0.38733266376932290       0.58361277079899598       0.35585754478326442     
  0.32999998331069946       0.78175200218360341       0.45898939752117335       0.63661708509994142       0.37858548017326921       0.57127002860133202       0.34833156496561873     
  0.34000000357627869       0.76032437181071244       0.44640861086800432       0.62184012069018813       0.36979786781176366       0.55884762728960058       0.34075701304988010     
  0.34999999403953552       0.73895236181754831       0.43386048056174542       0.60702062661545964       0.36098496377334111       0.54636556996014740       0.33314608591231604     
  0.35999998450279236       0.71767084296146955       0.42136548024092341       0.59218026601549090       0.35215965076308542       0.53384265426289856       0.32551024540894613     
  0.37000000476837158       0.69651647553696205       0.40894513423350037       0.57734302553431449       0.34333619323503184       0.52129779744370830       0.31786102631933810     
  0.37999999523162842       0.67551798100945393       0.39661630574938855       0.56252939935012825       0.33452677873248693       0.50874783111323985       0.31020869170822468     
  0.38999998569488525       0.65470995381747554       0.38439930619227380       0.54776182122062156       0.32574474823407823       0.49621067700663324       0.30256416934309788     
  0.39999997615814209       0.63412217598646281       0.37231162145777835       0.53305920063629741       0.31700134689597592       0.48370284379001394       0.29493752537344825     
  0.40999999642372131       0.61377809649997017       0.36036701912795277       0.51844225973624769       0.30830889782599719       0.47124114291439012       0.28733901057167022     
  0.41999998688697815       0.59370681408133441       0.34858258391182978       0.50392834344740134       0.29967771576065083       0.45884143033293090       0.27977829309591079     
  0.42999997735023499       0.57393245862844311       0.33697248317612316       0.48953633854526102       0.29111903234787795       0.44651762206807238       0.27226385823269106     
  0.43999999761581421       0.55447306954527442       0.32554730838096330       0.47528169221440669       0.28264203376870933       0.43428498734932258       0.26480501638574988     
  0.44999998807907104       0.53535327683543577       0.31432152051971640       0.46118149924023483       0.27425688600468939       0.42215616679372553       0.25740947516391782     
  0.45999997854232788       0.51658747546023076       0.30330357129394042       0.44724935993410619       0.26597167693238905       0.41014503477094044       0.25008569445595924     
  0.46999999880790710       0.49819244386589961       0.29250331181870859       0.43350027303253630       0.25779532604831285       0.39826196451458523       0.24283999933499006     
  0.47999998927116394       0.48018561862274656       0.28193097961292218       0.41994607568049402       0.24973487270361400       0.38652132046920723       0.23568114851265012     
  0.48999997973442078       0.46257622602960008       0.27159199170567533       0.40659977655585755       0.24179805294037562       0.37493117382770447       0.22861406339407650     
  0.50000000000000000       0.44537766428132913       0.26149421456788741       0.39347120911299999       0.23399071454863082       0.36350284011572270       0.22164564361439640     
  0.50999999046325684       0.42859601257208529       0.25164121747172263       0.38057152076208955       0.22631948670584007       0.35224580152809709       0.21478167093635023     
  0.51999998092651367       0.41224161336343262       0.24203907277796677       0.36790867433300606       0.21878910477309271       0.34116765257433790       0.20802677610765977     
  0.52999997138977051       0.39632091379192530       0.23269156578849898       0.35549181656518308       0.21140500816259014       0.33027665212567886       0.20138599497021598     
  0.53999996185302734       0.38083607425688626       0.22359996493676179       0.34332714321107921       0.20417088138418091       0.31958030376986463       0.19486390283224680     
  0.55000001192092896       0.36579174095457478       0.21476699814006947       0.33142188130114503       0.19709102223140074       0.30908408340302901       0.18846383861820892     
  0.56000000238418579       0.35118894864987782       0.20619327293906170       0.31978060932620211       0.19016815345578594       0.29879357042868354       0.18218920436612149     
  0.56999999284744263       0.33702960674919913       0.19787991040191996       0.30840880494291761       0.18340553252768685       0.28871542084494478       0.17604405856693398     
  0.57999998331069946       0.32330894294116047       0.18982410856546578       0.29730926236288474       0.17680482111777279       0.27885251277141726       0.17003015615238692     
  0.58999997377395630       0.31003080592791404       0.18202812711496721       0.28648542426106538       0.17036806652697864       0.26920933250711732       0.16415023264067544     
  0.59999996423721313       0.29718934196648050       0.17448852914721691       0.27593994037869379       0.16409684451187947       0.25978815867942706       0.15840567742350894     
  0.61000001430511475       0.28477947756023997       0.16720233586439867       0.26567330313195103       0.15799144790410097       0.25059179663372361       0.15279820105858702     
  0.62000000476837158       0.27279694920061887       0.16016704403629911       0.25568730714612259       0.15205294393713709       0.24162261076846914       0.14732924523648505     
  0.62999999523162842       0.26123830491423689       0.15338062690868168       0.24598111047068888       0.14628083191716423       0.23288110676655446       0.14199911829704936     
  0.63999998569488525       0.25009441447418135       0.14683772385907529       0.23655507310344598       0.14067532592882195       0.22436785941629225       0.13680817071711648     
  0.64999997615814209       0.23935858936266913       0.14053440786364219       0.22740722210006173       0.13523525269527670       0.21608468814162665       0.13175751188936960     
  0.65999996662139893       0.22902535105701194       0.13446746232195059       0.21853675052023847       0.12996013234269696       0.20803005879471723       0.12684620636806246     
  0.66999995708465576       0.21908381317854025       0.12863049552362082       0.20994063566327908       0.12484816732178383       0.20020400729495405       0.12207427605502238     
  0.68000000715255737       0.20952562750952422       0.12301860598657686       0.20161700178435535       0.11989824215861600       0.19260469084796575       0.11744059730746154     
  0.68999999761581421       0.20034392392779787       0.11762776006175288       0.19356201943466128       0.11510807954435394       0.18523138060741406       0.11294472571175301     
  0.69999998807907104       0.19152668636263870       0.11245090276362087       0.18577293699364278       0.11047604313650422       0.17808144573072260       0.10858505711317813     
  0.70999997854232788       0.18306604129782331       0.10748341132120295       0.17824506115847974       0.10599934190676494       0.17115245675165977       0.10436011014612681     
  0.71999996900558472       0.17494963461724358       0.10271803227266783       0.17097495836446541       0.10167593397191677       0.16444375362489513       0.10026948234834601     
  0.72999995946884155       0.16716939063072817        9.8150024144816869E-002  0.16395730734279929        9.7502654862844776E-002  0.15794974150368335        9.6309762265313237E-002
  0.74000000953674316       0.15971533447883834        9.3773530406792052E-002  0.15718866083578009        9.3477454553335837E-002  0.15166989642532194        9.2480630411077944E-002
  0.75000000000000000       0.15257487674030587        8.9581159442240765E-002  0.15066141264269220        8.9595809763670251E-002  0.14559822991340871        8.8778435315665372E-002
  0.75999999046325684       0.14573961859287499        8.5567980057694476E-002  0.14437347748757662        8.5856480415284792E-002  0.13973294013094964        8.5202078310024867E-002
  0.76999998092651367       0.13919951210649129        8.1728092820405912E-002  0.13831627575680810        8.2254364356163776E-002  0.13406998567872364        8.1749095153351090E-002
  0.77999997138977051       0.13294338488433280        7.8054938090397472E-002  0.13248729586992122        7.8787967991619232E-002  0.12860472905742981        7.8416658133164813E-002
  0.78999996185302734       0.12695875615041852        7.4541188040132642E-002  0.12687774179573585        7.5452060469753002E-002  0.12333362086885483        7.5202603005986551E-002
  0.79999995231628418       0.12123999702182896        7.1183537788303136E-002  0.12148489199629467        7.2245023337685954E-002  0.11825173241488149        7.2103924501029246E-002
  0.81000000238418579       0.11577483701581109        6.7974782976659084E-002  0.11629969637677044        6.9161474656139491E-002  0.11335447960440072        6.9117827471427362E-002
  0.81999999284744263       0.11055133101103423        6.4907910276130104E-002  0.11131844107239432        6.6199205852158466E-002  0.10863909624366339        6.6242625232164204E-002
  0.82999998331069946       0.10556417105602926        6.1979803233620991E-002  0.10653483288190387        6.3354474464729194E-002  0.10409847595723248        6.3473984674984038E-002
  0.83999997377395630       0.10080171898779394        5.9183628744246965E-002  0.10194218396726119        6.0623303348980154E-002   9.9729237262504891E-002   6.0809843942852451E-002
  0.84999996423721313        9.6252614089971072E-002   5.6512716600139783E-002   9.7535201431472290E-002   5.8002544908032964E-002   9.5527861554400781E-002   5.8248057568385116E-002
  0.85999995470046997        9.1856323835547565E-002   5.3931526389472316E-002   9.3307225212103814E-002   5.5488238514701672E-002   9.1487212082497979E-002   5.5784273922196974E-002
  0.87000000476837158        8.7713104248922563E-002   5.1498921347782466E-002   8.9252962172974515E-002   5.3077236429866705E-002   8.7604952694707708E-002   5.3417068536921658E-002
  0.87999999523162842        8.3759112505234420E-002   4.9177417490843416E-002   8.5365959949702974E-002   5.0765701540882668E-002   8.3873977771525887E-002   5.1142108765233132E-002
  0.88999998569488525        7.9984991537620995E-002   4.6961521011834317E-002   8.1641019983312413E-002   4.8550542352104091E-002   8.0291212115733784E-002   4.8957519507430339E-002
  0.89999997615814209        7.6384894633943462E-002   4.4847799135559939E-002   7.8071773689402740E-002   4.6427971573432175E-002   7.6851776538469405E-002   4.6860325680965841E-002
  0.90999996662139893        7.2950008440629627E-002   4.2831077285127611E-002   7.4653759933105288E-002   4.4395336242943735E-002   7.3550463314967465E-002   4.4847351878717474E-002
  0.91999995708465576        6.9671842022502289E-002   4.0906370184886534E-002   7.1379195066009066E-002   4.2448007555757242E-002   7.0383205099065968E-002   4.2916118038748126E-002
  0.93000000715255737        6.6545287017572952E-002   3.9070678566546023E-002   6.8245391724777726E-002   4.0584387382066149E-002   6.7344900660967572E-002   4.1063513689179855E-002
  0.93999999761581421        6.3561360345768370E-002   3.7318728201835287E-002   6.5244327434613586E-002   3.8799704890950991E-002   6.4430931370631786E-002   3.9286722623053813E-002
  0.94999998807907104        6.0715455342181313E-002   3.5647814383449980E-002   6.2373513126980383E-002   3.7092479875189800E-002   6.1638433942471246E-002   3.7583998953662025E-002
  0.95999997854232788        5.8000169992430330E-002   3.4053591172893340E-002   5.9625173408061866E-002   3.5458088438769762E-002   5.8960801406085540E-002   3.5951314084676875E-002
  0.96999996900558472        5.5409993225265707E-002   3.2532822859523483E-002   5.6997061150216979E-002   3.3895194252652729E-002   5.6396039521474491E-002   3.4387452029427695E-002
  0.97999995946884155        5.2936742453282247E-002   3.1080705207658713E-002   5.4481701035629319E-002   3.2399351870979358E-002   5.3937739461961724E-002   3.2888505009606474E-002
  0.98999994993209839        5.0577503139407773E-002   2.9695527007591659E-002   5.2077085263565068E-002   3.0969367288400568E-002   5.1583382465180933E-002   3.1452937211337247E-002
   1.0000000000000000        4.8325827588202475E-002   2.8373502629305297E-002   4.9776034258854365E-002   2.9600970932237979E-002   4.9328815069059423E-002   3.0078216063556720E-002
