 pt up dp u1 d1 u2 d2
   0.0000000000000000        0.0000000000000000        0.0000000000000000        0.0000000000000000        0.0000000000000000        0.0000000000000000        0.0000000000000000     
   9.9999997764825821E-003   3.5295540602887847        2.4858200101447201        2.8276163977110764        1.9685833715788472        2.5787481404576620        1.8194220740245328     
   1.9999999552965164E-002   3.5246951777508286        2.4823979610038136        2.8244358510264780        1.9663690785365167        2.5760700419523386        1.8175325558274853     
   2.9999999329447746E-002   3.5164761577910095        2.4766094098353335        2.8190130345022943        1.9625937197412884        2.5714858316639302        1.8142981905710089     
   3.9999999105930328E-002   3.5050148097167630        2.4685373282353531        2.8114480140097680        1.9573269609407329        2.5650898056706621        1.8097855083529923     
   4.9999997019767761E-002   3.4895948391885936        2.4576772392156001        2.8010606749322693        1.9500953070998970        2.5562214569714734        1.8035284919618584     
   5.9999998658895493E-002   3.4715715592932743        2.4449836725363707        2.7890975143826373        1.9417665681137330        2.5460816407842146        1.7963743984277853     
   7.0000000298023224E-002   3.4498415918908294        2.4296795330144594        2.7745081967865817        1.9316095015308936        2.5336491688517140        1.7876027337918323     
   7.9999998211860657E-002   3.4254959217238108        2.4125331873209728        2.7582860920115766        1.9203156903413943        2.5198784993571159        1.7778869109631152     
   8.9999996125698090E-002   3.3976157326922305        2.3928975249688706        2.7395464686876938        1.9072691855556285        2.5039069423962612        1.7666182636550605     
   9.9999994039535522E-002   3.3668410048060520        2.3712232757352543        2.7188547389166189        1.8928636264460144        2.4862730464630594        1.7541767619013358     
  0.10999999940395355        3.3335249947061469        2.3477592337770048        2.6965075444498146        1.8773055346679359        2.4672553562124540        1.7407589314059653     
  0.11999999731779099        3.2970691013113020        2.3220838119699820        2.6719091104492261        1.8601801324458949        2.4462678723275060        1.7259513234587514     
  0.12999999523162842        3.2583142871790827        2.2947892895420035        2.6458048322278156        1.8420063631625747        2.4240212995815611        1.7102553720432780     
  0.14000000059604645        3.2165933083851184        2.2654057350879966        2.6175315399985650        1.8223225287544325        2.3998637463303729        1.6932111384672790     
  0.14999999105930328        3.1724556497770657        2.2343201437938212        2.5875578064904645        1.8014548490309921        2.3742367080529725        1.6751301175244961     
  0.15999999642372131        3.1263294468483500        2.2018340460393584        2.5562379368584311        1.7796499908445886        2.3474709597045980        1.6562456857303254     
  0.17000000178813934        3.0776436774094398        2.1675452781629341        2.5229933098821875        1.7565051187492258        2.3189948413380392        1.6361545114408276     
  0.17999999225139618        3.0269136093423863        2.1318167367769525        2.4882562524053577        1.7323212182095977        2.2892134814314642        1.6151424309051623     
  0.18999999761581421        2.9742697831585123        2.0947403599023779        2.4520999749094154        1.7071492582809744        2.2581846774504575        1.5932502228186425     
  0.19999998807907104        2.9201050152102526        2.0565928030975358        2.4148418893360626        1.6812102208019377        2.2262022201518454        1.5706851696916195     
  0.20999999344348907        2.8639995978785291        2.0170784716272006        2.3760408275851486        1.6541969650348953        2.1928259647173047        1.5471367296818446     
  0.21999999880790710        2.8064014618659332        1.9765128373851695        2.3360648221484741        1.6263657147887560        2.1583981830372245        1.5228463909063357     
  0.22999998927116394        2.7474521261284655        1.9349955703712880        2.2949964812455321        1.5977739818134822        2.1229851561831636        1.4978609176236028     
  0.23999999463558197        2.6875459059494076        1.8928043818218057        2.2531367913965825        1.5686313125876297        2.0868644524537525        1.4723761466746528     
  0.25000000000000000        2.6263555421594282        1.8497087872682201        2.2101102623303071        1.5386762912045364        2.0496593252032702        1.4461262664616887     
  0.25999999046325684        2.5642495183142864        1.8059683049898025        2.1662526594326605        1.5081426771501301        2.0116810823282489        1.4193309186200742     
  0.26999998092651367        2.5013531961472952        1.7616712256600628        2.1216958684481799        1.4771222891321638        1.9730051182995454        1.3920432973188666     
  0.28000000119209290        2.4378181906997134        1.7169243298232184        2.0764739544052508        1.4456388431852740        1.9337308122594987        1.3643335189848818     
  0.28999999165534973        2.3737798796681462        1.6718229622682734        2.0306747817386048        1.4137535104305865        1.8938858398867673        1.3362211100464194     
  0.29999998211860657        2.3093837624699023        1.6264695963833149        1.9843878703797209        1.3815286145442118        1.8535503662480062        1.3077626305410994     
  0.31000000238418579        2.2447540231735372        1.5809516934275512        1.9376932337595876        1.3490198607872599        1.8127872210800768        1.2790024096565447     
  0.31999999284744263        2.1800230494774442        1.5353624923722962        1.8906786216426907        1.3162883404475583        1.7716773022830410        1.2499975244770989     
  0.32999998331069946        2.1153161315612978        1.4897902334967397        1.8434228443068554        1.2833889211523311        1.7302811922008055        1.2207907185542055     
  0.34000000357627869        2.0507667889224899        1.4443289528838270        1.7960178739282535        1.2503856338276966        1.6886658664222780        1.1914292461594111     
  0.34999999403953552        1.9864839399665706        1.3990553603805687        1.7485341073360239        1.2173274886673202        1.6469057942155279        1.1619656486898522     
  0.35999998450279236        1.9225668134112757        1.3540393415101557        1.7010511135004265        1.1842698814992465        1.6050626131696506        1.1324434142196165     
  0.37000000476837158        1.8591480189696847        1.3093742916060143        1.6536399121201100        1.1512622561581924        1.5631966879730650        1.1029051327344734     
  0.37999999523162842        1.7963163383384617        1.2651227384873360        1.6063862468533663        1.1183643072831029        1.5213769086068920        1.0733994091952430     
  0.38999998569488525        1.7341599804221088        1.2213468065630786        1.5593441248934001        1.0856136346214438        1.4796566861039240        1.0439639274728414     
  0.39999997615814209        1.6727835609654402        1.1781201753710515        1.5125828450042518        1.0530584838951871        1.4381051520136525        1.0146474629653754     
  0.40999999642372131        1.6122634568900858        1.1354966362052432        1.4661729634636489        1.0207479763059215        1.3967619277827243       0.98547797037439044     
  0.41999998688697815        1.5526708088604320        1.0935262925302967        1.4201772792421061       0.98872583242663925        1.3556917796283607       0.95650114516095708     
  0.42999997735023499        1.4940912684203500        1.0522694676386204        1.3746394782014673       0.95702246630546595        1.3149398210478014       0.92774881691379274     
  0.43999999761581421        1.4365832414095498        1.0117672960198929        1.3296256127147250       0.92568386353055609        1.2745603465878947       0.89925929286247330     
  0.44999998807907104        1.3801961612455147       0.97205459300099695        1.2851808046911277       0.89474143792463134        1.2345941716224429       0.87106137007751894     
  0.45999997854232788        1.3250046102308479       0.93318388594857138        1.2413635813522821       0.86423593607387428        1.1950902507854217       0.84318958824129908     
  0.46999999880790710        1.2710452724354555       0.89518101098624059        1.1982055301453571       0.83418934912365161        1.1560841481546373       0.81566903940029478     
  0.47999998927116394        1.2183543690915091       0.85807147826689489        1.1557500528789326       0.80463189336452445        1.1176197001336996       0.78853065209658335     
  0.48999997973442078        1.1669797681961911       0.82188900061181946        1.1140404916359101       0.77559374350610355        1.0797274390734461       0.76179596826837181     
  0.50000000000000000        1.1169400094927420       0.78664663532625467        1.0731126512432412       0.74709982682884057        1.0424491356155301       0.73549445897034449     
  0.50999999046325684        1.0682721517221323       0.75237048240988247        1.0329862960477250       0.71916390324885926        1.0058052314531789       0.70964054673074628     
  0.51999998092651367        1.0209865482093274       0.71906783357772863       0.99369905557080151       0.69181217039687248       0.96982515789874058       0.68425499665591250     
  0.52999997138977051       0.97509957974885797       0.68675022561493082       0.95527027628879335       0.66505809726804421       0.93453861479415379       0.65935876331180931     
  0.53999996185302734       0.93062886659345800       0.65543006824126726       0.91773070023725789       0.63892308643312556       0.89996381157177163       0.63496469426686186     
  0.55000001192092896       0.88757410430982686       0.62510714704823778       0.88108771012542919       0.61341227772602314       0.86612512824909837       0.61108999071311643     
  0.56000000238418579       0.84593194932447091       0.59577910719957838       0.84535891313399503       0.58853792924622650       0.83303617939509644       0.58774425833750155     
  0.56999999284744263       0.80570962639258814       0.56745103699843935       0.81056155516123352       0.56431204756881492       0.80071631906799456       0.56494115229315400     
  0.57999998331069946       0.76689531500636021       0.54011461141158223       0.77670664401133171       0.54074229631474668       0.76917413933738665       0.54268673466920869     
  0.58999997377395630       0.72947081272694625       0.51375701069296287       0.74379147348351626       0.51782679143006993       0.73842438699266955       0.52099140998471449     
  0.59999996423721313       0.69343382773560580       0.48837662074380561       0.71183266049823657       0.49557710159620577       0.70847659350696202       0.49986190311997869     
  0.61000001430511475       0.65876920536203354       0.46396276832266253       0.68081651876935589       0.47398369843606236       0.67932815262083401       0.47929637524248359     
  0.62000000476837158       0.62545313512616929       0.44049868401142217       0.65076216099187889       0.45305988818651260       0.65098589593773981       0.45929964635381448     
  0.62999999523162842       0.59323349926255997       0.41780680447614055       0.62165387598514621       0.43279473274116392       0.62346313525864538       0.43988110852454382     
  0.63999998569488525       0.56254581265800385       0.39619385730954748       0.59348857817107592       0.41318608392400913       0.59675182653206693       0.42103508631680853     
  0.64999997615814209       0.53313160200707332       0.37547780305177203       0.56626732939700286       0.39423468099197456       0.57084267041449732       0.40275501862811708     
  0.65999996662139893       0.50496817160390384       0.35564265740598183       0.53997296055228838       0.37592857082944758       0.54574839307481882       0.38504988433942983     
  0.66999995708465576       0.47801907921457182       0.33666275457056305       0.51459678097042805       0.35826170300413479       0.52144862357562072       0.36790531084389572     
  0.68000000715255737       0.45226160059849291       0.31852209015204275       0.49013110532394893       0.34122872699964968       0.49795233933556893       0.35132763211164136     
  0.68999999761581421       0.42765723640817532       0.30119354954989797       0.46655917420089416       0.32481797493214526       0.47523723136797780       0.33530110815542774     
  0.69999998807907104       0.40417782928249080       0.28465730189299554       0.44387347954076600       0.30902421969830440       0.45330890434817306       0.31982969332420652     
  0.70999997854232788       0.38178704919547024       0.26888776040635454       0.42205027404705137       0.29383092845687186       0.43214289930540789       0.30489613072088567     
  0.71999996900558472       0.36045051438196085       0.25386071045029568       0.40107418225639752       0.27922739682746872       0.41174210894381691       0.29050246127752599     
  0.72999995946884155       0.34013359340512650       0.23955176154454835       0.38093436234351197       0.26520607674345986       0.39208040547821937       0.27663025067386310     
  0.74000000953674316       0.32079876544835068       0.22593448825543344       0.36160436501075027       0.25174855423342563       0.37315835973690464       0.26327990165476883     
  0.75000000000000000       0.30241218002383802       0.21298505011515162       0.34306649194221261       0.23884250774964388       0.35495115214679540       0.25043390290209044     
  0.75999999046325684       0.28494381514749956       0.20068230302234794       0.32530445297532529       0.22647659609916185       0.33744981896731169       0.23808593009620038     
  0.76999998092651367       0.26835514628272644       0.18899911463612343       0.30829438002659237       0.21463420234896119       0.32063587738285665       0.22622294278457888     
  0.77999997138977051       0.25260931858045449       0.17790952855526976       0.29202181796876986       0.20330526285563211       0.30449656356537164       0.21483593551603269     
  0.78999996185302734       0.23767666129476228       0.16739264805100282       0.27645834116865653       0.19246998772515184       0.28901639466292295       0.20391398444649392     
  0.79999995231628418       0.22352129000439558       0.15742320018207229       0.26158377933411209       0.18211433442270664       0.27417217685173351       0.19344072529660522     
  0.81000000238418579       0.21011001358780726       0.14797780886393802       0.24737994000148883       0.17222563737546406       0.25995221899788451       0.18340790944883498     
  0.81999999284744263       0.19740491354908107       0.13902976858244934       0.23382637125432412       0.16278965798207198       0.24633635805158732       0.17380131097034024     
  0.82999998331069946       0.18538548717139650       0.13056463953505204       0.22089448956870630       0.15378649642517206       0.23330988298001928       0.16461055056993346     
  0.83999997377395630       0.17401509692624176       0.12255661837663773       0.20856868686621419       0.14520528637803504       0.22085221626973658       0.15582110989213782     
  0.84999996423721313       0.16326357221480947       0.11498445633839514       0.19682436186377519       0.13702890045491814       0.20894845253741473       0.14742247252279955     
  0.85999995470046997       0.15310167616692849       0.10782756226470960       0.18564584129298425       0.12924642694389868       0.19757800362322708       0.13940011259494334     
  0.87000000476837158       0.14349557597459495       0.10106210813943595       0.17500561113977289       0.12183871061917399       0.18672584590025273       0.13174343026827312     
  0.87999999523162842       0.13443197681395122        9.4678730587310883E-002  0.16488401824308208       0.11479206897200954       0.17637171491570927       0.12443812806560199     
  0.88999998569488525       0.12587215694253126        8.8650158377860291E-002  0.15526360085062915       0.10809434515000804       0.16650287800354951       0.11747522252192809     
  0.89999997615814209       0.11779391985692046        8.2960758796185877E-002  0.14612513481929351       0.10173215532624422       0.15709627320741557       0.11083844239625287     
  0.90999996662139893       0.11016741139682747        7.7589505937096334E-002  0.13744277241467773        9.5687504336957330E-002  0.14813563641479877       0.10451631263025332     
  0.91999995708465576       0.10297930519803693        7.2527014211856491E-002  0.12920255647879214        8.9950675224375207E-002  0.13960671989318599        9.8498780811817899E-002
  0.93000000715255737        9.6201602763992894E-002   6.7753564635630231E-002  0.12138277518779339        8.4506552241036953E-002  0.13149023909647939        9.2772240831723793E-002
  0.93999999761581421        8.9812559669714992E-002   6.3253842886607611E-002  0.11397025871401500        7.9345966567659659E-002  0.12377452446665690        8.7328459295198363E-002
  0.94999998807907104        8.3791378787735460E-002   5.9013201812561679E-002  0.10693760019769405        7.4449837579148789E-002  0.11643494087406098        8.2150055017164617E-002
  0.95999997854232788        7.8112885678625316E-002   5.5013911376154558E-002  0.10027911690264331        6.9814208960930699E-002  0.10946630074843910        7.7233367934943634E-002
  0.96999996900558472        7.2768292543967467E-002   5.1249782442787960E-002   9.3966491071748051E-002   6.5419365922193440E-002  0.10284301896296186        7.2560346597992459E-002
  0.97999995946884155        6.7734197008774269E-002   4.7704333017559518E-002   8.7994756061601245E-002   6.1261850691355799E-002   9.6560363576106908E-002   6.8127652410065867E-002
  0.98999994993209839        6.2996315608037992E-002   4.4367503437825334E-002   8.2342554622054989E-002   5.7326794374766406E-002   9.0593732009117675E-002   6.3917927152202875E-002
   1.0000000000000000        5.8527462893374335E-002   4.1220147338230269E-002   7.6988917323406639E-002   5.3599598078933941E-002   8.4938921087138033E-002   5.9928205296675495E-002
