 x kt PDF(p) PDF(Pb) ratio
  0.40000000596046448        9.9999997764825821E-003  0.36676436416647407       0.33196558189376441       0.90511951085598241     
  0.40000000596046448        1.9999999552965164E-002  0.35211016070631895       0.32958647874968189       0.93603228628377133     
  0.40000000596046448        2.9999999329447746E-002  0.36077834371588047       0.33224131989709133       0.92090150554806427     
  0.40000000596046448        3.9999999105930328E-002  0.35675472865946278       0.33012038386287107       0.92534270002062036     
  0.40000000596046448        4.9999997019767761E-002  0.35883283899626484       0.33001163092544572       0.91968068432243144     
  0.40000000596046448        5.9999998658895493E-002  0.35625031824263637       0.33062554890791157       0.92807088717525810     
  0.40000000596046448        7.0000000298023224E-002  0.35649967614137024       0.32885399131618831       0.92245242653679438     
  0.40000000596046448        7.9999998211860657E-002  0.35532500907692710       0.32815926440862708       0.92354676993079676     
  0.40000000596046448        8.9999996125698090E-002  0.35517679754065640       0.32855941206503780       0.92505877168800210     
  0.40000000596046448        9.9999994039535522E-002  0.35382984422350078       0.32697385615045299       0.92409914394873971     
  0.40000000596046448       0.10999999940395355       0.35216606124208177       0.32558469767744719       0.92452037123940134     
  0.40000000596046448       0.11999999731779099       0.35098419766502725       0.32453086937046771       0.92463099914314062     
  0.40000000596046448       0.12999999523162842       0.35021617810352440       0.32365097970237161       0.92414628431785328     
  0.40000000596046448       0.14000000059604645       0.34879430587347199       0.32273840809438781       0.92529723868675717     
  0.40000000596046448       0.14999999105930328       0.34653730212781225       0.32101585263184623       0.92635295150259744     
  0.40000000596046448       0.15999999642372131       0.34530361010883881       0.31945792744713369       0.92515084723974184     
  0.40000000596046448       0.17000000178813934       0.34399377082694088       0.31799959493673779       0.92443416685216540     
  0.40000000596046448       0.17999999225139618       0.34206693649888309       0.31658744965971169       0.92551315511531584     
  0.40000000596046448       0.18999999761581421       0.34000060607478633       0.31528875033773657       0.92731820092222383     
  0.40000000596046448       0.19999998807907104       0.33793593695531443       0.31326091187950489       0.92698312793210758     
  0.40000000596046448       0.20999999344348907       0.33619105348824890       0.31129722482846095       0.92595332802138919     
  0.40000000596046448       0.21999999880790710       0.33414813826016532       0.30937143852412902       0.92585115133352813     
  0.40000000596046448       0.22999998927116394       0.33178213448335908       0.30746127033878562       0.92669628163540163     
  0.40000000596046448       0.23999999463558197       0.32951753662343919       0.30593754571623660       0.92844086190730135     
  0.40000000596046448       0.25000000000000000       0.32718645955449410       0.30373584983990437       0.92832646636257288     
  0.40000000596046448       0.25999999046325684       0.32484203248892046       0.30136722509959374       0.92773469858729751     
  0.40000000596046448       0.26999998092651367       0.32233585743889437       0.29901408525618561       0.92764760219973386     
  0.40000000596046448       0.28000000119209290       0.31965209818075180       0.29666746115898790       0.92809483450108021     
  0.40000000596046448       0.28999999165534973       0.31678048716987406       0.29431692629149625       0.92908792748231461     
  0.40000000596046448       0.29999998211860657       0.31411838619761762       0.29195429106784382       0.92944031262203808     
  0.40000000596046448       0.31000000238418579       0.31180692121840686       0.28988925180755609       0.92970755964875318     
  0.40000000596046448       0.31999999284744263       0.30892605513961086       0.28722754871141737       0.92976148800920200     
  0.40000000596046448       0.32999998331069946       0.30595067346993449       0.28451542065978280       0.92993886051289210     
  0.40000000596046448       0.34000000357627869       0.30287083238667517       0.28179972382306245       0.93042872964171330     
  0.40000000596046448       0.34999999403953552       0.29968136677704588       0.27907790447882669       0.93124877092025693     
  0.40000000596046448       0.35999998450279236       0.29681132261652921       0.27634744737005362       0.93105426347594478     
  0.40000000596046448       0.37000000476837158       0.29383721965402598       0.27360562905641955       0.93114694380300833     
  0.40000000596046448       0.37999999523162842       0.29105299816667207       0.27114570503806651       0.93160251482032286     
  0.40000000596046448       0.38999998569488525       0.28777228783598391       0.26829195657312954       0.93230643781114464     
  0.40000000596046448       0.39999997615814209       0.28442341897193757       0.26528970213210201       0.93272805414900317     
  0.40000000596046448       0.40999999642372131       0.28101613922125357       0.26228590450140116       0.93334818857110036     
  0.40000000596046448       0.41999998688697815       0.27779812486593092       0.25927939449235687       0.93333745365447862     
  0.40000000596046448       0.42999997735023499       0.27461040074730547       0.25626925512207355       0.93321030239452107     
  0.40000000596046448       0.43999999761581421       0.27132160334982725       0.25325556860001680       0.93341468380416026     
  0.40000000596046448       0.44999998807907104       0.26798596228309957       0.25023807482904270       0.93377307041438218     
  0.40000000596046448       0.45999997854232788       0.26463502340057166       0.24748269069746481       0.93518494837645216     
  0.40000000596046448       0.46999999880790710       0.26126087833813394       0.24441242187131837       0.93551098590042381     
  0.40000000596046448       0.47999998927116394       0.25787619019260449       0.24132456154841261       0.93581559960293470     
  0.40000000596046448       0.48999997973442078       0.25447383366620352       0.23794591199140180       0.93505060447007848     
  0.40000000596046448       0.50000000000000000       0.25106556738838087       0.23482924931356869       0.93533036710806405     
  0.40000000596046448       0.50999999046325684       0.24764495159951355       0.23169779353465780       0.93560475203772708     
  0.40000000596046448       0.51999998092651367       0.24422296464598356       0.22855966481352502       0.93586475434378802     
  0.40000000596046448       0.52999997138977051       0.24079369425506703       0.22541392634774146       0.93612885937522039     
  0.40000000596046448       0.53999996185302734       0.23735646589330345       0.22225991641652823       0.93639714250059058     
  0.40000000596046448       0.55000001192092896       0.23393213630331283       0.21910507736226520       0.93661811850500487     
  0.40000000596046448       0.56000000238418579       0.23050691305058768       0.21594619286459935       0.93683174186280127     
  0.40000000596046448       0.56999999284744263       0.22709162597089844       0.21279423177040527       0.93704129714441620     
  0.40000000596046448       0.57999998331069946       0.22367993068861744       0.20964040363103753       0.93723385457802111     
  0.40000000596046448       0.58999997377395630       0.22028200124094446       0.20648815828551242       0.93738098039002138     
  0.40000000596046448       0.59999996423721313       0.21689189150107119       0.20334431543254311       0.93753765539703837     
  0.40000000596046448       0.61000001430511475       0.21351913507593998       0.20020578179998275       0.93764796175657883     
  0.40000000596046448       0.62000000476837158       0.21015196199395161       0.19707891062242022       0.93779238962371592     
  0.40000000596046448       0.62999999523162842       0.20680819100119904       0.19396090024388610       0.93787823057144548     
  0.40000000596046448       0.63999998569488525       0.20348726865383554       0.19085759077489767       0.93793381786246799     
  0.40000000596046448       0.64999997615814209       0.20018297009840008       0.18777178177672232       0.93800077840998652     
  0.40000000596046448       0.65999996662139893       0.19690447808809930       0.18469288118427152       0.93798212705775008     
  0.40000000596046448       0.66999995708465576       0.19363977028620194       0.18163947316163084       0.93802772484787345     
  0.40000000596046448       0.68000000715255737       0.19041574804887335       0.17859647129865158       0.93792910055323708     
  0.40000000596046448       0.68999999761581421       0.18720272110634148       0.17558102157344643       0.93791917412197612     
  0.40000000596046448       0.69999998807907104       0.18403218991034948       0.17258369388323760       0.93779079609556915     
  0.40000000596046448       0.70999997854232788       0.18087593096843779       0.16960686086870524       0.93769723788346959     
  0.40000000596046448       0.71999996900558472       0.17776375347909773       0.16665522421676704       0.93750959323866390     
  0.40000000596046448       0.72999995946884155       0.17466880510322266       0.16372649593553015       0.93735395876083305     
  0.40000000596046448       0.74000000953674316       0.17161929429014311       0.16082496746403219       0.93710306949601008     
  0.40000000596046448       0.75000000000000000       0.16858966113921026       0.15794855279877626       0.93688160787245867     
  0.40000000596046448       0.75999999046325684       0.16559356659866020       0.15510116114606373       0.93663760212359992     
  0.40000000596046448       0.76999998092651367       0.16264580150331884       0.15228082668541812       0.93627271824972857     
  0.40000000596046448       0.77999997138977051       0.15972803479255540       0.14949111230839851       0.93591029591360120     
  0.40000000596046448       0.78999996185302734       0.15684343283024449       0.14673359209971862       0.93554182952965581     
  0.40000000596046448       0.79999995231628418       0.15399080046774696       0.14400128355469141       0.93512913185260160     
  0.40000000596046448       0.81000000238418579       0.15118775498624804       0.14130576927022437       0.93463765820900957     
  0.40000000596046448       0.81999999284744263       0.14841043244704441       0.13864032565340559       0.93416832878561296     
  0.40000000596046448       0.82999998331069946       0.14567871417703684       0.13600631539520239       0.93360458433151716     
  0.40000000596046448       0.83999997377395630       0.14298279240758849       0.13340668993566296       0.93302618930096304     
  0.40000000596046448       0.84999996423721313       0.14032849367656311       0.13083960966621727       0.93238091736225470     
  0.40000000596046448       0.85999995470046997       0.13771074141953432       0.12830770909215913       0.93171896229409623     
  0.40000000596046448       0.87000000476837158       0.13513496595250621       0.12580925372063351       0.93098964308652532     
  0.40000000596046448       0.87999999523162842       0.13259628884843638       0.12334660715270762       0.93024177542177244     
  0.40000000596046448       0.88999998569488525       0.13009977814031023       0.12091815085565839       0.92942626485688840     
  0.40000000596046448       0.89999997615814209       0.12763681710480695       0.11852592706407064       0.92861863647653442     
  0.40000000596046448       0.90999996662139893       0.12521766346624760       0.11617064746967309       0.92774968206451858     
  0.40000000596046448       0.91999995708465576       0.12284073553953767       0.11384747545774988       0.92678926870400247     
  0.40000000596046448       0.93000000715255737       0.12050124774051449       0.11156356239022547       0.92582910535884833     
  0.40000000596046448       0.93999999761581421       0.11820373169232573       0.10931239402341947       0.92477955186685934     
  0.40000000596046448       0.94999998807907104       0.11594358714615896       0.10710024619078895       0.92372720930031205     
  0.40000000596046448       0.95999997854232788       0.11372498513635491       0.10492294388258694       0.92260239697359003     
  0.40000000596046448       0.96999996900558472       0.11154019810980692       0.10278093358466985       0.92146988553387787     
  0.40000000596046448       0.97999995946884155       0.10940305686489692       0.10067551528277316       0.92022579777728242     
  0.40000000596046448       0.98999994993209839       0.10729624770789058        9.8605334433405911E-002  0.91900077160064997     
  0.40000000596046448        1.0000000000000000       0.10523598915032309        9.6571453122402201E-002  0.91766565698789471     
