 Z Q2 pt2 MULT-RATIO STAT SYS fuu fuua DIS chi2
  0.34999999999999998        1.6388599999999998        5.9999999999999998E-002  0.62446500588122567        5.0000000000000001E-003   2.8999999999999998E-002   6.7521502353255273E-005   4.6673670391707681E-005   1.0733909047398593       0.43973436197977006     
  0.34999999999999998        1.6468099999999999        9.2499999999999999E-002  0.64394042122651529        4.0000000000000001E-003   2.7999999999999997E-002   5.8106122977942156E-005   4.1575776188924990E-005   1.0739180692478547       0.62301072109712430     
  0.34999999999999998        1.6274500000000001       0.14250000000000002       0.59278642201646792        4.0000000000000001E-003   2.8999999999999998E-002   4.6309128289950061E-005   3.4928357699046389E-005   1.0761804752034621        13.626856504745424     
  0.34999999999999998        1.6306300000000000       0.22000000000000003       0.68286971174443767        4.0000000000000001E-003   2.8999999999999998E-002   2.9676336017403574E-005   2.4510185719639118E-005   1.0766040174076581        8.2884223147110685     
  0.45000000000000001        1.6429400000000001        5.9999999999999998E-002  0.60517253445207508        6.0000000000000001E-003   2.7999999999999997E-002   3.6699912397619265E-005   2.4636151631269040E-005   1.0727957275251647       0.51565390633021713     
  0.45000000000000001        1.6319299999999999        9.2499999999999999E-002  0.61314045626976865        5.0000000000000001E-003   2.7999999999999997E-002   3.2362953073689122E-005   2.2518455400781413E-005   1.0739491242265113        1.4933225243248860     
  0.45000000000000001        1.6456900000000001       0.14250000000000002       0.60422478294962689        5.0000000000000001E-003   2.8999999999999998E-002   2.5617361149807402E-005   1.8929261404932773E-005   1.0735925249678147        8.1568751460983950     
  0.45000000000000001        1.6341800000000000       0.22000000000000003       0.58557870954730296        4.0000000000000001E-003   2.8999999999999998E-002   1.8137700268474165E-005   1.4766688743041548E-005   1.0752816418032507        34.346276290274055     
  0.55000000000000004        1.6793400000000001        5.9999999999999998E-002  0.51059083193400712        9.0000000000000011E-003   2.7999999999999997E-002   1.9481761046759021E-005   1.2253189392671440E-005   1.0703413026119128        6.8600306146949110     
  0.55000000000000004        1.6393200000000001        9.2499999999999999E-002  0.63670427577991962        6.9999999999999993E-003   2.7999999999999997E-002   1.8021294728982592E-005   1.1683122709968329E-005   1.0732254112987338        1.2790805379301704     
  0.55000000000000004        1.6351700000000000       0.14250000000000002       0.58868282090238644        6.0000000000000001E-003   2.8999999999999998E-002   1.5019686338147910E-005   1.0320428091143185E-005   1.0738824113463303        2.9856026552905783     
  0.55000000000000004        1.6525099999999999       0.22000000000000003       0.60653117791757682        5.0000000000000001E-003   2.8999999999999998E-002   1.0825415496265598E-005   8.1941274684785128E-006   1.0730457979083134        11.289221877121676     
  0.64999999999999991        1.6768299999999998        5.9999999999999998E-002  0.58319334912772747        1.1000000000000001E-002   2.7999999999999997E-002   1.0928970882893564E-005   6.1137249965806488E-006   1.0685794431416955        3.9368459273495922     
  0.64999999999999991        1.6648400000000001        9.2499999999999999E-002  0.58542340668399617        9.0000000000000011E-003   2.9999999999999999E-002   1.0107132720859368E-005   5.8436618995528385E-006   1.0699317090181495        2.0680002471917196     
  0.64999999999999991        1.6329700000000000       0.14250000000000002       0.58256997205873295        6.9999999999999993E-003   2.7999999999999997E-002   8.8779735262405602E-006   5.3922474385306553E-006   1.0721964366011352       0.31093881951014735     
  0.64999999999999991        1.6450599999999997       0.22000000000000003       0.53075831277659458        6.0000000000000001E-003   2.7999999999999997E-002   6.7435694846867827E-006   4.4845392646185925E-006   1.0714797407411545        9.8534318861615358     
