 pt up dp u1 d1 u2 d2
   0.0000000000000000        0.0000000000000000        0.0000000000000000        0.0000000000000000        0.0000000000000000        0.0000000000000000        0.0000000000000000     
   9.9999997764825821E-003   1.3378197830411287       0.64744686274028063       0.71086523584811556       0.35019657470084103       0.71086523584811556       0.35019657470084103     
   1.9999999552965164E-002   1.3353595589004592       0.64625622075568245       0.70990434806631308       0.34972320845237376       0.70990434806631308       0.34972320845237376     
   2.9999999329447746E-002   1.3311234560215746       0.64420613033696794       0.70819999703551728       0.34888358673088044       0.70819999703551728       0.34888358673088044     
   3.9999999105930328E-002   1.3254335387215499       0.64145245667191086       0.70590927640920742       0.34775509925326015       0.70590927640920742       0.34775509925326015     
   4.9999997019767761E-002   1.3179841475703808       0.63784727382793693       0.70294335888864101       0.34629398664826916       0.70294335888864101       0.34629398664826916     
   5.9999998658895493E-002   1.3089360907565899       0.63346840600713927       0.69933341879600563       0.34451560645528095       0.69933341879600563       0.34451560645528095     
   7.0000000298023224E-002   1.2983194983325939       0.62833043485060314       0.69509000879211225       0.34242515727662359       0.69509000879211225       0.34242515727662359     
   7.9999998211860657E-002   1.2861709825356042       0.62245107909624953       0.69022436135922749       0.34002817261797003       0.69022436135922749       0.34002817261797003     
   8.9999996125698090E-002   1.2725359211128027       0.61585229960937671       0.68475045332419704       0.33733153794317411       0.68475045332419704       0.33733153794317411     
   9.9999994039535522E-002   1.2574599035870888       0.60855615974556643       0.67867960808709427       0.33434083154713540       0.67867960808709427       0.33434083154713540     
  0.10999999940395355        1.2409973682649114       0.60058900528858394       0.67203028966658140       0.33106514943816212       0.67203028966658140       0.33106514943816212     
  0.11999999731779099        1.2232054223084234       0.59197847363282774       0.66481852414309506       0.32751238661264925       0.66481852414309506       0.32751238661264925     
  0.12999999523162842        1.2041404411114369       0.58275184802849433       0.65706400569548062       0.32369224509796535       0.65706400569548062       0.32369224509796535     
  0.14000000059604645        1.1838722555814736       0.57294292361194632       0.64878673836803236       0.31961457957181649       0.64878673836803236       0.31961457957181649     
  0.14999999105930328        1.1624677906960432       0.56258408917521552       0.64000692863594355       0.31528934443630691       0.64000692863594355       0.31528934443630691     
  0.15999999642372131        1.1399942251870918       0.55170785631649455       0.63074497792225170       0.31072659013152881       0.63074497792225170       0.31072659013152881     
  0.17000000178813934        1.1165278123725051       0.54035112834074639       0.62102849314160635       0.30593991676965715       0.62102849314160635       0.30593991676965715     
  0.17999999225139618        1.0921477342762980       0.52855222591992068       0.61087614823445124       0.30093852377366193       0.61087614823445124       0.30093852377366193     
  0.18999999761581421        1.0669239336933638       0.51634499833902514       0.60031686877490753       0.29573666087256012       0.60031686877490753       0.29573666087256012     
  0.19999998807907104        1.0409389930570936       0.50376941192094948       0.58937322946580417       0.29034544913854310       0.58937322946580417       0.29034544913854310     
  0.20999999344348907        1.0142756053450013       0.49086548648715167       0.57807408706764696       0.28477910440068166       0.57807408706764696       0.28477910440068166     
  0.21999999880790710       0.98700779164725150       0.47766904504100843       0.56644338383208126       0.27904942143257633       0.56644338383208126       0.27904942143257633     
  0.22999998927116394       0.95921926660213930       0.46422060184357028       0.55450947540441531       0.27317036919678095       0.55450947540441531       0.27317036919678095     
  0.23999999463558197       0.93099018757411922       0.45055894958933901       0.54230073144366941       0.26715592355948403       0.54230073144366941       0.26715592355948403     
  0.25000000000000000       0.90240444490589256       0.43672468757269228       0.52984408148325912       0.26101935093165157       0.52984408148325912       0.26101935093165157     
  0.25999999046325684       0.87353226688463559       0.42275180324454448       0.51716571840809644       0.25477355482595460       0.51716571840809644       0.25477355482595460     
  0.26999998092651367       0.84445540432786204       0.40867986046169891       0.50429288421880569       0.24843195558541353       0.50429288421880569       0.24843195558541353     
  0.28000000119209290       0.81524959159885824       0.39454551137755756       0.49125504128589675       0.24200906738334105       0.49125504128589675       0.24200906738334105     
  0.28999999165534973       0.78599115482385629       0.38038569453317067       0.47807751499630519       0.23551736637317772       0.47807751499630519       0.23551736637317772     
  0.29999998211860657       0.75674713193216003       0.36623285338434786       0.46478823990982210       0.22897061407632197       0.46478823990982210       0.22897061407632197     
  0.31000000238418579       0.72758898894506918       0.35212157439173947       0.45141460719496967       0.22238230432101239       0.45141460719496967       0.22238230432101239     
  0.31999999284744263       0.69858502347393459       0.33808491064273555       0.43798242795070380       0.21576515253907516       0.43798242795070380       0.21576515253907516     
  0.32999998331069946       0.66979509545489591       0.32415183175517953       0.42451614891996520       0.20913120203380955       0.42451614891996520       0.20913120203380955     
  0.34000000357627869       0.64128272126843688       0.31035307690769459       0.41104042446940292       0.20249259839106842       0.41104042446940292       0.20249259839106842     
  0.34999999403953552       0.61310580789096081       0.29671667057015250       0.39758254174361796       0.19586278419334266       0.39758254174361796       0.19586278419334266     
  0.35999998450279236       0.58531192854116609       0.28326563612102806       0.38416052739754852       0.18925063998858183       0.38416052739754852       0.18925063998858183     
  0.37000000476837158       0.55795997683367782       0.27002847552038173       0.37080266690939023       0.18267010017261567       0.37080266690939023       0.18267010017261567     
  0.37999999523162842       0.53109070684536963       0.25702491197723709       0.35752829428702959       0.17613068934025566       0.35752829428702959       0.17613068934025566     
  0.38999998569488525       0.50474763494706754       0.24427600553131337       0.34435693463995232       0.16964202622950977       0.34435693463995232       0.16964202622950977     
  0.39999997615814209       0.47881256286075491       0.23172455333268038       0.33131197556041997       0.16321563236975850       0.33131197556041997       0.16321563236975850     
  0.40999999642372131       0.45363927867960380       0.21954177350346735       0.31841062788768615       0.15685998641018972       0.31841062788768615       0.15685998641018972     
  0.41999998688697815       0.42909680740715289       0.20766427981510138       0.30567091761556181       0.15058396857305892       0.30567091761556181       0.15058396857305892     
  0.42999997735023499       0.40521821521518131       0.19610807486333837       0.29311065132619901       0.14439635099091963       0.29311065132619901       0.14439635099091963     
  0.43999999761581421       0.38202415477953006       0.18488315364926097       0.28074275443243679       0.13830350116505746       0.28074275443243679       0.13830350116505746     
  0.44999998807907104       0.35953733313496100       0.17400050539473969       0.26858487817899618       0.13231411470348450       0.26858487817899618       0.13231411470348450     
  0.45999997854232788       0.33777144906913931       0.16346675972000441       0.25665055699528905       0.12643485912991909       0.25665055699528905       0.12643485912991909     
  0.46999999880790710       0.31674501903604896       0.15329087778723302       0.24495045567168364       0.12067098828555153       0.24495045567168364       0.12067098828555153     
  0.47999998927116394       0.29646382283739064       0.14347565677024968       0.23349696416396443       0.11502860588717327       0.23349696416396443       0.11502860588717327     
  0.48999997973442078       0.27693972060794642       0.13402683646088104       0.22229812830281589       0.10951167558668932       0.22229812830281589       0.10951167558668932     
  0.50000000000000000       0.25817226600146803       0.12494420084686450       0.21136843199388927       0.10412733265234955       0.21136843199388927       0.10412733265234955     
  0.50999999046325684       0.24016878091014707       0.11623129340706723       0.20071343979241243        9.8878318374742410E-002  0.20071343979241243        9.8878318374742410E-002
  0.51999998092651367       0.22292059530394015       0.10788391822226062       0.19033836729596618        9.3767202135961042E-002  0.19033836729596618        9.3767202135961042E-002
  0.52999997138977051       0.20642951354930703        9.9902948527703275E-002  0.18024931853947368        8.8796990992778449E-002  0.18024931853947368        8.8796990992778449E-002
  0.53999996185302734       0.19068484773828601        9.2283211838605134E-002  0.17045384631452701        8.3971405709147504E-002  0.17045384631452701        8.3971405709147504E-002
  0.55000001192092896       0.17568218276050174        8.5022571432668420E-002  0.16095460510608681        7.9291753975322066E-002  0.16095460510608681        7.9291753975322066E-002
  0.56000000238418579       0.16140686944306820        7.8113937744357445E-002  0.15175478171523404        7.4759605718718189E-002  0.15175478171523404        7.4759605718718189E-002
  0.56999999284744263       0.14785170623273219        7.1553825533642146E-002  0.14285643985271082        7.0375977593965536E-002  0.14285643985271082        7.0375977593965536E-002
  0.57999998331069946       0.13499589850470414        6.5332171102293390E-002  0.13426082253809599        6.6141481955103748E-002  0.13426082253809599        6.6141481955103748E-002
  0.58999997377395630       0.12282902699009884        5.9443931975205241E-002  0.12596832382669232        6.2056312927278034E-002  0.12596832382669232        6.2056312927278034E-002
  0.59999996423721313       0.11133009268000223        5.3878945541079720E-002  0.11797737916908131        5.8119699759832021E-002  0.11797737916908131        5.8119699759832021E-002
  0.61000001430511475       0.10048468150479102        4.8630236014182940E-002  0.11028907692017643        5.4332178613691003E-002  0.11028907692017643        5.4332178613691003E-002
  0.62000000476837158        9.0269835432020787E-002   4.3686692700631413E-002  0.10290043737754134        5.0692281585328167E-002  0.10290043737754134        5.0692281585328167E-002
  0.62999999523162842        8.0669212842503793E-002   3.9040406964142856E-002   9.5808827834747728E-002   4.7198711713340828E-002   9.5808827834747728E-002   4.7198711713340828E-002
  0.63999998569488525        7.1659363371860157E-002   3.4680029843489175E-002   8.9011016119024969E-002   4.3849876718664048E-002   8.9011016119024969E-002   4.3849876718664048E-002
  0.64999997615814209        6.3220369035692586E-002   3.0595921896442439E-002   8.2503209676850472E-002   4.0643908259471388E-002   8.2503209676850472E-002   4.0643908259471388E-002
  0.65999996662139893        5.5327916225415941E-002   2.6776316388947681E-002   7.6281040676613024E-002   3.7578654592236964E-002   7.6281040676613024E-002   3.7578654592236964E-002
  0.66999995708465576        4.7963606417310137E-002   2.3212309231969472E-002   7.0339649809115501E-002   3.4651721854734176E-002   7.0339649809115501E-002   3.4651721854734176E-002
  0.68000000715255737        4.1101528879126971E-002   1.9891360752737269E-002   6.4672649765371529E-002   3.1859963439679728E-002   6.4672649765371529E-002   3.1859963439679728E-002
  0.68999999761581421        3.4723089055252114E-002   1.6804471991264600E-002   5.9276468593722785E-002   2.9201619681285072E-002   5.9276468593722785E-002   2.9201619681285072E-002
  0.69999998807907104        2.8803533084917024E-002   1.3939663150497794E-002   5.4143911430758529E-002   2.6673146143284716E-002   5.4143911430758529E-002   2.6673146143284716E-002
  0.70999997854232788        2.3322126037031560E-002   1.1286899421373902E-002   4.9268578415989091E-002   2.4271390035094677E-002   4.9268578415989091E-002   2.4271390035094677E-002
  0.71999996900558472        1.8254641087420528E-002   8.8344560697357476E-003   4.4643748001731362E-002   2.1993040091996031E-002   4.4643748001731362E-002   2.1993040091996031E-002
  0.72999995946884155        1.3583039522477228E-002   6.5736031390670321E-003   4.0262467310985144E-002   1.9834671088521414E-002   4.0262467310985144E-002   1.9834671088521414E-002
  0.74000000953674316        9.2827155430397126E-003   4.4924324877222161E-003   3.6117549955038464E-002   1.7792742763332182E-002   3.6117549955038464E-002   1.7792742763332182E-002
  0.75000000000000000        5.3347933246324954E-003   2.5818090337620062E-003   3.2200751069989028E-002   1.5863193413939818E-002   3.2200751069989028E-002   1.5863193413939818E-002
  0.75999999046325684        1.7234965290153111E-003   8.3409771241245369E-004   2.8506515720536807E-002   1.4043286488862178E-002   2.8506515720536807E-002   1.4043286488862178E-002
  0.76999998092651367       -1.5796046619747102E-003  -7.6446027763219545E-004   2.5026306702147939E-002   1.2328816268597886E-002   2.5026306702147939E-002   1.2328816268597886E-002
  0.77999997138977051       -4.5890577689952387E-003  -2.2209053066294449E-003   2.1752491483782985E-002   1.0716022706809679E-002   2.1752491483782985E-002   1.0716022706809679E-002
  0.78999996185302734       -7.3215560707210322E-003  -3.5433161988303809E-003   1.8677389614521714E-002   9.2011221501849764E-003   1.8677389614521714E-002   9.2011221501849764E-003
  0.79999995231628418       -9.7981095079157487E-003  -4.7418608560752104E-003   1.5793342502220309E-002   7.7803417137935014E-003   1.5793342502220309E-002   7.7803417137935014E-003
  0.81000000238418579       -1.2034060863687477E-002  -5.8239645212216822E-003   1.3092665002926506E-002   6.4498954323742967E-003   1.3092665002926506E-002   6.4498954323742967E-003
  0.81999999284744263       -1.4041428646493371E-002  -6.7954436320995524E-003   1.0566866995359777E-002   5.2056007812499002E-003   1.0566866995359777E-002   5.2056007812499002E-003
  0.82999998331069946       -1.5844343497455678E-002  -7.6679763744319446E-003   8.2101851406229925E-003   4.0446185421848845E-003   8.2101851406229925E-003   4.0446185421848845E-003
  0.83999997377395630       -1.7453392843471718E-002  -8.4466866045230411E-003   6.0142660358713509E-003   2.9628335426881980E-003   6.0142660358713509E-003   2.9628335426881980E-003
  0.84999996423721313       -1.8881118163030907E-002  -9.1376438550595535E-003   3.9717397054641499E-003   1.9566150802091619E-003   3.9717397054641499E-003   1.9566150802091619E-003
  0.85999995470046997       -2.0144180802689364E-002  -9.7489114965294780E-003   2.0767972640177205E-003   1.0231014987522524E-003   2.0767972640177205E-003   1.0231014987522524E-003
  0.87000000476837158       -2.1253697390189830E-002  -1.0285869495537775E-002   3.1948358619793917E-004   1.5738856244132857E-004   3.1948358619793917E-004   1.5738856244132857E-004
  0.87999999523162842       -2.2220102006337811E-002  -1.0753567495518314E-002  -1.3056898814130496E-003  -6.4322757821582181E-004  -1.3056898814130496E-003  -6.4322757821582181E-004
  0.88999998569488525       -2.3055361885568559E-002  -1.1157797119893736E-002  -2.8055071783661691E-003  -1.3820889735735591E-003  -2.8055071783661691E-003  -1.3820889735735591E-003
  0.89999997615814209       -2.3773709603387171E-002  -1.1505446319101314E-002  -4.1865643510155728E-003  -2.0624450620955071E-003  -4.1865643510155728E-003  -2.0624450620955071E-003
  0.90999996662139893       -2.4381005611735476E-002  -1.1799351298190505E-002  -5.4574973982389153E-003  -2.6885502327622232E-003  -5.4574973982389153E-003  -2.6885502327622232E-003
  0.91999995708465576       -2.4889820094279910E-002  -1.2045595481911094E-002  -6.6200573311964196E-003  -3.2612670936738720E-003  -6.6200573311964196E-003  -3.2612670936738720E-003
  0.93000000715255737       -2.5307362679493781E-002  -1.2247668018349965E-002  -7.6811600439915060E-003  -3.7840026512557289E-003  -7.6811600439915060E-003  -3.7840026512557289E-003
  0.93999999761581421       -2.5640260836460062E-002  -1.2408776315649819E-002  -8.6493214887260333E-003  -4.2609521553328786E-003  -8.6493214887260333E-003  -4.2609521553328786E-003
  0.94999998807907104       -2.5896775348748288E-002  -1.2532918235461220E-002  -9.5287580475420693E-003  -4.6941927402331081E-003  -9.5287580475420693E-003  -4.6941927402331081E-003
  0.95999997854232788       -2.6087514589073251E-002  -1.2625227770957164E-002  -1.0324875899223047E-002  -5.0863876748809180E-003  -1.0324875899223047E-002  -5.0863876748809180E-003
  0.96999996900558472       -2.6214960641355270E-002  -1.2686906143309440E-002  -1.1042851142555122E-002  -5.4400868829100214E-003  -1.1042851142555122E-002  -5.4400868829100214E-003
  0.97999995946884155       -2.6288355633899776E-002  -1.2722426142539657E-002  -1.1689781217500382E-002  -5.7587868064567027E-003  -1.1689781217500382E-002  -5.7587868064567027E-003
  0.98999994993209839       -2.6311771145138739E-002  -1.2733758236356236E-002  -1.2266136860364728E-002  -6.0427193463561948E-003  -1.2266136860364728E-002  -6.0427193463561948E-003
   1.0000000000000000       -2.6288852151012048E-002  -1.2722666435328491E-002  -1.2777294895893731E-002  -6.2945333107280541E-003  -1.2777294895893731E-002  -6.2945333107280541E-003
