 Z Q2 pt2 MULT-RATIO STAT SYS fuu fuua DIS chi2
  0.34999999999999998        1.6388600000000000        5.9999999999999998E-002  0.59699999999999998        1.4999999999999999E-002   2.1000000000000001E-002   3.0236647155574487E-005   2.5072688451114849E-005   1.0010380051592416        80.368347913747002     
  0.34999999999999998        1.6468100000000001        9.2499999999999999E-002  0.62800000000000000        1.0000000000000000E-002   2.1999999999999999E-002   2.5296511895912262E-005   2.0895542203522781E-005   1.0016139330144309        66.247241456995852     
  0.34999999999999998        1.6274500000000001       0.14249999999999999       0.62700000000000000        7.0000000000000001E-003   2.1999999999999999E-002   1.9799540009246708E-005   1.6235196653122392E-005   1.0044556441443468        67.260921981404394     
  0.34999999999999998        1.6306300000000000       0.22000000000000000       0.65400000000000003        6.0000000000000001E-003   2.3000000000000000E-002   1.2389290870907387E-005   9.9239795718526300E-006   1.0050468510937114        36.188074908059583     
  0.45000000000000001        1.6429400000000001        5.9999999999999998E-002  0.55700000000000005        2.5000000000000001E-002   1.9000000000000000E-002   1.5511668824440991E-005   1.2550094717144245E-005   1.0005545966042928        64.214636470534586     
  0.45000000000000001        1.6319300000000001        9.2499999999999999E-002  0.58299999999999996        1.7999999999999999E-002   2.0000000000000000E-002   1.3562935289078046E-005   1.0959203477403131E-005   1.0015123959535774        69.183705760492828     
  0.45000000000000001        1.6456900000000001       0.14249999999999999       0.58099999999999996        1.2000000000000000E-002   2.0000000000000000E-002   1.0460934833429334E-005   8.4013935223862756E-006   1.0012776171134856        89.859225620934055     
  0.45000000000000001        1.6341800000000000       0.22000000000000000       0.59499999999999997        8.9999999999999993E-003   2.1000000000000001E-002   7.1969657501702142E-006   5.7009024826030699E-006   1.0031278637874403        72.587965151502317     
  0.55000000000000004        1.6793400000000001        5.9999999999999998E-002  0.63600000000000001        5.1999999999999998E-002   2.1999999999999999E-002   8.0134744705636661E-006   6.1779966296101021E-006  0.99892807700145658        5.7828604893715605     
  0.55000000000000004        1.6393200000000001        9.2499999999999999E-002  0.54400000000000004        2.8000000000000001E-002   1.9000000000000000E-002   7.4741590311881316E-006   5.7766560404087729E-006   1.0008943887982757        45.477811225529379     
  0.55000000000000004        1.6351700000000000       0.14249999999999999       0.52400000000000002        1.7999999999999999E-002   1.7999999999999999E-002   6.1228240863259463E-006   4.7265706356336256E-006   1.0014738215215893        94.014945751815617     
  0.55000000000000004        1.6525099999999999       0.22000000000000000       0.55300000000000005        1.4000000000000000E-002   1.9000000000000000E-002   4.2649146731229373E-006   3.2679315546674996E-006   1.0008251519211442        81.150109177693494     
  0.64999999999999991        1.6768300000000000        5.9999999999999998E-002  0.53500000000000003        7.3999999999999996E-002   1.9000000000000000E-002   4.2796127878113766E-006   3.1097457153861903E-006  0.99800206960861015        6.3879165414656045     
  0.64999999999999991        1.6648400000000001        9.2499999999999999E-002  0.46300000000000002        3.3000000000000002E-002   1.6000000000000000E-002   3.9155672794223677E-006   2.8517140274222208E-006  0.99869188158950950        52.707832471250988     
  0.64999999999999991        1.6329700000000000       0.14249999999999999       0.47399999999999998        2.3000000000000000E-002   1.7000000000000001E-002   3.4464997685426076E-006   2.5174772598563798E-006   1.0000462027002548        80.374746545238793     
  0.64999999999999991        1.6450600000000000       0.22000000000000000       0.52400000000000002        1.9000000000000000E-002   1.7999999999999999E-002   2.5441571157463712E-006   1.8552893107070318E-006  0.99958653305428746        61.672197060103201     
