 kt up dp u1 d1 u2 d2
   0.0000000000000000        0.0000000000000000        0.0000000000000000        0.0000000000000000        0.0000000000000000        0.0000000000000000        0.0000000000000000     
   9.9999997764825821E-003  0.15387605549322267        3.4330257479941030E-003  0.12975638279020443        2.5913090166687480E-003  0.11455533114440432        2.4021267633014720E-003
   1.9999999552965164E-002  0.15382889795624499        3.4319736477297878E-003  0.12972348706811546        2.5906520703249461E-003  0.11453003041405511        2.4015962287475949E-003
   2.9999999329447746E-002  0.15372572076943342        3.4296717305289950E-003  0.12964644836874517        2.5891135635323086E-003  0.11446734914919712        2.4002818565366391E-003
   3.9999999105930328E-002  0.15355568605709963        3.4258781997965910E-003  0.12951550056166500        2.5864984610926203E-003  0.11435828826437634        2.3979949435868867E-003
   4.9999997019767761E-002  0.15334182135656460        3.4211068075148602E-003  0.12935135136374823        2.5832203079297943E-003  0.11422191663395351        2.3951353477922495E-003
   5.9999998658895493E-002  0.15308198624713612        3.4153098001894404E-003  0.12915202480818239        2.5792396428588934E-003  0.11405639030381666        2.3916644030210149E-003
   7.0000000298023224E-002  0.15278313376803768        3.4086423024276319E-003  0.12892372420105613        2.5746803494427566E-003  0.11386739770379159        2.3877013907539217E-003
   7.9999998211860657E-002  0.15242813828660504        3.4007222356942242E-003  0.12865095044226987        2.5692329018070100E-003  0.11364061901409175        2.3829460366867447E-003
   8.9999996125698090E-002  0.15202858630220017        3.3918080986263927E-003  0.12834405975000432        2.5631041195390493E-003  0.11338556014377982        2.3775976715563487E-003
   9.9999994039535522E-002  0.15158434788235864        3.3818969923878309E-003  0.12800284428998873        2.5562898520698736E-003  0.11310198589690677        2.3716513635059777E-003
  0.10999999940395355       0.15109562787236011        3.3709934871445548E-003  0.12762738716650529        2.5487917590394267E-003  0.11278992394849111        2.3651076928569675E-003
  0.11999999731779099       0.15056986450863338        3.3592635324141678E-003  0.12722427847190168        2.5407414483528778E-003  0.11245539496735486        2.3580929078560460E-003
  0.12999999523162842       0.14999176399182221        3.3463659184691011E-003  0.12677961977985078        2.5318613605045995E-003  0.11208553042748326        2.3503371665811014E-003
  0.14000000059604645       0.14937110895274883        3.3325188990421251E-003  0.12630209510235099        2.5223249201701964E-003  0.11168827215908390        2.3420070023806934E-003
  0.14999999105930328       0.14870846062480464        3.3177349954360310E-003  0.12579207094310196        2.5121394466377095E-003  0.11126389053833896        2.3331080848108107E-003
  0.15999999642372131       0.14800442908034794        3.3020278185671363E-003  0.12524995056757751        2.5013129933487972E-003  0.11081268637001856        2.3236467214887550E-003
  0.17000000178813934       0.14725967519220073        3.2854121127269195E-003  0.12467617538914483        2.4898543755803174E-003  0.11033499193988638        2.3136298801611863E-003
  0.17999999225139618       0.14647493488378949        3.2679042966106998E-003  0.12407124604304849        2.4777735913038210E-003  0.10983118983704457        2.3030655833925075E-003
  0.18999999761581421       0.14565685706347559        3.2496527095655404E-003  0.12344098293484419        2.4651868773399774E-003  0.10930656230566502        2.2920645952996597E-003
  0.19999998807907104       0.14479367807620863        3.2303949005521981E-003  0.12277461342062515        2.4518790978419859E-003  0.10875109509792839        2.2804169257192868E-003
  0.20999999344348907       0.14389328130149495        3.2103067503777278E-003  0.12207905657575592        2.4379884306936135E-003  0.10817107624668952        2.2682544292919131E-003
  0.21999999880790710       0.14295655460862994        3.1894080677000937E-003  0.12135492404272563        2.4235270907444406E-003  0.10756697757807593        2.2555869998056128E-003
  0.22999998927116394       0.14198441772228826        3.1677193718813146E-003  0.12060285141684156        2.4085077711954806E-003  0.10693929060902958        2.2424249439478975E-003
  0.23999999463558197       0.14097787166117862        3.1452629959802356E-003  0.11982354222964574        2.3929445219731402E-003  0.10628856658872575        2.2287798209398328E-003
  0.25000000000000000       0.13993793824802556        3.1220617372001696E-003  0.11901771419085656        2.3768516761500935E-003  0.10561536744394638        2.2146634139027154E-003
  0.25999999046325684       0.13886566267098255        3.0981389140348993E-003  0.11818610218154479        2.3602439097207251E-003  0.10492026882999221        2.2000877938330716E-003
  0.26999998092651367       0.13776209774637754        3.0735180151652964E-003  0.11732944536110441        2.3431359841199696E-003  0.10420384892611854        2.1850650846525843E-003
  0.28000000119209290       0.13663304807633755        3.0483285431867763E-003  0.11645276032784954        2.3256280836791475E-003  0.10347062649002453        2.1696900408235504E-003
  0.28999999165534973       0.13546971601843927        3.0223742197838886E-003  0.11554790556050702        2.3075576175720460E-003  0.10271299050635746        2.1538030659003782E-003
  0.29999998211860657       0.13427854876936612        2.9957988840493724E-003  0.11462047282345013        2.2890362565244366E-003  0.10193598758827901        2.1375099830203974E-003
  0.31000000238418579       0.13306068720612535        2.9686279893270137E-003  0.11367127184713473        2.2700801713156360E-003  0.10114025557177225        2.1208241670555568E-003
  0.31999999284744263       0.13181731652248901        2.9408879776823007E-003  0.11270115015487360        2.2507062874698846E-003  0.10032646573430783        2.1037596941170461E-003
  0.32999998331069946       0.13054961995956985        2.9126052476162395E-003  0.11171095454364686        2.2309315160061456E-003   9.9495288955838021E-002   2.0863306319804241E-003
  0.34000000357627869       0.12925877750196563        2.8838061249759116E-003  0.11070152894585600        2.2107727107361134E-003   9.8647393186193630E-002   2.0685509869791314E-003
  0.34999999403953552       0.12794600566358197        2.8545177505893519E-003  0.10967374980281515        2.1902473746930147E-003   9.7783475803024295E-002   2.0504353825226591E-003
  0.35999998450279236       0.12661250065808682        2.8247668123795662E-003  0.10862847736875052        2.1693726876446991E-003   9.6904219976684969E-002   2.0319981441057396E-003
  0.37000000476837158       0.12525948742859327        2.7945806392330069E-003  0.10756659930277911        2.1481663766503224E-003   9.6010334536959854E-002   2.0132541352792764E-003
  0.37999999523162842       0.12388819646811050        2.7639866838561379E-003  0.10648900878314735        2.1266462789892048E-003   9.5102533228392849E-002   1.9942183226524498E-003
  0.38999998569488525       0.12250368334169726        2.7330977375793603E-003  0.10540004927212260        2.1048991360816524E-003   9.4184711874527219E-002   1.9749723982941062E-003
  0.39999997615814209       0.12109913167178112        2.7017617247620676E-003  0.10429337107818877        2.0827981409643026E-003   9.3250910917249033E-002   1.9553913953965019E-003
  0.40999999642372131       0.11967998592125960        2.6701001131742169E-003  0.10317367352791898        2.0604371418707374E-003   9.2305356087268225E-002   1.9355639238980121E-003
  0.41999998688697815       0.11824745403042931        2.6381398523637892E-003  0.10204184179492570        2.0378338162231695E-003   9.1348758383104176E-002   1.9155048928260437E-003
  0.42999997735023499       0.11680278803681717        2.6059088757025752E-003  0.10089875101800774        2.0150056410428584E-003   9.0381822214153834E-002   1.8952290730397802E-003
  0.43999999761581421       0.11534739832609374        2.5734386493618754E-003   9.9745285092126157E-002   1.9919702682166152E-003   8.9405261494457794E-002   1.8747514347025999E-003
  0.44999998807907104       0.11388213086749313        2.5407480471954084E-003   9.8582329756450177E-002   1.9687453864611435E-003   8.8419793186536880E-002   1.8540870119019013E-003
  0.45999997854232788       0.11240828764112235        2.5078661168104663E-003   9.7410981619804007E-002   1.9453528956805016E-003   8.7426121130619358E-002   1.8332505635618814E-003
  0.46999999880790710       0.11092687305992370        2.4748152669923622E-003   9.6231876951224052E-002   1.9218055025304662E-003   8.6425075587353392E-002   1.8122594995342118E-003
  0.47999998927116394       0.10943906686510843        2.4416218181581434E-003   9.5045826168475789E-002   1.8981193915163209E-003   8.5417234859063607E-002   1.7911259463212370E-003
  0.48999997973442078       0.10794606130417678        2.4083123697443026E-003   9.3853731449912381E-002   1.8743125796546562E-003   8.4403326109247917E-002   1.7698651519160659E-003
  0.50000000000000000       0.10644889572238118        2.3749101098875600E-003   9.2656375312077530E-002   1.8504006942474329E-003   8.3383949472152052E-002   1.7484897006176394E-003
  0.50999999046325684       0.10494873803054983        2.3414410950652049E-003   9.1454647158460176E-002   1.8264014971899111E-003   8.2359836608411285E-002   1.7270149347201717E-003
  0.51999998092651367       0.10344667149586974        2.3079294933268553E-003   9.0249308163528830E-002   1.8023301895706335E-003   8.1331611943291110E-002   1.7054539478844012E-003
  0.52999997138977051       0.10194361127781003        2.2743957221832878E-003   8.9041213594511462E-002   1.7782038515642398E-003   8.0299982471598030E-002   1.6838215651833229E-003
  0.53999996185302734       0.10044069894168745        2.2408652503347025E-003   8.7831103110916645E-002   1.7540372545932475E-003   7.9265524481795038E-002   1.6621298708903306E-003
  0.55000001192092896        9.8938864854205777E-002   2.2073588345703160E-003   8.6619770356834172E-002   1.7298462481830641E-003   7.8228965205999437E-002   1.6403941144374221E-003
  0.56000000238418579        9.7439165373223599E-002   2.1739000425837220E-003   8.5408013427675039E-002   1.7056467707545213E-003   7.7190934831092781E-002   1.6186275103014711E-003
  0.56999999284744263        9.5942483627487474E-002   2.1405085772696732E-003   8.4196521114829004E-002   1.6814525778647692E-003   7.6152007104776084E-002   1.5968420894782759E-003
  0.57999998331069946        9.4449846005441707E-002   2.1072073376942032E-003   8.2986067516154297E-002   1.6572791286898147E-003   7.5112811133484794E-002   1.5750510437886848E-003
  0.58999997377395630        9.2962029114070685E-002   2.0740136502162823E-003   8.1777315844384579E-002   1.6331396679664478E-003   7.4073962159978218E-002   1.5532672743441840E-003
  0.59999996423721313        9.1479919736230902E-002   2.0409472992550608E-003   8.0571003290076090E-002   1.6090489178107938E-003   7.3036003990956597E-002   1.5315021843035344E-003
  0.61000001430511475        9.0004450981370748E-002   2.0080291027912921E-003   7.9367750681401492E-002   1.5850192765157678E-003   7.1999537826671720E-002   1.5097683803189192E-003
  0.62000000476837158        8.8536260018797122E-002   1.9752732762831860E-003   7.8168270609396726E-002   1.5610649749310350E-003   7.0965064076446122E-002   1.4880763555434209E-003
  0.62999999523162842        8.7076352841383015E-002   1.9427022637648378E-003   7.6973146615389704E-002   1.5371976667099461E-003   6.9933195882885005E-002   1.4664389670500984E-003
  0.63999998569488525        8.5625319775352454E-002   1.9103292356097640E-003   7.5782981399056967E-002   1.5134293881089995E-003   6.8904446894165403E-002   1.4448669855994271E-003
  0.64999997615814209        8.4183899243973098E-002   1.8781706662855668E-003   7.4598491494373600E-002   1.4897744487206098E-003   6.7879291730670227E-002   1.4233703635726073E-003
  0.65999996662139893        8.2752876123009758E-002   1.8462440666304409E-003   7.3420074341259856E-002   1.4662407856468006E-003   6.6858215749241903E-002   1.4019592784851615E-003
  0.66999995708465576        8.1332731054044913E-002   1.8145601599172372E-003   7.2248456875419600E-002   1.4428429162084457E-003   6.5841799824445935E-002   1.3806459107771109E-003
  0.68000000715255737        7.9924302227535021E-002   1.7831376464525696E-003   7.1083992335266924E-002   1.4195878947782679E-003   6.4830355836831555E-002   1.3594368003153187E-003
  0.68999999761581421        7.8527988367834117E-002   1.7519854219088017E-003   6.9927374934062592E-002   1.3964895851912725E-003   6.3824485900882258E-002   1.3383445729226165E-003
  0.69999998807907104        7.7144559358974088E-002   1.7211206626535996E-003   6.8778919620984452E-002   1.3735542771622859E-003   6.2824476685640826E-002   1.3173752398022616E-003
  0.70999997854232788        7.5774341465735348E-002   1.6905506477622448E-003   6.7639259118847286E-002   1.3507946065270135E-003   6.1830837043797576E-002   1.2965394711574995E-003
  0.71999996900558472        7.4418045520725049E-002   1.6602912361455664E-003   6.6508708636728892E-002   1.3282168681906334E-003   6.0843955290442148E-002   1.2758454096217630E-003
  0.72999995946884155        7.3076042407500041E-002   1.6303507023385198E-003   6.5387762133587962E-002   1.3058309267954494E-003   5.9864181005131606E-002   1.2553003855776848E-003
  0.74000000953674316        7.1748668424525222E-002   1.6007365492712103E-003   6.4276778933399767E-002   1.2836439582463179E-003   5.8891903897170278E-002   1.2349125708941843E-003
  0.75000000000000000        7.0436553207152072E-002   1.5714628243168084E-003   6.3176191939718573E-002   1.2616646078742798E-003   5.7927454478461982E-002   1.2146888961216036E-003
  0.75999999046325684        6.9139875819932556E-002   1.5425335224647570E-003   6.2086318662488135E-002   1.2398992165341097E-003   5.6971149525303341E-002   1.1946360037864195E-003
  0.76999998092651367        6.7859186153099924E-002   1.5139609119482369E-003   6.1007535585093725E-002   1.2183553028138777E-003   5.6023390084050426E-002   1.1747623034857710E-003
  0.77999997138977051        6.6594713042010811E-002   1.4857500981598230E-003   5.9940125633984806E-002   1.1970385169162402E-003   5.5084348545679611E-002   1.1550714101101602E-003
  0.78999996185302734        6.5346660078296606E-002   1.4579056232962206E-003   5.8884422864021187E-002   1.1759555301073992E-003   5.4154371999790854E-002   1.1355706018299583E-003
  0.79999995231628418        6.4115486959623616E-002   1.4304377433645775E-003   5.7840669747177588E-002   1.1551111846910662E-003   5.3233784254109670E-002   1.1162666686146590E-003
  0.81000000238418579        6.2901242538410743E-002   1.4033475482785362E-003   5.6809107874746044E-002   1.1345103053832224E-003   5.2322707963898339E-002   1.0971621824396134E-003
  0.81999999284744263        6.1704342764794903E-002   1.3766443180233765E-003   5.5790087328586604E-002   1.1141598835184014E-003   5.1421471973567792E-002   1.0782640388892750E-003
  0.82999998331069946        6.0524876950026611E-002   1.3503300451626649E-003   5.4783675524462713E-002   1.0940612654278781E-003   5.0530278654660962E-002   1.0595764815208358E-003
  0.83999997377395630        5.9362924690600255E-002   1.3244065055205533E-003   5.3790214380945861E-002   1.0742212794206567E-003   4.9649301266492876E-002   1.0411031434331100E-003
  0.84999996423721313        5.8218801170541117E-002   1.2988807309569994E-003   5.2809742094168589E-002   1.0546406882953041E-003   4.8778754366189531E-002   1.0228485237044845E-003
  0.85999995470046997        5.7092450523583388E-002   1.2737514750771203E-003   5.1842517760284305E-002   1.0353246663498703E-003   4.7918781080116685E-002   1.0048156235717455E-003
  0.87000000476837158        5.5984130385395667E-002   1.2490244858179864E-003   5.0888668185146160E-002   1.0162757459696106E-003   4.7069560397085951E-002   9.8700819627632109E-004
  0.87999999523162842        5.4893756196314994E-002   1.2246978766255186E-003   4.9948298035996125E-002   9.9749601741908121E-004   4.6231216467908516E-002   9.6942884515393722E-004
  0.88999998569488525        5.3821537647472141E-002   1.2007763257782746E-003   4.9021542108872482E-002   9.7898817265209474E-004   4.5403863576594386E-002   9.5207996664198715E-004
  0.89999997615814209        5.2767368652369431E-002   1.1772574664513659E-003   4.8108460263721738E-002   9.6075340710594635E-004   4.4587689142750159E-002   9.3496549076841696E-004
  0.90999996662139893        5.1731328703533017E-002   1.1541430721493716E-003   4.7209157054183139E-002   9.4279380877648083E-004   4.3782692360716177E-002   9.1808540063923957E-004
  0.91999995708465576        5.0713418306997250E-002   1.1314331541620853E-003   4.6323665481040562E-002   9.2511003670818384E-004   4.2989003416766862E-002   9.0144242614865198E-004
  0.93000000715255737        4.9713487710479697E-002   1.1091243714665021E-003   4.5452053189702690E-002   9.0770344181847454E-004   4.2206746208166480E-002   8.8503916531572076E-004
  0.93999999761581421        4.8731665994892509E-002   1.0872196039005120E-003   4.4594329401311798E-002   8.9057420825882619E-004   4.1435907598568661E-002   8.6887534268256035E-004
  0.94999998807907104        4.7767750297681731E-002   1.0657143255333643E-003   4.3750558698289366E-002   8.7372362577705222E-004   4.0676546967486474E-002   8.5295220338648878E-004
  0.95999997854232788        4.6821729510854719E-002   1.0446082885420670E-003   4.2920639196207332E-002   8.5714965968297944E-004   3.9928741475623905E-002   8.3727136542110061E-004
  0.96999996900558472        4.5893514467917854E-002   1.0238995035926246E-003   4.2104685909889535E-002   8.4085460688827817E-004   3.9192480342237948E-002   8.2183260272348548E-004
  0.97999995946884155        4.4982897930757305E-002   1.0035833471340964E-003   4.1302548128181765E-002   8.2483545760518888E-004   3.8467819723148333E-002   8.0663709283288517E-004
  0.98999994993209839        4.4089896557450527E-002   9.8366019081370937E-004   4.0514312996289187E-002   8.0909395217319173E-004   3.7754677605019688E-002   7.9168311600019768E-004
   1.0000000000000000        4.3214301412464066E-002   9.6412537321052794E-004   3.9739806186053168E-002   7.9362660915946893E-004   3.7053094872610944E-002   7.7697152954365068E-004
