 Z Q2 pt2 MULT-RATIO STAT SYS fuu fuua DIS chi2
  0.34999999999999998        1.6379699999999999        5.9999999999999998E-002  0.44100000000000000        2.0000000000000000E-003   2.9000000000000001E-002   4.2189208984094677E-005   2.5451855747547186E-005  0.98068041912849935        35.896956533744543     
  0.34999999999999998        1.6484000000000001        9.2499999999999999E-002  0.44600000000000001        2.0000000000000000E-003   2.8000000000000001E-002   3.5146147160898612E-005   2.1391655445914540E-005  0.98123589960854796        38.548526479020083     
  0.34999999999999998        1.6274500000000001       0.14249999999999999       0.45000000000000001        2.0000000000000000E-003   2.9000000000000001E-002   2.7543644819230184E-005   1.7019050886235890E-005  0.98400072842300534        37.470802640749440     
  0.34999999999999998        1.6289199999999999       0.22000000000000000       0.48199999999999998        2.0000000000000000E-003   2.9000000000000001E-002   1.7210629667457870E-005   1.0807910980880356E-005  0.98475150324886707        28.690381566500122     
  0.45000000000000001        1.6494000000000000        5.9999999999999998E-002  0.41599999999999998        3.0000000000000001E-003   2.8000000000000001E-002   2.3027916241417567E-005   1.2883268141465619E-005  0.97949337559094918        30.365158808068859     
  0.45000000000000001        1.6343099999999999        9.2499999999999999E-002  0.41499999999999998        2.0000000000000000E-003   2.8000000000000001E-002   2.0275341009065378E-005   1.1465414408744973E-005  0.98115238132345783        33.037209710562941     
  0.45000000000000001        1.6465900000000000       0.14249999999999999       0.43200000000000000        2.0000000000000000E-003   2.9000000000000001E-002   1.5671152667117981E-005   8.9661054500097727E-006  0.98096721774703677        27.069806600656026     
  0.45000000000000001        1.6323099999999999       0.22000000000000000       0.44700000000000001        2.0000000000000000E-003   2.9000000000000001E-002   1.0825724917278199E-005   6.3126419372712525E-006  0.98316723032799791        25.260060445019306     
  0.55000000000000004        1.6805699999999999        5.9999999999999998E-002  0.39100000000000001        4.0000000000000001E-003   2.8000000000000001E-002   1.2265835999257598E-005   6.2206033770932194E-006  0.97739889263020363        20.440313298678607     
  0.55000000000000004        1.6365400000000001        9.2499999999999999E-002  0.40600000000000003        3.0000000000000001E-003   2.8000000000000001E-002   1.1517305694208930E-005   5.9190659837469075E-006  0.98072636139743585        17.566952324643136     
  0.55000000000000004        1.6349800000000001       0.14249999999999999       0.42499999999999999        3.0000000000000001E-003   2.9000000000000001E-002   9.4182000681003892E-006   4.9072821976472409E-006  0.98128111601245827        13.214298260587654     
  0.55000000000000004        1.6501800000000000       0.22000000000000000       0.44300000000000000        2.0000000000000000E-003   2.9000000000000001E-002   6.6052650596217625E-006   3.5011125251875054E-006  0.98050800884363087        11.269820306878588     
  0.64999999999999991        1.6883900000000001        5.9999999999999998E-002  0.39100000000000001        5.0000000000000001E-003   2.8000000000000001E-002   7.1285650861794418E-006   3.1982416845391620E-006  0.97521575859156895        5.8941928892450610     
  0.64999999999999991        1.6529799999999999        9.2499999999999999E-002  0.41999999999999998        4.0000000000000001E-003   2.9999999999999999E-002   6.7652199456536281E-006   3.0755090362870101E-006  0.97820418242817997        2.1847581188062248     
  0.64999999999999991        1.6333800000000001       0.14249999999999999       0.41599999999999998        3.0000000000000001E-003   2.8000000000000001E-002   5.8166270456219027E-006   2.6817760995873201E-006  0.97894806084971209        3.8102276224747667     
  0.64999999999999991        1.6472300000000000       0.22000000000000000       0.41999999999999998        3.0000000000000001E-003   2.8000000000000001E-002   4.3157584587777009E-006   2.0277914830635237E-006  0.97828425031744337        4.5833019891969959     
