 x up dp u1 d1 u2 d2
   0.0000000000000000        0.0000000000000000        0.0000000000000000        0.0000000000000000        0.0000000000000000        0.0000000000000000        0.0000000000000000     
   4.0000001899898052E-003   55.590235806375738        47.227405164989115        45.674461133022291        38.647284291219044        41.491705665019708        35.181668095665842     
   8.0000003799796104E-003   24.667441898178673        18.778228403849035        20.839748237775005        15.749895983153976        19.102595035721802        14.496547134258991     
   1.2000000104308128E-002   15.570775770519624        10.825367773326940        13.442420320169438        9.2518156785792005        12.398484496504373        8.5841286274276545     
   1.6000000759959221E-002   11.312293552366910        7.2619107155136060        9.9408416390854502        6.3005464427436566        9.2109226921045462        5.8824380086599337     
   2.0000001415610313E-002   8.8642900301942333        5.2931877848634352        7.9055800899467723        4.6493265839010851        7.3524878927503448        4.3630384431351583     
   2.4000000208616257E-002   7.2818077023416459        4.0667247003506484        6.5771280639484759        3.6086818657633692        6.1330784040860609        3.4011719166930980     
   2.8000000864267349E-002   6.1773298196340241        3.2401649466101756        5.6401162334244361        2.8998743554952657        5.2707485671480745        2.7431052765578077     
   3.2000001519918442E-002   5.3625660634039480        2.6502578124773151        4.9414084913878042        2.3889365783382419        4.6259083515605353        2.2669788451519759     
   3.6000002175569534E-002   4.7373361086965646        2.2118635875106376        4.3994244638710374        2.0057328854250898        4.1242122896607389        1.9087089936620065     
   4.0000002831220627E-002   4.2429894180181478        1.8761055740331318        3.9662287256002480        1.7097490005632583        3.7222071420729641        1.6311482174338536     
   4.4000003486871719E-002   3.8411525910833633        1.6112144657431233        3.6102060543078411        1.4744390154709539        3.3909377692782283        1.4098352103478693     
   4.8000000417232513E-002   3.5088703449574479        1.3988220275988736        3.3124712991257357        1.2845119952098663        3.1131086023765042        1.2307070070184050     
   5.2000001072883606E-002   3.2287066206492456        1.2249363901370760        3.0586264956561986        1.1280717590949549        2.8755376122196181        1.0827570424444792     
   5.6000001728534698E-002   2.9890626205315485        1.0804111323226733        2.8392112712587538       0.99731081404572020        2.6695872962364415       0.95877743624133638     
   6.0000002384185791E-002   2.7822567289096507       0.95946455560967836        2.6478775526753457       0.88731596118603784        2.4894831983839141       0.85424312512947098     
   6.4000003039836884E-002   2.6010849977959443       0.85646240034913756        2.4787165253760310       0.79320214890747287        2.3298177404846334       0.76459426387130758     
   6.8000003695487976E-002   2.4411299131962183       0.76806824927224049        2.3282290850907477       0.71209880210869292        2.1874200081569697       0.68715986523758854     
   7.2000004351139069E-002   2.2992426290666503       0.69205183100601542        2.1938543679783900       0.64211036139847710        2.0598879108997079       0.62017835418827527     
   7.6000005006790161E-002   2.1718303161613202       0.62573036198502396        2.0724916031713323       0.58084288672189488        1.9444585070227247       0.56141902807632216     
   8.0000005662441254E-002   2.0567804478264708       0.56750371615483530        1.9623670983905459       0.52687757812655445        1.8396380290908532       0.50957621197503333     
   8.4000006318092346E-002   1.9525319004489405       0.51630148985241109        1.8621477128244475       0.47926518563099629        1.7443459598942743       0.46376986914052903     
   8.8000006973743439E-002   1.8576680028386678       0.47114060092832732        1.7706035034860246       0.43713486297923765        1.6574778078467738       0.42318466350386719     
   9.2000007629394531E-002   1.7705335401000977       0.43087424452847778        1.6862806141667470       0.39947707269802074        1.5775538078933216       0.38686857435023070     
   9.6000000834465027E-002   1.6902785880741156       0.39485469654149047        1.6084505899615453       0.36573618210574588        1.5038005045401328       0.35429204428972250     
  0.10000000149011612        1.6161319763726119       0.36251869549620291        1.5364252373686569       0.33540994734325075        1.4355317585769711       0.32497785883732611     
  0.10400000214576721        1.5475457097551597       0.33357471308356879        1.4697449268868226       0.30823958877291091        1.3722168315946184       0.29867320219269916     
  0.10800000280141830        1.4837723353928074       0.30749947667666705        1.4076997711872730       0.28374861124355966        1.3132366190039340       0.27493503784084106     
  0.11200000345706940        1.4240816240784371       0.28382702595969206        1.3495993995044124       0.26151535358349554        1.2579794624212552       0.25337216605796586     
  0.11600000411272049        1.3681764065046766       0.26231983094601435        1.2951642473004783       0.24132276458951046        1.2061931913083210       0.23378008060991182     
  0.12000000476837158        1.3157293323981085       0.24271143722411403        1.2440801969800070       0.22292347335046972        1.1575936131773292       0.21592337149116683     
  0.12400000542402267        1.2664309145973660       0.22488882458014345        1.1960634397482162       0.20621627448013616        1.1119060909762732       0.19970818020844827     
  0.12800000607967377        1.2200413293590768       0.20873494162501094        1.1508952607154646       0.19109455586997126        1.0689144415841041       0.18503427656919968     
  0.13199999928474426        1.1762377555382180       0.19396404945001128        1.1082409616947186       0.17728189248859808        1.0283274668154090       0.17163082483525108     
  0.13600000739097595        1.1347689266121912       0.18035359350066082        1.0678484401304835       0.16456517372230203       0.98991496866715756       0.15929024268126479     
  0.14000000059604645        1.0954493065885627       0.16783167250679831        1.0295373933141185       0.15287596996312219       0.95351045461948947       0.14794624216620370     
  0.14400000870227814        1.0580590241485368       0.15633423821025383       0.99308294626621774       0.14215197155177969       0.91892361329154237       0.13753776810298399     
  0.14800000190734863        1.0224804078160434       0.14574831965521123       0.95837764075345488       0.13228651421919085       0.88603861961101316       0.12796163127458307     
  0.15200001001358032       0.98856365239078059       0.13598745517649022       0.92527754632448977       0.12319841559004796       0.85472146946645733       0.11913950206770346     
  0.15600000321865082       0.95620665214227085       0.12696964450287873       0.89368252617836652       0.11480989038209294       0.82487811961759905       0.11099614685573550     
  0.16000001132488251       0.92529336676526874       0.11863085950796194       0.86348912540606426       0.10706064589463210       0.79639114352603180       0.10347280933870458     
  0.16400000452995300       0.89570971309575764       0.11091662586886412       0.83459603652472525        9.9899592230684509E-002  0.76914771862929709        9.6519747828054669E-002
  0.16800001263618469       0.86738805091466487       0.10376671051041966       0.80693604322328283        9.3269437509613792E-002  0.74308716817995235        9.0081630061749213E-002
  0.17200000584125519       0.84023255749273151        9.7136004811955529E-002  0.78041437856749241        8.7127826057516206E-002  0.71810949148146663        8.4116918374935443E-002
  0.17600001394748688       0.81416379767941238        9.0982305367968849E-002  0.75494999278365371        8.1435044558951966E-002  0.69412888852861299        7.8586479607492737E-002
  0.18000000715255737       0.78913157398268108        8.5262229388854860E-002  0.73049425255182188        7.6149834228556923E-002  0.67110217465759348        7.3450543247137942E-002
  0.18400001525878906       0.76506015514527770        7.9942891023754833E-002  0.70698911938855424        7.1241145475297474E-002  0.64898085386425053        6.8680612111337830E-002
  0.18800000846385956       0.74188889852317030        7.4993033980134849E-002  0.68438140726248553        6.6679452761813723E-002  0.62771751597810510        6.4248820165009102E-002
  0.19200000166893005       0.71958062976342885        7.0380469571830973E-002  0.66262597566796855        6.2434247437795840E-002  0.60726583181907001        6.0124819565735448E-002
  0.19600000977516174       0.69807909286739922        6.6080427708915021E-002  0.64167986024654178        5.8482105251942841E-002  0.58758592809989041        5.6286470070112372E-002
  0.20000000298023224       0.67733453488971118        6.2070103252292133E-002  0.62150289880077680        5.4801460677203970E-002  0.56864024879177144        5.2713303212392947E-002
  0.20400001108646393       0.65731767131914931        5.8325289516147523E-002  0.60205683301560764        5.1369387659718713E-002  0.55039032481832673        4.9382634599823005E-002
  0.20800000429153442       0.63798895163080593        5.4826589379672892E-002  0.58330477592618080        4.8167655765017428E-002  0.53280190795938098        4.6276671063934204E-002
  0.21200001239776611       0.61930850893455780        5.1556845528891164E-002  0.56521182668175329        4.5180166461859184E-002  0.51584303823899291        4.3379804245460243E-002
  0.21600000560283661       0.60124722580076462        4.8498832836922419E-002  0.54774792977123177        4.2390609161855893E-002  0.49948306498851880        4.0676187187243744E-002
  0.22000001370906830       0.58377929033673681        4.5636417038160661E-002  0.53088281644839397        3.9783747422309716E-002  0.48369283872626895        3.8150813591119950E-002
  0.22400000691413879       0.56687457984264855        4.2956168448764299E-002  0.51458538920337149        3.7347044582789993E-002  0.46844594139171775        3.5791251198964473E-002
  0.22800001502037048       0.55050511604315400        4.0445640615586399E-002  0.49882664809507737        3.5068871298470444E-002  0.45371702158380017        3.3585997948116487E-002
  0.23200000822544098       0.53464956479539916        3.8092433596026765E-002  0.48358271167642797        3.2937512867907706E-002  0.43947993099373395        3.1523684383699686E-002
  0.23600001633167267       0.51928631670827097        3.5885448257292056E-002  0.46883189342150688        3.0942441986211041E-002  0.42571438257057470        2.9594050099313516E-002
  0.24000000953674316       0.50439399806039076        3.3814785973492814E-002  0.45455346764679799        2.9074289045792671E-002  0.41240263443264819        2.7787917213009723E-002
  0.24400001764297485       0.48995214562447975        3.1871292921658391E-002  0.44072697486331103        2.7324407233313409E-002  0.39952664732829191        2.6096816845406105E-002
  0.24800001084804535       0.47594156824013134        3.0046362888665967E-002  0.42732865695941524        2.5684753635197038E-002  0.38706206226700962        2.4512872446587394E-002
  0.25200000405311584       0.46234622024464889        2.8331948068027062E-002  0.41434452404999322        2.4147716536742438E-002  0.37499417961521037        2.3028722792057116E-002
  0.25600001215934753       0.44915116008354578        2.6720649744513030E-002  0.40176320382353015        2.2706274813591373E-002  0.36331145517214886        2.1637591484591913E-002
  0.26000002026557922       0.43634206734167991        2.5205660717805237E-002  0.38957330788172634        2.1353978176620436E-002  0.35200240888632511        2.0333248159453202E-002
  0.26399999856948853       0.42390116510145481        2.3781005997343060E-002  0.37775351182796735        2.0085316776357536E-002  0.34104627391372239        1.9110304150500450E-002
  0.26800000667572021       0.41181437322061187        2.2440834372856718E-002  0.36628791008184575        1.8894789436325273E-002  0.33042747945379453        1.7963362729888729E-002
  0.27200001478195190       0.40007155861844168        2.1179512218712015E-002  0.35516819461628513        1.7776993932651506E-002  0.32013767035329194        1.6887154861054469E-002
  0.27600002288818359       0.38866266587709208        1.9991829043931802E-002  0.34438584934705191        1.6726945130278864E-002  0.31016834578570684        1.5876818834641052E-002
  0.28000000119209290       0.37757583077432416        1.8873161379279201E-002  0.33392909650471969        1.5740279538525269E-002  0.30050781658429448        1.4928111478274881E-002
  0.28400000929832458       0.36679349209605877        1.7819726862303029E-002  0.32377647063982223        1.4813611185120394E-002  0.29113507192277416        1.4037758780283762E-002
  0.28800001740455627       0.35630807721785196        1.6827270150381320E-002  0.31392113473166766        1.3942902593360342E-002  0.28204385598578241        1.3201776841365710E-002
  0.29200002551078796       0.34611295972301143        1.5891757824360343E-002  0.30435761697087055        1.3124309989252314E-002  0.27322925020634731        1.2416370451242404E-002
  0.29600000381469727       0.33620151391347902        1.5009465165118925E-002  0.29508026272688515        1.2354290245960835E-002  0.26468611722200680        1.1678044205314743E-002
  0.30000001192092896       0.32656257300572489        1.4177289892871736E-002  0.28607737911244624        1.1629982736977924E-002  0.25640316419127446        1.0984015148789980E-002
  0.30400002002716064       0.31718018547421006        1.3392832740515179E-002  0.27733026267935496        1.0949290977323783E-002  0.24836182817370317        1.0332302494204866E-002
  0.30800002813339233       0.30804980941003962        1.2652945781736664E-002  0.26883473189518520        1.0309187408802932E-002  0.24055825639090947        9.7199171330597956E-003
  0.31200000643730164       0.29916727783863561        1.1954676377448258E-002  0.26058705636474500        9.7068297771848045E-003  0.23298904611974500        9.1440512559284974E-003
  0.31600001454353333       0.29052803119923781        1.1295273994889376E-002  0.25258305496003219        9.1395788868307588E-003  0.22565035147396736        8.6021005098342266E-003
  0.32000002264976501       0.28212473929796866        1.0672433710825487E-002  0.24481521394563169        8.6052794680059694E-003  0.21853504202154980        8.0919518206408036E-003
  0.32400000095367432       0.27394051871560016        1.0084814531981012E-002  0.23726463263328665        8.1028835932673692E-003  0.21162471571023961        7.6126385692181645E-003
  0.32800000905990601       0.26597121921846145        9.5301820946107948E-003  0.22992715074689465        7.6302621012763203E-003  0.20491525060537386        7.1620892982787619E-003
  0.33200001716613770       0.25821438199884117        9.0063403900465227E-003  0.22280054168853541        7.1852960346505592E-003  0.19840441953090804        6.7382347928585766E-003
  0.33600002527236938       0.25066722804327413        8.5112474133104445E-003  0.21588222632733681        6.7660211191056191E-003  0.19208967454035539        6.3391577844481451E-003
  0.34000000357627869       0.24332681119573027        8.0430107624667336E-003  0.20916942066187028        6.3706219542347779E-003  0.18596828228140883        5.9630870257694245E-003
  0.34400001168251038       0.23618010719461810        7.6005960902872571E-003  0.20264846200849307        5.9982726330662364E-003  0.18002722415761679        5.6092440209783044E-003
  0.34800001978874207       0.22921652474670204        7.1829464503156302E-003  0.19630790801594247        5.6480925719005950E-003  0.17425553674391212        5.2767879678279634E-003
  0.35200002789497375       0.22243495727045057        6.7883959457970613E-003  0.19014643546635268        5.3184635019731131E-003  0.16865182965925385        4.9641317872256875E-003
  0.35600000619888306       0.21583404303549947        6.4153988395021823E-003  0.18416248125492254        5.0078882377368556E-003  0.16321449877883704        4.6698079542230328E-003
  0.36000001430511475       0.20941200951175620        6.0625096058049555E-003  0.17835410358950146        4.7149722511192179E-003  0.15794160028073415        4.3924506238585863E-003
  0.36400002241134644       0.20316692398955497        5.7283970009223461E-003  0.17271920378456154        4.4384355186322336E-003  0.15283105126668661        4.1308069577324930E-003
  0.36800003051757812       0.19708571127301930        5.4125907951689464E-003  0.16724454005603342        4.1779796514978106E-003  0.14787047968108008        3.8846223159138124E-003
  0.37200000882148743       0.19115971830004128        5.1143913706804866E-003  0.16192116404346918        3.9330415033064650E-003  0.14305137592096553        3.6533649506886490E-003
  0.37600001692771912       0.18538822429449775        4.8325922390813365E-003  0.15674806218479115        3.7024662414733376E-003  0.13837254140888611        3.4358963375304159E-003
  0.38000002503395081       0.17977038344181298        4.5660763047668407E-003  0.15172411450481516        3.4851867184977838E-003  0.13383269831682232        3.2311650276332605E-003
  0.38400000333786011       0.17430511812169788        4.3138026131232894E-003  0.14684799878331700        3.2802113926926500E-003  0.12943040154400640        3.0381948820354309E-003
  0.38800001144409180       0.16899102967960841        4.0747956378496195E-003  0.14211811188683804        3.0866145344214863E-003  0.12516396684920386        2.8560755189353379E-003
  0.39200001955032349       0.16382158236860778        3.8484941110859443E-003  0.13752801969043646        2.9039245309019301E-003  0.12102739525661313        2.6843592808032807E-003
  0.39600002765655518       0.15878348893546504        3.6348493129008700E-003  0.13306479320224049        2.7322369690549507E-003  0.11700884301601606        2.5231792434874346E-003
  0.40000000596046448       0.15387604827768414        3.4330254556440630E-003  0.12872724827995244        2.5707565069689018E-003  0.11310696876972587        2.3717557514112107E-003
  0.40400001406669617       0.14909881428110969        3.2422009983067907E-003  0.12451448421093483        2.4186979638789793E-003  0.10932070134153846        2.2293180252542784E-003
  0.40800002217292786       0.14445124429467285        3.0616134485160203E-003  0.12042554012104975        2.2753340942116675E-003  0.10564893229146885        2.0951525374532016E-003
  0.41200003027915955       0.13993257466818146        2.8905494558088586E-003  0.11645928350606223        2.1399868285386921E-003  0.10209041447476654        1.9685945696887074E-003
  0.41600000858306885       0.13554191070124530        2.7283440126680595E-003  0.11261448817201200        2.0120258607509529E-003   9.8643831008551730E-002   1.8490266757949223E-003
  0.42000001668930054       0.13127041350035237        2.5748664571956454E-003  0.10888307857091964        1.8914069741746450E-003   9.5301773123585107E-002   1.7364233732875356E-003
  0.42400002479553223       0.12710879652133614        2.4300594094862366E-003  0.10525641277730692        1.7781666812949118E-003   9.2056365407260199E-002   1.6308423242304482E-003
  0.42800003290176392       0.12305687756583054        2.2933098983799966E-003  0.10173364548532056        1.6717266546184047E-003   8.8906703523687583E-002   1.5317198972451583E-003
  0.43200001120567322       0.11911434573253737        2.1640449732383657E-003   9.8313863120455855E-002   1.5715474907344691E-003   8.5851829405137636E-002   1.4385306401217819E-003
  0.43600001931190491       0.11528065058293623        2.0417259698951576E-003   9.4995985011707904E-002   1.4771239137724664E-003   8.2890642606639697E-002   1.3507827341598055E-003
  0.44000002741813660       0.11155519420751647        1.9258518024990686E-003   9.1778927329578333E-002   1.3879867744939311E-003   8.0022046378600664E-002   1.2680197155680831E-003
  0.44400003552436829       0.10793722736680454        1.8159527574378976E-003   8.8661510475391600E-002   1.3036977284936351E-003   7.7244864570216024E-002   1.1898153968290602E-003
  0.44800001382827759       0.10442231756823013        1.7118175438462049E-003   8.5639666328028760E-002   1.2240913253630458E-003   7.4555379997629428E-002   1.1160155635394824E-003
  0.45200002193450928       0.10099962735705613        1.6136559056725841E-003   8.2704205178808818E-002   1.1494523949223520E-003   7.1945322946776566E-002   1.0469159773045724E-003
  0.45600003004074097        9.7668351156294880E-002   1.5210736716327247E-003   7.9853840262469306E-002   1.0794200922415475E-003   6.9413356861451336E-002   9.8216761759628199E-004
  0.46000000834465027        9.4428201889398128E-002   1.4336632801077312E-003   7.7087726234820741E-002   1.0136165242896574E-003   6.6958544612295154E-002   9.2140391580027893E-004
  0.46400001645088196        9.1278710013796824E-002   1.3510408598461619E-003   7.4404900581614516E-002   9.5168698784861582E-004   6.4579856422325568E-002   8.6428105058898857E-004
  0.46800002455711365        8.8219379311578291E-002   1.2728484992408718E-003   7.1804414136745168E-002   8.9330130804045522E-004   6.2276284990506088E-002   8.1047909167390763E-004
  0.47200003266334534        8.5249599697803727E-002   1.1987500835171202E-003   6.9285254298538240E-002   8.3815035979421739E-004   6.0046776676269523E-002   7.5969870172700534E-004
  0.47600001096725464        8.2368702057939586E-002   1.1284310557927741E-003   6.6846389550399538E-002   7.8594556487231149E-004   5.7890270340268966E-002   7.1166059144217456E-004
  0.48000001907348633        7.9570557094508415E-002   1.0619268299859276E-003   6.4482743666841411E-002   7.3675766273966512E-004   5.5802337060216721E-002   6.6644103046084829E-004
  0.48400002717971802        7.6848035971322462E-002   9.9935596327242185E-004   6.2188461611353801E-002   6.9074537638555769E-004   5.3777845858655048E-002   6.2420402616455766E-004
  0.48800003528594971        7.4200801222198340E-002   9.4042605719239021E-004   5.9962724087292717E-002   6.4764529406499639E-004   5.1815838642029578E-002   5.8469593533090277E-004
  0.49200001358985901        7.1628479069928003E-002   8.8486159050084627E-004   5.7804713140899869E-002   6.0720950290291923E-004   4.9915373064402739E-002   5.4767809819693052E-004
  0.49600002169609070        6.9130569022146260E-002   8.3240255279730911E-004   5.5713536387248741E-002   5.6920476382879060E-004   4.8075455663067944E-002   5.1292612741748523E-004
  0.50000000000000000        6.6706583430094904E-002   7.8280627029826667E-004   5.3688342050339018E-002   5.3341361750052841E-004   4.6295142239247848E-002   4.8023086527849718E-004
  0.50400000810623169        6.4355904837685440E-002   7.3584332121612935E-004   5.1728197703350756E-002   4.9963121566031225E-004   4.4573430323807513E-002   4.4939543409595119E-004
  0.50800001621246338        6.2077919544189342E-002   6.9129928796200454E-004   4.9832200243699595E-002   4.6766639180465598E-004   4.2909355104256565E-002   4.2023616584074570E-004
  0.51200002431869507        5.9870145822941430E-002   6.4909744834266015E-004   4.7998200633662919E-002   4.3746096156388356E-004   4.1300986575107210E-002   3.9269918066180571E-004
  0.51600003242492676        5.7725337329169651E-002   6.0948892570230305E-004   4.6220782155758131E-002   4.0927721617657327E-004   3.9743831233785026E-002   3.6704419501850559E-004
  0.52000004053115845        5.5642226891772097E-002   5.7230669259521465E-004   4.4498501257408112E-002   3.8297526564091066E-004   3.8236487508285066E-002   3.4313885933077103E-004
  0.52400004863739014        5.3620123588796968E-002   5.3735377501931659E-004   4.2830326313851370E-002   3.5838532715286081E-004   3.6777886525881917E-002   3.2082146285282415E-004
  0.52799999713897705        5.1658342880147368E-002   5.0444532059014217E-004   4.1215259713095483E-002   3.3534825002966544E-004   3.5366999445044414E-002   2.9994045943086044E-004
  0.53200000524520874        4.9756093462972335E-002   4.7340599314454987E-004   3.9652243059482319E-002   3.1371356255765830E-004   3.4002754055716282E-002   2.8035266532848142E-004
  0.53600001335144043        4.7912655311462958E-002   4.4407227771684870E-004   3.8140302143187449E-002   2.9334096204316768E-004   3.2684160848104375E-002   2.6192457943779182E-004
  0.54000002145767212        4.6127264302154053E-002   4.1628989680677530E-004   3.6678450414767215E-002   2.7409838959978431E-004   3.1410228137967879E-002   2.4453060960526787E-004
  0.54400002956390381        4.4399144141437398E-002   3.8991375665640938E-004   3.5265713888809114E-002   2.5586188536118462E-004   3.0179983328842842E-002   2.2805291502349658E-004
  0.54800003767013550        4.2725730420122461E-002   3.6494166108928171E-004   3.3900111298322211E-002   2.3863845329489961E-004   2.8991721652520053E-002   2.1249985205131722E-004
  0.55200004577636719        4.1101976297518709E-002   3.4157132184822671E-004   3.2578210987742239E-002   2.2261970344505298E-004   2.7842668051388623E-002   1.9805802349438407E-004
  0.55600005388259888        3.9527106674444187E-002   3.1968936611115708E-004   3.1299012160898351E-002   2.0771220086582151E-004   2.6731835964420490E-002   1.8463948009093861E-004
  0.56000000238418579        3.8000559355714149E-002   2.9917467003965828E-004   3.0061662990613816E-002   1.9381488776022134E-004   2.5658360457363766E-002   1.7214882452613962E-004
  0.56400001049041748        3.6521692801498112E-002   2.7991203936894663E-004   2.8865271518468221E-002   1.8083193863935917E-004   2.4621349222957847E-002   1.6049565464860434E-004
  0.56800001859664917        3.5089924265320670E-002   2.6179366737097854E-004   2.7709016251090599E-002   1.6867367772767602E-004   2.3619978113359280E-002   1.4959537110366224E-004
  0.57200002670288086        3.3704639630786688E-002   2.4471754159067517E-004   2.6592071760770129E-002   1.5725543296747846E-004   2.2653426190760245E-002   1.3936813128914184E-004
  0.57600003480911255        3.2365217934622582E-002   2.2858742743181801E-004   2.5513627372635996E-002   1.4649746361325517E-004   2.1720891579819702E-002   1.2973876952416375E-004
  0.58000004291534424        3.1071032672661234E-002   2.1331255507627542E-004   2.4472887084288061E-002   1.3632468990312576E-004   2.0821591051735963E-002   1.2063654006439826E-004
  0.58400005102157593        2.9821336792858536E-002   1.9881773199233345E-004   2.3469017194354000E-002   1.2667538914412920E-004   1.9954728428554197E-002   1.1200337592423436E-004
  0.58799999952316284        2.8612765664860446E-002   1.8526074084492360E-004   2.2499997547321397E-002   1.1768925009596011E-004   1.9118787907837064E-002   1.0397270393153360E-004
  0.59200000762939453        2.7443343168300063E-002   1.7265518306751627E-004   2.1564354110931598E-002   1.0938474770687840E-004   1.8312517283698818E-002   9.6563371824145180E-005
  0.59600001573562622        2.6312274321845668E-002   1.6091759863192458E-004   2.0661173993012996E-002   1.0169686619896337E-004   1.7535016039529241E-002   8.9714931134825970E-005
  0.60000002384185791        2.5218761739870810E-002   1.4996888100799713E-004   1.9789558457287488E-002   9.4564062649561359E-005   1.6785402398205407E-002   8.3370179229957058E-005
