 pt up dp u1 d1 u2 d2
   0.0000000000000000        0.0000000000000000        0.0000000000000000        0.0000000000000000        0.0000000000000000        0.0000000000000000        0.0000000000000000     
   9.9999997764825821E-003   1.2451866457964289       0.73108539122268101       0.93868001174260052       0.55821722553806907       0.82036409542613642       0.50021652615143697     
   1.9999999552965164E-002   1.2436570475568689       0.73018731949089888       0.93775165273609162       0.55766514604086659       0.81962002045094517       0.49976282687161527     
   2.9999999329447746E-002   1.2407804798113842       0.72849840268257460       0.93591615747661383       0.55657360786127752       0.81811253854492672       0.49884364066335857     
   3.9999999105930328E-002   1.2370489050853837       0.72630748634272779       0.93360086555587862       0.55519674267171848       0.81623656123351540       0.49769976459773740     
   4.9999997019767761E-002   1.2320995567481341       0.72340157960364493       0.93048449573517655       0.55334348991966120       0.81369367290154238       0.49614923992838333     
   5.9999998658895493E-002   1.2262427949572652       0.71996290396443063       0.92683344916878185       0.55117227389385137       0.81072928737643313       0.49434170759266649     
   7.0000000298023224E-002   1.2192091583356273       0.71583325079266913       0.92240584936143777       0.54853925470804832       0.80711796256171220       0.49213970440445315     
   7.9999998211860657E-002   1.2111843696750584       0.71112166335539828       0.91735683264773493       0.54553668933288224       0.80300152139099101       0.48962970681435219     
   8.9999996125698090E-002   1.2022584694300089       0.70588100702913925       0.91175706461705464       0.54220660140660371       0.79844342105972177       0.48685040781008176     
   9.9999994039535522E-002   1.1922621586883564       0.70001188148557925       0.90544927008374321       0.53845546201980365       0.79329578273956614       0.48371163836277314     
  0.10999999940395355        1.1813368613819997       0.69359732083926406       0.89854712836918238       0.53435087435417294       0.78766137797291202       0.48027606336013662     
  0.11999999731779099        1.1695857618152476       0.68669790760426275       0.89113008828698770       0.52994008528378356       0.78161109382979677       0.47658690615156046     
  0.12999999523162842        1.1568638820324444       0.67922852099503672       0.88305978546431385       0.52514081184174888       0.77501396118349763       0.47256430838882213     
  0.14000000059604645        1.1433072112565115       0.67126900425001024       0.87444290111543410       0.52001649555308704       0.76796568356382411       0.46826662524310558     
  0.14999999105930328        1.1289496928389018       0.66283928650065904       0.86529628144429604       0.51457715457213238       0.76047864329363934       0.46370140682851552     
  0.15999999642372131        1.1138933629268724       0.65399927614456255       0.85569586264916653       0.50886794687964942       0.75261979975309945       0.45890948158784006     
  0.17000000178813934        1.0980344300255180       0.64468803416834841       0.84553707061267425       0.50282668400573205       0.74428885011805501       0.45382968993286787     
  0.17999999225139618        1.0814946342449847       0.63497703774080461       0.83491217598719503       0.49650823775645175       0.73556760092515339       0.44851191335135115     
  0.18999999761581421        1.0643155814261427       0.62489071486439307       0.82384316714569317       0.48992568424762745       0.72647272857266354       0.44296632026735583     
  0.19999998807907104        1.0466013234895317       0.61449015745597113       0.81240646916020975       0.48312447218504023       0.71707124097460528       0.43723376871716418     
  0.20999999344348907        1.0282637568125450       0.60372363730947320       0.80051025199042958       0.47604999178720442       0.70727428995010200       0.43126008357458467     
  0.21999999880790710        1.0094203829082393       0.59266014298973391       0.78824253851821569       0.46875458878246606       0.69715951890357120       0.42509260785993358     
  0.22999998927116394       0.99011643296657303       0.58132623104738412       0.77562814370333388       0.46125302021030362       0.68674602034647592       0.41874298322087877     
  0.23999999463558197       0.97045918266038800       0.56978488615826717       0.76274633707108119       0.45359242632504043       0.67610332131962092       0.41225360372978498     
  0.25000000000000000       0.95036217301675996       0.55798534573810765       0.74950712644455486       0.44571929029167179       0.66514426396718385       0.40557132493516873     
  0.25999999046325684       0.92995332843948841       0.54600271793484012       0.73599883906479513       0.43768613883582919       0.65394678841037801       0.39874367078023942     
  0.26999998092651367       0.90926793670665429       0.53385772123201991       0.72224707724011417       0.42950819721993949       0.64253083474668782       0.39178279972774543     
  0.28000000119209290       0.88834705159596361       0.52157445949972692       0.70828134512730445       0.42120301107013780       0.63091654542727060       0.38470099362547006     
  0.28999999165534973       0.86723614187025011       0.50917962877455525       0.69412742420207130       0.41278591219668720       0.61912722345838389       0.37751246146781409     
  0.29999998211860657       0.84597956567225963       0.49669927301566269       0.67980518183368188       0.40426871539015868       0.60718307716397846       0.37022952526845637     
  0.31000000238418579       0.82461955114445684       0.48415818559692242       0.66534176843690163       0.39566756654586599       0.59509898730001509       0.36286125855961948     
  0.31999999284744263       0.80319696360324599       0.47158035973728923       0.65076083834030163       0.38699653249542487       0.58289672503072798       0.35542093629592886     
  0.32999998331069946       0.78175200218360341       0.45898939752117335       0.63608868479861203       0.37827124939548329       0.57059558683311273       0.34792032449291788     
  0.34000000357627869       0.76032437181071244       0.44640861086800432       0.62134802010158663       0.36950522386300749       0.55821567911927683       0.34037168302357879     
  0.34999999403953552       0.73895236181754831       0.43386048056174542       0.60656421629977753       0.36071354423000374       0.54577489600903917       0.33278592281697944     
  0.35999998450279236       0.71767084296146955       0.42136548024092341       0.59175886013614110       0.35190904776967596       0.53329262029829172       0.32517486252154898     
  0.37000000476837158       0.69651647553696205       0.40894513423350037       0.57695586688722589       0.34310595649501702       0.52078675156765919       0.31754941639607781     
  0.37999999523162842       0.67551798100945393       0.39661630574938855       0.56217566466642965       0.33431641866170597       0.50827685094700059       0.30992151182802741     
  0.38999998569488525       0.65470995381747554       0.38439930619227380       0.54744062679824335       0.32555373930976428       0.49577764536756685       0.30230012855509275     
  0.39999997615814209       0.63412217598646281       0.37231162145777835       0.53276960803736328       0.31682913104489657       0.48330746283270559       0.29469644206656787     
  0.40999999642372131       0.61377809649997017       0.36036701912795277       0.51818328134333702       0.30815488772867289       0.47088210452318541       0.28712008712316128     
  0.41999998688697815       0.59370681408133441       0.34858258391182978       0.50369894804571080       0.29954129817097069       0.45851768796537701       0.27958089137712683     
  0.42999997735023499       0.57393245862844311       0.33697248317612316       0.48933545706978021       0.29099957151084899       0.44622808024507332       0.27208731027589500     
  0.43999999761581421       0.55447306954527442       0.32554730838096330       0.47510822351509846       0.28253887484891343       0.43402850720537189       0.26464862776836745     
  0.44999998807907104       0.53535327683543577       0.31432152051971640       0.46103431518906929       0.27416935812334836       0.42193157164067813       0.25727252840104248     
  0.45999997854232788       0.51658747546023076       0.30330357129394042       0.44712731125459976       0.26589909663409522       0.40994986487735224       0.24996668972778513     
  0.46999999880790710       0.49819244386589961       0.29250331181870859       0.43340219440207145       0.25773700033529279       0.39809748666461836       0.24273970906241726     
  0.47999998927116394       0.48018561862274656       0.28193097961292218       0.41987079080113160       0.24969010205125444       0.38638426521382269       0.23559757915104418     
  0.48999997973442078       0.46257622602960008       0.27159199170567533       0.40654610315527401       0.24176613427119731       0.37482179259814452       0.22854736825348987     
  0.50000000000000000       0.44537766428132913       0.26149421456788741       0.39343796382315099       0.23397094413354830       0.36341908812142204       0.22159457588498091     
  0.50999999046325684       0.42859601257208529       0.25164121747172263       0.38055752331629411       0.22631116266009629       0.35218594377571621       0.21474517270693486     
  0.51999998092651367       0.41224161336343262       0.24203907277796677       0.36791275218298325       0.21879152980193306       0.34113129151123145       0.20800460497075152     
  0.52999997138977051       0.39632091379192530       0.23269156578849898       0.35551280872033908       0.21141749184442279       0.33026205543190817       0.20137709464474832     
  0.53999996185302734       0.38083607425688626       0.22359996493676179       0.34336390416413964       0.20419274250508343       0.31958509435594862       0.19486682388930246     
  0.55000001192092896       0.36579174095457478       0.21476699814006947       0.33147279465949486       0.19712129954985358       0.30910852610385398       0.18847874254070443     
  0.56000000238418579       0.35118894864987782       0.20619327293906170       0.31984555027692174       0.19020677274764350       0.29883664853194364       0.18221547121432466     
  0.56999999284744263       0.33702960674919913       0.19787991040191996       0.30848572949357450       0.18345127826500535       0.28877523671769384       0.17608053126026862     
  0.57999998331069946       0.32330894294116047       0.18982410856546578       0.29739806881880748       0.17685763282444067       0.27892785792821256       0.17007609781756292     
  0.58999997377395630       0.31003080592791404       0.18202812711496721       0.28658461659766155       0.17042705454231591       0.26929863285348060       0.16420468347450740     
  0.59999996423721313       0.29718934196648050       0.17448852914721691       0.27604852978251382       0.16416142080514751       0.25989104256228823       0.15846841081075586     
  0.61000001430511475       0.28477947756023997       0.16720233586439867       0.26579033515155742       0.15806104487907294       0.25070674962270761       0.15286829357621551     
  0.62000000476837158       0.27279694920061887       0.16016704403629911       0.25581186301053743       0.15212701521615457       0.24174756316027221       0.14740543488411895     
  0.62999999523162842       0.26123830491423689       0.15338062690868168       0.24611230869440295       0.14635885329561182       0.23301636474823606       0.14208159177206889     
  0.63999998569488525       0.25009441447418135       0.14683772385907529       0.23669207038530707       0.14075679590967799       0.22451262255141197       0.13689643995387141     
  0.64999997615814209       0.23935858936266913       0.14053440786364219       0.22754921427052083       0.13531969305242753       0.21623737856078221       0.13185061478291699     
  0.65999996662139893       0.22902535105701194       0.13446746232195059       0.21868297301491951       0.13004708840255855       0.20818973681202194       0.12694356994548409     
  0.66999995708465576       0.21908381317854025       0.12863049552362082       0.21009036400679873       0.12493720825102317       0.20036977372931356       0.12217535204117294     
  0.68000000715255737       0.20952562750952422       0.12301860598657686       0.20176955164433202       0.11998896099626792       0.19277568790744085       0.11754486266420935     
  0.68999999761581421       0.20034392392779787       0.11762776006175288       0.19371674664152924       0.11520009321360518       0.18540590414410157       0.11305114133591337     
  0.69999998807907104       0.19152668636263870       0.11245090276362087       0.18592923724754978       0.11056899227038935       0.17826049786657475       0.10869423404802364     
  0.70999997854232788       0.18306604129782331       0.10748341132120295       0.17840236971533940       0.10609289066146838       0.17133441770357263       0.10447106072985982     
  0.71999996900558472       0.17494963461724358       0.10271803227266783       0.17113274935970862       0.10176976962461819       0.16462793354531188       0.10038178594682298     
  0.72999995946884155       0.16716939063072817        9.8150024144816869E-002  0.16411509318811532        9.7596487452971115E-002  0.15813549256690396        9.6423023867193730E-002
  0.74000000953674316       0.15971533447883834        9.3773530406792052E-002  0.15734437148291025        9.3570053057980981E-002  0.15185527652780767        9.2593665819867832E-002
  0.75000000000000000       0.15257487674030587        8.9581159442240765E-002  0.15081787385896114        8.9688854619166591E-002  0.14578534408846791        8.8892528074189972E-002
  0.75999999046325684       0.14573961859287499        8.5567980057694476E-002  0.14452712661936407        8.5947852971405933E-002  0.13991992708346387        8.5316093494677281E-002
  0.76999998092651367       0.13919951210649129        8.1728092820405912E-002  0.13846989729915790        8.2345720505310013E-002  0.13425635866071178        8.1862735969835468E-002
  0.77999997138977051       0.13294338488433280        7.8054938090397472E-002  0.13263747948914534        7.8877279665667682E-002  0.12878954122383085        7.8529347243260036E-002
  0.78999996185302734       0.12695875615041852        7.4541188040132642E-002  0.12702727707310932        7.5540986585800357E-002  0.12351666045123667        7.5314211284015400E-002
  0.79999995231628418       0.12123999702182896        7.1183537788303136E-002  0.12163047413149480        7.2331598586527684E-002  0.11843371935203952        7.2214890929250208E-002
  0.81000000238418579       0.11577483701581109        6.7974782976659084E-002  0.11644414648821283        6.9247376709479710E-002  0.11353427612820459        6.9227458296389877E-002
  0.81999999284744263       0.11055133101103423        6.4907910276130104E-002  0.11146004536406473        6.6283415544313093E-002  0.10881515534411339        6.6349977165428273E-002
  0.82999998331069946       0.10556417105602926        6.1979803233620991E-002  0.10667342441517504        6.3436892520102581E-002  0.10427300098500622        6.3580401208333290E-002
  0.83999997377395630       0.10080171898779394        5.9183628744246965E-002  0.10207762038948728        6.0703845112846579E-002   9.9900743895443636E-002   6.0914420011720961E-002
  0.84999996423721313        9.6252614089971072E-002   5.6512716600139783E-002   9.7667363459155859E-002   5.8081139444501370E-002   9.5696133923781262E-002   5.8350661546945438E-002
  0.85999995470046997        9.1856323835547565E-002   5.3931526389472316E-002   9.3436015277098647E-002   5.5564827801635353E-002   9.1652062240313276E-002   5.5884791209262145E-002
  0.87000000476837158        8.7713104248922563E-002   5.1498921347782466E-002   8.9378302872030413E-002   5.3151774436853809E-002   8.7765474829965148E-002   5.3514946814769919E-002
  0.87999999523162842        8.3759112505234420E-002   4.9177417490843416E-002   8.5487792778561361E-002   5.0838153476424099E-002   8.4031522691159835E-002   5.1238171687600753E-002
  0.88999998569488525        7.9984991537620995E-002   4.6961521011834317E-002   8.1759303804655500E-002   4.8620883752528307E-002   8.0444922168025401E-002   4.9051244121684566E-002
  0.89999997615814209        7.6384894633943462E-002   4.4847799135559939E-002   7.8186483483972877E-002   4.6496187560207153E-002   7.7001559792446592E-002   4.6951655932250397E-002
  0.90999996662139893        7.2950008440629627E-002   4.2831077285127611E-002   7.4764885361064640E-002   4.4461420667141725E-002   7.3696248293921435E-002   4.4936244184151139E-002
  0.91999995708465576        6.9671842022502289E-002   4.0906370184886534E-002   7.1486739433789054E-002   4.2511962383657460E-002   7.0524939265070558E-002   4.3002540363361139E-002
  0.93000000715255737        6.6545287017572952E-002   3.9070678566546023E-002   6.8349370384554117E-002   4.0646221743349475E-002   6.7482549105589346E-002   4.1147444747575403E-002
  0.93999999761581421        6.3561360345768370E-002   3.7318728201835287E-002   6.5344767059462863E-002   3.8859434647647698E-002   6.4564475504491126E-002   3.9368151080368653E-002
  0.94999998807907104        6.0715455342181313E-002   3.5647814383449980E-002   6.2470450133655889E-002   3.7150126683730980E-002   6.1767869945431854E-002   3.7662922480570224E-002
  0.95999997854232788        5.8000169992430330E-002   3.4053591172893340E-002   5.9718653291479379E-002   3.5513679354217106E-002   5.9086139348376844E-002   3.6027738821494938E-002
  0.96999996900558472        5.5409993225265707E-002   3.2532822859523483E-002   5.7087137080660294E-002   3.3948760894480422E-002   5.6516186188249870E-002   3.4460711389043948E-002
  0.97999995946884155        5.2936742453282247E-002   3.1080705207658713E-002   5.4568433279599621E-002   3.2450930078662600E-002   5.4054959692426734E-002   3.2959979976398407E-002
  0.98999994993209839        5.0577503139407773E-002   2.9695527007591659E-002   5.2159726956466840E-002   3.1018512914117870E-002   5.1696604540786471E-002   3.1521974305548019E-002
   1.0000000000000000        4.8325827588202475E-002   2.8373502629305297E-002   4.9856282668809891E-002   2.9648693312813744E-002   4.9438091865275410E-002   3.0144847525973056E-002
