 x up dp u1 d1 u2 d2
   0.0000000000000000        0.0000000000000000        0.0000000000000000        0.0000000000000000        0.0000000000000000        0.0000000000000000        0.0000000000000000     
   4.0000001899898052E-003   55.590235806375738        47.227405164989115        46.409807481833937        39.298230359397124        42.219550222177411        35.812162569132482     
   8.0000003799796104E-003   24.667441898178673        18.778228403849035        21.247482102089531        16.052154516582778        19.511997370480145        14.795228016969842     
   1.2000000104308128E-002   15.570775770519624        10.825367773326940        13.756581411915937        9.4693146326073059        12.717988761601495        8.8034184917812741     
   1.6000000759959221E-002   11.312293552366910        7.2619107155136060        10.190604373098353        6.4658260229983879        9.4676191396667821        6.0515879407093491     
   2.0000001415610313E-002   8.8642900301942333        5.2931877848634352        8.1046942087162375        4.7756922012159988        7.5592801458777510        4.4939800002633161     
   2.4000000208616257E-002   7.2818077023416459        4.0667247003506484        6.7358688466604750        3.7049727198282723        6.2994937600451886        3.5021270442174339     
   2.8000000864267349E-002   6.1773298196340241        3.2401649466101756        5.7665534637952964        2.9729123143314546        5.4046861544051374        2.8205298364307434     
   3.2000001519918442E-002   5.3625660634039480        2.6502578124773151        5.0430194062814548        2.4451607341576858        4.7345494974926448        2.3271178497250995     
   3.6000002175569534E-002   4.7373361086965646        2.2118635875106376        4.4818706435118187        2.0493810405493122        4.2132089490852591        1.9557852172681913     
   4.0000002831220627E-002   4.2429894180181478        1.8761055740331318        4.0327336340827280        1.7435601595396246        3.7947822899410042        1.6679257859014336     
   4.4000003486871719E-002   3.8411525910833633        1.6112144657431233        3.6650406005599323        1.5014068877097788        3.4514060816567196        1.4393342451462787     
   4.8000000417232513E-002   3.5088703449574479        1.3988220275988736        3.3571745046951054        1.3060845762796132        3.1629917521450635        1.2544312351127276     
   5.2000001072883606E-002   3.2287066206492456        1.2249363901370760        3.0958960331922705        1.1458076885471511        2.9176190188356523        1.1023131659432097     
   5.6000001728534698E-002   2.9890626205315485        1.0804111323226733        2.8706182728687546        1.0125111283824553        2.7054559749287219       0.97550440862936716     
   6.0000002384185791E-002   2.7822567289096507       0.95946455560967836        2.6740231257002791       0.90032135453351148        2.5197770419431005       0.86854390803562354     
   6.4000003039836884E-002   2.6010849977959443       0.85646240034913756        2.5011674204108987       0.80485093748444070        2.3561553119684411       0.77733749326419632     
   6.8000003695487976E-002   2.4411299131962183       0.76806824927224049        2.3477052075251059       0.72293477266471839        2.2105615682322299       0.69892184398555057     
   7.2000004351139069E-002   2.2992426290666503       0.69205183100601542        2.2104426767505041       0.65210381572397391        2.0799884494465819       0.63097705474836063     
   7.6000005006790161E-002   2.1718303161613202       0.62573036198502396        2.0871169247928369       0.59036153566873939        1.9623439672053553       0.57162898646373461     
   8.0000005662441254E-002   2.0567804478264708       0.56750371615483530        1.9755217051549923       0.53621070795147574        1.8558351698311506       0.51949715654790540     
   8.4000006318092346E-002   1.9525319004489405       0.51630148985241109        1.8738865517523471       0.48845930937326498        1.7589740288796327       0.47347604929807391     
   8.8000006973743439E-002   1.8576680028386678       0.47114060092832732        1.7809585653224203       0.44609544716975758        1.6706328252677438       0.43260857271520525     
   9.2000007629394531E-002   1.7705335401000977       0.43087424452847778        1.6957620532038495       0.40830843170938108        1.5897577923362582       0.39611485029260951     
   9.6000000834465027E-002   1.6902785880741156       0.39485469654149047        1.6172638676188418       0.37450957414271613        1.5152561913555957       0.36343874033963014     
  0.10000000149011612        1.6161319763726119       0.36251869549620291        1.5446139154000007       0.34420019561405579        1.4462482156826397       0.33410804346366291     
  0.10400000214576721        1.5475457097551597       0.33357471308356879        1.4771392948163093       0.31694029449506372        1.3820555892610404       0.30770263239985751     
  0.10800000280141830        1.4837723353928074       0.30749947667666705        1.4144412617846878       0.29227270499801750        1.3223389718178253       0.28377534178370584     
  0.11200000345706940        1.4240816240784371       0.28382702595969206        1.3559819702061970       0.26990345367922686        1.2666258803218955       0.26205582533201216     
  0.11600000411272049        1.3681764065046766       0.26231983094601435        1.3012696064361169       0.24959556408116307        1.2144724932803570       0.24232794516544942     
  0.12000000476837158        1.3157293323981085       0.24271143722411403        1.2498904240260280       0.23113991063279374        1.1655022408182003       0.22439867689437695     
  0.12400000542402267        1.2664309145973660       0.22488882458014345        1.2015039680754853       0.21434936546602398        1.1194002694953109       0.20809301502888378     
  0.12800000607967377        1.2200413293590768       0.20873494162501094        1.1559893094685434       0.19901310991797622        1.0760124112947493       0.19320175344549759     
  0.13199999928474426        1.1762377555382180       0.19396404945001128        1.1130879970495762       0.18496363240056016        1.0351036567185725       0.17955906084943371     
  0.13600000739097595        1.1347689266121912       0.18035359350066082        1.0725060882116477       0.17206937177948090       0.99642123388886350       0.16703691748883601     
  0.14000000059604645        1.0954493065885627       0.16783167250679831        1.0339953100297976       0.16021517348220682       0.95974844348361754       0.15552333078522396     
  0.14400000870227814        1.0580590241485368       0.15633423821025383       0.99734378850566063       0.14929958307634841       0.92489753996746138       0.14491968236274735     
  0.14800000190734863        1.0224804078160434       0.14574831965521123       0.96237614174643615       0.13923219450066857       0.89171042505072284       0.13513816557307801     
  0.15200001001358032       0.98856365239078059       0.13598745517649022       0.92904938014432226       0.12991579959172259       0.86013283873992574       0.12608500411073062     
  0.15600000321865082       0.95620665214227085       0.12696964450287873       0.89727167380866202       0.12128222641541173       0.83006046277896417       0.11769423409297823     
  0.16000001132488251       0.92529336676526874       0.11863085950796194       0.86692118854263034       0.11327822297674023       0.80136680225709689       0.10991413910297761     
  0.16400000452995300       0.89570971309575764       0.11091662586886412       0.83788996265551063       0.10585537269612261       0.77394061912152590       0.10269771064826112     
  0.16800001263618469       0.86738805091466487       0.10376671051041966       0.81008115684017257        9.8969402642985760E-002  0.74768294608104624        9.6001972981427930E-002
  0.17200000584125519       0.84023255749273151        9.7136004811955529E-002  0.78340837531869090        9.2579979759364411E-002  0.72250612360671296        8.9787782931667226E-002
  0.17600001394748688       0.81416379767941238        9.0982305367968849E-002  0.75779499485030033        8.6648248411706444E-002  0.69833313420551923        8.4017300965462158E-002
  0.18000000715255737       0.78913157398268108        8.5262229388854860E-002  0.73318958428468017        8.1122423964119381E-002  0.67511565527249784        7.8639291688743326E-002
  0.18400001525878906       0.76506015514527770        7.9942891023754833E-002  0.70954252411165930        7.5968808792362771E-002  0.65280932474140752        7.3621690511790308E-002
  0.18800000846385956       0.74188889852317030        7.4993033980134849E-002  0.68680491645430353        7.1161133885300751E-002  0.63136978242343367        6.8939869917671051E-002
  0.19200000166893005       0.71958062976342885        7.0380469571830973E-002  0.66493060037504714        6.6675214441632172E-002  0.61075481192742531        6.4571057157775363E-002
  0.19600000977516174       0.69807909286739922        6.6080427708915021E-002  0.64387624018672385        6.2488817713477716E-002  0.59092450504530036        6.0494234318881686E-002
  0.20000000298023224       0.67733453488971118        6.2070103252292133E-002  0.62360134897526442        5.8581519754272025E-002  0.57184134706480738        5.6690022981641462E-002
  0.20400001108646393       0.65731767131914931        5.8325289516147523E-002  0.60406757871888517        5.4934442785240331E-002  0.55346960331959150        5.3140448447388938E-002
  0.20800000429153442       0.63798895163080593        5.4826589379672892E-002  0.58523538550813892        5.1528351761976759E-002  0.53576981869197915        4.9826859267160635E-002
  0.21200001239776611       0.61930850893455780        5.1556845528891164E-002  0.56705744396068924        4.8339640451882333E-002  0.51868904176528408        4.6725409551508813E-002
  0.21600000560283661       0.60124722580076462        4.8498832836922419E-002  0.54950468200054603        4.5353007360353359E-002  0.50220168463239645        4.3821058533394859E-002
  0.22000001370906830       0.58377929033673681        4.5636417038160661E-002  0.53255077072941537        4.2555068405499094E-002  0.48628534755806596        4.1100736082940993E-002
  0.22400000691413879       0.56687457984264855        4.2956168448764299E-002  0.51617082165057826        3.9933510776906107E-002  0.47091852346921442        3.8552419064074243E-002
  0.22800001502037048       0.55050511604315400        4.0445640615586399E-002  0.50034084222416741        3.7476920159771672E-002  0.45608015817930003        3.6164962717319248E-002
  0.23200000822544098       0.53464956479539916        3.8092433596026765E-002  0.48503817927491299        3.5174773621412359E-002  0.44175012509613676        3.3928093212211671E-002
  0.23600001633167267       0.51928631670827097        3.5885448257292056E-002  0.47024100353984355        3.3017292944474461E-002  0.42790879318099589        3.1832264588808550E-002
  0.24000000953674316       0.50439399806039076        3.3814785973492814E-002  0.45592872083944108        3.0995446479353476E-002  0.41453745527602137        2.9868660104229266E-002
  0.24400001764297485       0.48995214562447975        3.1871292921658391E-002  0.44206680470501181        2.9100225654977857E-002  0.40160131912249075        2.8028442192587863E-002
  0.24800001084804535       0.47594156824013134        3.0046362888665967E-002  0.42862002652458631        2.7322456533616694E-002  0.38906282814482152        2.6302618835613186E-002
  0.25200000405311584       0.46234622024464889        2.8331948068027062E-002  0.41557985060684383        2.5654185606963229E-002  0.37691350947139285        2.4683473927957018E-002
  0.25600001215934753       0.44915116008354578        2.6720649744513030E-002  0.40293756299963790        2.4088093872217935E-002  0.36514478437669107        2.3163905083021800E-002
  0.26000002026557922       0.43634206734167991        2.5205660717805237E-002  0.39068418736651878        2.2617440755407076E-002  0.35374783969980078        2.1737368758148631E-002
  0.26399999856948853       0.42390116510145481        2.3781005997343060E-002  0.37881052917518276        2.1236005785251484E-002  0.34271367050334839        2.0397824077199988E-002
  0.26800000667572021       0.41181437322061187        2.2440834372856718E-002  0.36730696054819889        1.9938007613156214E-002  0.33203288102195760        1.9139654653822710E-002
  0.27200001478195190       0.40007155861844168        2.1179512218712015E-002  0.35616402645274192        1.8718126395998035E-002  0.32169624927527873        1.7957690556613087E-002
  0.27600002288818359       0.38866266587709208        1.9991829043931802E-002  0.34537214607850369        1.7571423394890030E-002  0.31169444966231702        1.6847130611763256E-002
  0.28000000119209290       0.37757583077432416        1.8873161379279201E-002  0.33492067836275702        1.6493405149153914E-002  0.30201713131110136        1.5803605999717550E-002
  0.28400000929832458       0.36679349209605877        1.7819726862303029E-002  0.32476789141221440        1.5481879446202810E-002  0.29262362664593344        1.4824996724750969E-002
  0.28800001740455627       0.35630807721785196        1.6827270150381320E-002  0.31489531519729530        1.4533186084715733E-002  0.28349597713719182        1.3907701400990775E-002
  0.29200002551078796       0.34611295972301143        1.5891757824360343E-002  0.30530035899635027        1.3642868507425489E-002  0.27463173378175043        1.3047331102411283E-002
  0.29600000381469727       0.33620151391347902        1.5009465165118925E-002  0.29597994121874943        1.2806825781362299E-002  0.26602797046933507        1.2239848944597335E-002
  0.30000001192092896       0.32656257300572489        1.4177289892871736E-002  0.28693030242015755        1.2021256912493153E-002  0.25768111524339693        1.1481515453779472E-002
  0.30400002002716064       0.31718018547421006        1.3392832740515179E-002  0.27814750204143879        1.1282670931692090E-002  0.24958741224932482        1.0768897536799512E-002
  0.30800002813339233       0.30804980941003962        1.2652945781736664E-002  0.26962720804204898        1.0587836660397466E-002  0.24174273043736211        1.0098819255347143E-002
  0.31200000643730164       0.29916727783863561        1.1954676377448258E-002  0.26136488619486170        9.9337712537730660E-003  0.23414274072572558        9.4683501579677313E-003
  0.31600001454353333       0.29052803119923781        1.1295273994889376E-002  0.25335560973158394        9.3177005061955073E-003  0.22678274325070574        8.8747664085997643E-003
  0.32000002264976501       0.28212473929796866        1.0672433710825487E-002  0.24559447445027321        8.7370698519876853E-003  0.21965805133960808        8.3155608620562125E-003
  0.32400000095367432       0.27394051871560016        1.0084814531981012E-002  0.23806839504420796        8.1903831145457642E-003  0.21275621461124125        7.7892876510621779E-003
  0.32800000905990601       0.26597121921846145        9.5301820946107948E-003  0.23074108323940584        7.6787217317886925E-003  0.20604264971236422        7.2970954373649723E-003
  0.33200001716613770       0.25821438199884117        9.0063403900465227E-003  0.22360843038120234        7.1997879492934538E-003  0.19951315665960628        6.8367353070648432E-003
  0.33600002527236938       0.25066722804327413        8.5112474133104445E-003  0.21666955325090864        6.7510804458966022E-003  0.19316662077087962        6.4057500903248674E-003
  0.34000000357627869       0.24332681119573027        8.0430107624667336E-003  0.20992322449483503        6.3302927950673145E-003  0.18700162798701692        6.0018748589459577E-003
  0.34400001168251038       0.23618010719461810        7.6005960902872571E-003  0.20336772589873200        5.9352854842596239E-003  0.18101633001944650        5.6230096067273784E-003
  0.34800001978874207       0.22921652474670204        7.1829464503156302E-003  0.19700119683244063        5.5640906334167286E-003  0.17520876206835376        5.2672233577740020E-003
  0.35200002789497375       0.22243495727045057        6.7883959457970613E-003  0.19082147243994593        5.2148858925168380E-003  0.16957669415084056        4.9327287309327821E-003
  0.35600000619888306       0.21583404303549947        6.4153988395021823E-003  0.18482621526713586        4.8859882161082545E-003  0.16411775059420719        4.6178756183705288E-003
  0.36000001430511475       0.20941200951175620        6.0625096058049555E-003  0.17901277138370544        4.5758334443617684E-003  0.15882927854151829        4.3211312929184401E-003
  0.36400002241134644       0.20316692398955497        5.7283970009223461E-003  0.17337846716125480        4.2829809185813746E-003  0.15370861764123545        4.0410845202238010E-003
  0.36800003051757812       0.19708571127301930        5.4125907951689464E-003  0.16792039625455299        4.0061021706437622E-003  0.14875290617068729        3.7764347848903211E-003
  0.37200000882148743       0.19115971830004128        5.1143913706804866E-003  0.16261665492738797        3.7464155152696155E-003  0.14394213745126053        3.5284304035380241E-003
  0.37600001692771912       0.18538822429449775        4.8325922390813365E-003  0.15745088758395867        3.5044442509997477E-003  0.13926118979252447        3.2976202920618827E-003
  0.38000002503395081       0.17977038344181298        4.5660763047668407E-003  0.15242267194078116        3.2787377975298706E-003  0.13470929635157497        3.0825742252296655E-003
  0.38400000333786011       0.17430511812169788        4.3138026131232894E-003  0.14753134412744920        3.0679520775292505E-003  0.13028549821774213        2.8819675958121774E-003
  0.38800001144409180       0.16899102967960841        4.0747956378496195E-003  0.14277592250054791        2.8708372763846120E-003  0.12598857371107089        2.6945694237769727E-003
  0.39200001955032349       0.16382158236860778        3.8484941110859443E-003  0.13815535034320209        2.6862396326351786E-003  0.12181725610742572        2.5192437492515662E-003
  0.39600002765655518       0.15878348893546504        3.6348493129008700E-003  0.13366837254383193        2.5130884205619231E-003  0.11777012047266487        2.3549369444412389E-003
  0.40000000596046448       0.15387604827768414        3.4330254556440630E-003  0.12931362441819175        2.3503922693528696E-003  0.11384566234206947        2.2006739483365610E-003
  0.40400001406669617       0.14909881428110969        3.2422009983067907E-003  0.12508952165951659        2.1972287666050727E-003  0.11004219728961662        2.0555481394082037E-003
  0.40800002217292786       0.14445124429467285        3.0616134485160203E-003  0.12099447123778877        2.0527462308717803E-003  0.10635804971786804        1.9187227766678087E-003
  0.41200003027915955       0.13993257466818146        2.8905494558088586E-003  0.11702675596219163        1.9161539572636035E-003  0.10279144767128313        1.7894215253475845E-003
  0.41600000858306885       0.13554191070124530        2.7283440126680595E-003  0.11318460882027448        1.7867198455890335E-003   9.9340588699609531E-002   1.6669260030713162E-003
  0.42000001668930054       0.13127041350035237        2.5748664571956454E-003  0.10946177172132068        1.6643939552151703E-003   9.5999783409757622E-002   1.5511977062381520E-003
  0.42400002479553223       0.12710879652133614        2.4300594094862366E-003  0.10583992358400600        1.5509199260935439E-003   9.2752864852982050E-002   1.4439882151578195E-003
  0.42800003290176392       0.12305687756583054        2.2933098983799966E-003  0.10231649364556543        1.4457625956768706E-003   8.9597306798562495E-002   1.3447792989957341E-003
  0.43200001120567322       0.11911434573253737        2.1640449732383657E-003   9.8890581923906928E-002   1.3481882875156159E-003   8.6532046655449321E-002   1.2528540539629950E-003
  0.43600001931190491       0.11528065058293623        2.0417259698951576E-003   9.5561131225170154E-002   1.2575121002624265E-003   8.3555897843020324E-002   1.1675435354406066E-003
  0.44000002741813660       0.11155519420751647        1.9258518024990686E-003   9.2327090492456285E-002   1.1730987450385404E-003   8.0667694827950193E-002   1.0882273989330459E-003
  0.44400003552436829       0.10793722736680454        1.8159527574378976E-003   8.9187320973667342E-002   1.0943563358261953E-003   7.7866208130195971E-002   1.0143279157311617E-003
  0.44800001382827759       0.10442231756823013        1.7118175438462049E-003   8.6140652899490813E-002   1.0207346576973882E-003   7.5150194003917301E-002   9.4530821330798289E-004
  0.45200002193450928       0.10099962735705613        1.6136559056725841E-003   8.3185802500785111E-002   9.5172018403104428E-004   7.2518319629680791E-002   8.8066747741659315E-004
  0.45600003004074097        9.7668351156294880E-002   1.5210736716327247E-003   8.0321515396844526E-002   8.8683679393970381E-004   6.9969290127814637E-002   8.1994150418869549E-004
  0.46000000834465027        9.4428201889398128E-002   1.4336632801077312E-003   7.7546501239938295E-002   8.2564150815086015E-004   6.7501789478679783E-002   7.6269859220306406E-004
  0.46400001645088196        9.1278710013796824E-002   1.3510408598461619E-003   7.4859380856183433E-002   7.6772111510354547E-004   6.5114432921931351E-002   7.0853628048079371E-004
  0.46800002455711365        8.8219379311578291E-002   1.2728484992408718E-003   7.2258814839543106E-002   7.1269272761946090E-004   6.2805880659306645E-002   6.5708177093381170E-004
  0.47200003266334534        8.5249599697803727E-002   1.1987500835171202E-003   6.9742823136001553E-002   6.6029993598443909E-004   6.0574279938116135E-002   6.0808655309096287E-004
  0.47600001096725464        8.2368702057939586E-002   1.1284310557927741E-003   6.7300929602407800E-002   6.1171541371507216E-004   5.8410866679459904E-002   5.6270797218409502E-004
  0.48000001907348633        7.9570557094508415E-002   1.0619268299859276E-003   6.4928886400746788E-002   5.6707304907758853E-004   5.6311841992292555E-002   5.2108390077713440E-004
  0.48400002717971802        7.6848035971322462E-002   9.9935596327242185E-004   6.2625633333234842E-002   5.2600860993624616E-004   5.4275999275426527E-002   4.8286233542372349E-004
  0.48800003528594971        7.4200801222198340E-002   9.4042605719239021E-004   6.0390082413055504E-002   4.8818103379970275E-004   5.2302124929013524E-002   4.4771375714335303E-004
  0.49200001358985901        7.1628479069928003E-002   8.8486159050084627E-004   5.8221155200374658E-002   4.5327160862197979E-004   5.0389030255351228E-002   4.1533030873629943E-004
  0.49600002169609070        6.9130569022146260E-002   8.3240255279730911E-004   5.6117720906118253E-002   4.2098155764798341E-004   4.8535495850046580E-002   3.8542349474794170E-004
  0.50000000000000000        6.6706583430094904E-002   7.8280627029826667E-004   5.4078710493280717E-002   3.9103250930568159E-004   4.6740371244235003E-002   3.5772455962720918E-004
  0.50400000810623169        6.4355904837685440E-002   7.3584332121612935E-004   5.2102993283907204E-002   3.6316336223916028E-004   4.5002465264881455E-002   3.3198152967306584E-004
  0.50800001621246338        6.2077919544189342E-002   6.9129928796200454E-004   5.0189486321059844E-002   3.3713076246182376E-004   4.3320641507192975E-002   3.0795960274353397E-004
  0.51200002431869507        5.9870145822941430E-002   6.4909744834266015E-004   4.8337094581669016E-002   3.1270712350167087E-004   4.1693764904141790E-002   2.8543926815688669E-004
  0.51600003242492676        5.7725337329169651E-002   6.0948892570230305E-004   4.6544728002736513E-002   2.8967988856663709E-004   4.0120715986346860E-002   2.6421557898055782E-004
  0.52000004053115845        5.5642226891772097E-002   5.7230669259521465E-004   4.4811302699737557E-002   2.6785058882175148E-004   3.8600391265048502E-002   2.4409723817479323E-004
  0.52400004863739014        5.3620123588796968E-002   5.3735377501931659E-004   4.3135742118669003E-002   2.4703398188227765E-004   3.7131703603590617E-002   2.2490576215199824E-004
  0.52799999713897705        5.1658342880147368E-002   5.0444532059014217E-004   4.1516925276522912E-002   2.2707532229955266E-004   3.5713551695492347E-002   2.0649216428317489E-004
  0.53200000524520874        4.9756093462972335E-002   4.7340599314454987E-004   3.9950361029135441E-002   2.0858101160821233E-004   3.4342531344765136E-002   1.8944404695797089E-004
  0.53600001335144043        4.7912655311462958E-002   4.4407227771684870E-004   3.8433059232372509E-002   1.9179129500455837E-004   3.3016205378443894E-002   1.7399642105486878E-004
  0.54000002145767212        4.6127264302154053E-002   4.1628989680677530E-004   3.6963792689233076E-002   1.7654019104784764E-004   3.1733325583510712E-002   1.5999163490758338E-004
  0.54400002956390381        4.4399144141437398E-002   3.8991375665640938E-004   3.5541366855793149E-002   1.6267169557839951E-004   3.0492682955459403E-002   1.4728153583619063E-004
  0.54800003767013550        4.2725730420122461E-002   3.6494166108928171E-004   3.4164618966753178E-002   1.5003921798402051E-004   2.9293106321525146E-002   1.3572693266093226E-004
  0.55200004577636719        4.1101976297518709E-002   3.4157132184822671E-004   3.2832417123507499E-002   1.3850503376469848E-004   2.8133460964975952E-002   1.2519707404986285E-004
  0.55600005388259888        3.9527106674444187E-002   3.1968936611115708E-004   3.1543659407575836E-002   1.2793978085364702E-004   2.7012647309250435E-002   1.1556916867960958E-004
  0.56000000238418579        3.8000559355714149E-002   2.9917467003965828E-004   3.0297291348527124E-002   1.1822212463296967E-004   2.5929615575086370E-002   1.0672805954471363E-004
  0.56400001049041748        3.6521692801498112E-002   2.7991203936894663E-004   2.9092231374979190E-002   1.0923773409150975E-004   2.4883300530877162E-002   9.8565273460846973E-005
  0.56800001859664917        3.5089924265320670E-002   2.6179366737097854E-004   2.7927481492976667E-002   1.0087973739488647E-004   2.3872717209420316E-002   9.0979417328314875E-005
  0.57200002670288086        3.3704639630786688E-002   2.4471754159067517E-004   2.6802051558518697E-002   9.3047726303080184E-005   2.2896894662562912E-002   8.3875255003876866E-005
  0.57600003480911255        3.2365217934622582E-002   2.2858742743181801E-004   2.5714977432613851E-002   8.5647536998909724E-005   2.1954891340044642E-002   7.7163492019243402E-005
  0.58000004291534424        3.1071032672661234E-002   2.1331255507627542E-004   2.4665320221207751E-002   7.8590895246597345E-005   2.1045794048432407E-002   7.0760437514492727E-005
  0.58400005102157593        2.9821336792858536E-002   1.9881773199233345E-004   2.3652165605621989E-002   7.1795089046797496E-005   2.0168717010514901E-002   6.4587692281702853E-005
  0.58799999952316284        2.8612765664860446E-002   1.8526074084492360E-004   2.2674634239384459E-002   6.5202505396297515E-005   1.9322837898054251E-002   5.8590657548808114E-005
  0.59200000762939453        2.7443343168300063E-002   1.7265518306751627E-004   2.1731674643422169E-002   5.9149517442123145E-005   1.8507718070890435E-002   5.3088412371939043E-005
  0.59600001573562622        2.6312274321845668E-002   1.6091759863192458E-004   2.0822131946120141E-002   5.3730916610982586E-005   1.7722464083215816E-002   4.8171791307743516E-005
  0.60000002384185791        2.5218761739870810E-002   1.4996888100799713E-004   1.9944874284620797E-002   4.8882653294099465E-005   1.6965979795075942E-002   4.3781157128006752E-005
