 pt up dp u1 d1 u2 d2
   0.0000000000000000        0.0000000000000000        0.0000000000000000        0.0000000000000000        0.0000000000000000        0.0000000000000000        0.0000000000000000     
   9.9999997764825821E-003  0.50501614721135213       0.23773563963325686       0.35811261370413822       0.17493141277892729       0.29929918948906259       0.15130852937854505     
   1.9999999552965164E-002  0.50442221632336692       0.23745604750470251       0.35777172164474386       0.17476489328960190       0.29903720156742752       0.15117608328938184     
   2.9999999329447746E-002  0.50340514860689778       0.23697726431042193       0.35718057456423113       0.17447612883396166       0.29858004530840082       0.15094497126609971     
   3.9999999105930328E-002  0.50191842193332947       0.23627738982392826       0.35630017954003967       0.17404607208786604       0.29789306321642145       0.15059767246377331     
   4.9999997019767761E-002  0.50007257103990388       0.23540845811701289       0.35521946813776506       0.17351816448234850       0.29705447181793349       0.15017372867872228     
   5.9999998658895493E-002  0.49777061608060402       0.23432481606382716       0.35385743446232681       0.17285283613037444       0.29599232266970021       0.14963676689852426     
   7.0000000298023224E-002  0.49507998412213550       0.23305820486100456       0.35226697236921845       0.17207592470566654       0.29475280662318665       0.14901013857233597     
   7.9999998211860657E-002  0.49203103456774094       0.23162291615483935       0.35047038248143114       0.17119832365161755       0.29335503224287923       0.14830350389601635     
   8.9999996125698090E-002  0.48856192995906350       0.22998984004895107       0.34841427879179393       0.17019395488747968       0.29175118052955218       0.14749268832214502     
   9.9999994039535522E-002  0.48472423949078941       0.22818325266906722       0.34613758947402223       0.16908183410877536       0.28997487030109886       0.14659468759970348     
  0.10999999940395355       0.48052656084710865       0.22620720136290434       0.34364383976567109       0.16786368332908982       0.28802838635742695       0.14561065679267482     
  0.11999999731779099       0.47600126593465975       0.22407692515989430       0.34095569995302866       0.16655057656552499       0.28593085227028636       0.14455026368373131     
  0.12999999523162842       0.47111050359242229       0.22177460567932641       0.33803820872201257       0.16512543586039075       0.28365043231996212       0.14339741395621253     
  0.14000000059604645       0.46589631120436892       0.21932003196046684       0.33492141908284428       0.16360294155538729       0.28121263742878017       0.14216500447143920     
  0.14999999105930328       0.46037196483434495       0.21671945369166207       0.33161169525778372       0.16198620245581388       0.27862201160756839       0.14085533242105114     
  0.15999999642372131       0.45457268348924862       0.21398945017077925       0.32813314910267111       0.16028699675893426       0.27589872294439632       0.13947859363535239     
  0.17000000178813934       0.44846711723488503       0.21111526346047407       0.32445534045535229       0.15849045500646311       0.27301471888982698       0.13802060635191332     
  0.17999999225139618       0.44209694238018499       0.20811651262444600       0.32060736835366516       0.15661079154217036       0.26999448879554083       0.13649375098444169     
  0.18999999761581421       0.43547810559684547       0.20500070453592378       0.31659720976886746       0.15465190296952228       0.26684383694702840       0.13490096184727104     
  0.19999998807907104       0.42862679154311206       0.20177545809996986       0.31243298043221862       0.15261775367368852       0.26356867069936618       0.13324522536081407     
  0.20999999344348907       0.42157848095781986       0.19845747582439119       0.30813850689032007       0.15051998248362744       0.26018874722009705       0.13153652961749013     
  0.21999999880790710       0.41431010787261197       0.19503589943708829       0.30368978589844864       0.14834686425660426       0.25668157911774631       0.12976350628001995     
  0.22999998927116394       0.40686081244126365       0.19152915411029489       0.29911363291978127       0.14611149785224714       0.25306954329057962       0.12793746782664420     
  0.23999999463558197       0.39924787033604003       0.18794537234238456       0.29441906267537915       0.14381828679567810       0.24935930340832754       0.12606178302715124     
  0.25000000000000000       0.39148867460620446       0.18429274188678832       0.28961523959739943       0.14147170774313092       0.24555765648241218       0.12413988806125223     
  0.25999999046325684       0.38361866372914577       0.18058794535679684       0.28472616717368332       0.13908348595609910       0.24168451618168649       0.12218185013946556     
  0.26999998092651367       0.37562044868415562       0.17682279689541644       0.27972944555955664       0.13664267952322565       0.23771884224621664       0.12017703251134197     
  0.28000000119209290       0.36752673225157428       0.17301269129040767       0.27465140721783593       0.13416215136736279       0.23368264225717486       0.11813656094955075     
  0.28999999165534973       0.35935534138604469       0.16916602055554703       0.26950211268766883       0.13164681587649638       0.22958273191183198       0.11606388108029775     
  0.29999998211860657       0.35112237810279828       0.16529036469181371       0.26429084300007849       0.12910120666325797       0.22542679980207925       0.11396287981531859     
  0.31000000238418579       0.34284429607296529       0.16139346924170583       0.25902526388908304       0.12652906829745705       0.22122174604043560       0.11183704545633420     
  0.31999999284744263       0.33453646982365209       0.15748257174219307       0.25371464915962538       0.12393493086191804       0.21697333398920030       0.10968929162925617     
  0.32999998331069946       0.32621450513028294       0.15356501859006483       0.24836731929734424       0.12132285876055224       0.21268818308863308       0.10752296474398515     
  0.34000000357627869       0.31789325682017261       0.14964780267434605       0.24299219824381471       0.11869721117437558       0.20837318583442516       0.10534154925161032     
  0.34999999403953552       0.30958676226466714       0.14573753206781687       0.23759766550886749       0.11606208133952946       0.20403478113036708       0.10314830029313310     
  0.35999998450279236       0.30130970632122722       0.14184111964643245       0.23219263733924347       0.11342182467824535       0.19967936379078893       0.10094645072044832     
  0.37000000476837158       0.29307443513753834       0.13796437734181813       0.22678412357385436       0.11077986536765971       0.19531307087691727        9.8739103080243446E-002
  0.37999999523162842       0.28489375911321679       0.13411333563154063       0.22138060590215741       0.10814034655677873       0.19094225099217615        9.6529466862826221E-002
  0.38999998569488525       0.27677973852234833       0.13029367187263055       0.21598946131909930       0.10550687177169626       0.18657270304723436        9.4320473665327545E-002
  0.39999997615814209       0.26874319457965551       0.12651048013666971       0.21061814672439874       0.10288308357051515       0.18221016589697181        9.2115024724111469E-002
  0.40999999642372131       0.26079453230811256       0.12276865857356010       0.20527319178012687       0.10027217157283375       0.17786006825370532        8.9915864485223526E-002
  0.41999998688697815       0.25294425132965992       0.11907314986553408       0.19996168370969836        9.7677597756692283E-002  0.17352797367768472        8.7725805566101739E-002
  0.42999997735023499       0.24520114591702505       0.11542809390408570       0.19468925155895003        9.5102111807254530E-002  0.16921888655928174        8.5547377899917149E-002
  0.43999999761581421       0.23757380842281453       0.11183753552709580       0.18946270995382869        9.2549042543720900E-002  0.16493782872895257        8.3383120236548938E-002
  0.44999998807907104       0.23006964380248685       0.10830496060691168       0.18428764234307868        9.0021117377915696E-002  0.16068898852433278        8.1235149959639943E-002
  0.45999997854232788       0.22269583553441274       0.10483375075585326       0.17916902329389686        8.7520766294247182E-002  0.15647738470565023        7.9106004266937605E-002
  0.46999999880790710       0.21545842156366901       0.10142674832805698       0.17411203402360920        8.5050520221903764E-002  0.15230709611967511        7.6997745189774008E-002
  0.47999998927116394       0.20836364452200337        9.8086892033620809E-002  0.16912155097713599        8.2612761214369695E-002  0.14818162858983877        7.4912145071697953E-002
  0.48999997973442078       0.20141634879552484        9.4816462360478956E-002  0.16420154348811941        8.0209428217985379E-002  0.14410523737757802        7.2851355129193440E-002
  0.50000000000000000       0.19462051657860377        9.1617333921019659E-002  0.15935633470203803        7.7842633009653731E-002  0.14008115253396908        7.0817008291100214E-002
  0.50999999046325684       0.18798004885854636        8.8491343099519851E-002  0.15458900740607401        7.5513881474105857E-002  0.13611274734608314        6.8810809898173467E-002
  0.51999998092651367       0.18149816185768841        8.5440003928112115E-002  0.14990357627051482        7.3225134703798378E-002  0.13220253112046207        6.6834028512093413E-002
  0.52999997138977051       0.17517703487375319        8.2464342308128352E-002  0.14530292370056019        7.0977800700556370E-002  0.12835388051161306        6.4888371175998091E-002
  0.53999996185302734       0.16901850710139238        7.9565224037859150E-002  0.14078940326442896        6.8773029139085298E-002  0.12456884390745650        6.2974873437509127E-002
  0.55000001192092896       0.16302441382081173        7.6743513072875177E-002  0.13636565903192177        6.6612111598759668E-002  0.12084976768174724        6.1094721488820551E-002
  0.56000000238418579       0.15719544807185237        7.3999535660704857E-002  0.13203348201028745        6.4495922953617418E-002  0.11719853149688712        5.9248865579594592E-002
  0.56999999284744263       0.15151330246840800        7.1324673625137530E-002  0.12779475011945901        6.2425380532941069E-002  0.11361740279163859        5.7438451997013709E-002
  0.57999998331069946       0.14601516330803038        6.8736432363342703E-002  0.12365083121276893        6.0401152507877705E-002  0.11010752171076832        5.5664057132975946E-002
  0.58999997377395630       0.14068205888291163        6.6225880970604944E-002  0.11960308631277139        5.8423903712865224E-002  0.10667035613910422        5.3926423065984684E-002
  0.59999996423721313       0.13551251624872743        6.3792326060458995E-002  0.11565247517502945        5.6494102970810610E-002  0.10330697522939694        5.2226090298440490E-002
  0.61000001430511475       0.13050603225338375        6.1435530774765705E-002  0.11179933990886910        5.4611917395815494E-002  0.10001843825901446        5.0563594340315828E-002
  0.62000000476837158       0.12566023946460511        5.9154380648117594E-002  0.10804427620113581        5.2777637969926960E-002   9.6805452305629411E-002   4.8939292649587803E-002
  0.62999999523162842       0.12097394977227736        5.6948316379352756E-002  0.10438756900979786        5.0991403889861606E-002   9.3668371036516568E-002   4.7353364020175981E-002
  0.63999998569488525       0.11644454233447954        5.4816104210830011E-002  0.10082889127395260        4.9253055392395273E-002   9.0608029154112313E-002   4.5806230429829037E-002
  0.64999997615814209       0.11206913672410328        5.2756388185547336E-002   9.7367906061749471E-002   4.7562427892527757E-002   8.7624227142382466E-002   4.4297791014666223E-002
  0.65999996662139893       0.10784578552367147        5.0768251559471629E-002   9.4004935819677379E-002   4.5919678899426941E-002   8.4717206406651757E-002   4.2828167815394537E-002
  0.66999995708465576       0.10377079644065101        4.8849956191096056E-002   9.0738213979628821E-002   4.4323945477125336E-002   8.1886645556277560E-002   4.1397198355310943E-002
  0.68000000715255737        9.9841790815818357E-002   4.7000382329943143E-002   8.7568007251395880E-002   4.2775357908441621E-002   7.9132192254507905E-002   4.0004704513132150E-002
  0.68999999761581421        9.6055181223447972E-002   4.5217841200408011E-002   8.4492315239120028E-002   4.1272939036860704E-002   7.6453650790516109E-002   3.8650587348672279E-002
  0.69999998807907104        9.2407156312657293E-002   4.3500538614433627E-002   8.1510541921571353E-002   3.9816397716994710E-002   7.3850868499517747E-002   3.7334769683359588E-002
  0.70999997854232788        8.8894970857724770E-002   4.1847182260880141E-002   7.8621927447631731E-002   3.8405362775574312E-002   7.1322361815094035E-002   3.6056501510976301E-002
  0.71999996900558472        8.5514650615443319E-002   4.0255901270358267E-002   7.5824082993042788E-002   3.7038667315968762E-002   6.8867932422903552E-002   3.4815682575148957E-002
  0.72999995946884155        8.2262134387561150E-002   3.8724783839513999E-002   7.3116224230856078E-002   3.5715928208916614E-002   6.6486651465393690E-002   3.3611843298694370E-002
  0.74000000953674316        7.9134457121993629E-002   3.7252434174256846E-002   7.0496681963323926E-002   3.4436330082076819E-002   6.4177339978698289E-002   3.2444387665001025E-002
  0.75000000000000000        7.6127134881676578E-002   3.5836741467532580E-002   6.7963564867599885E-002   3.3198949059090703E-002   6.1938915865538090E-002   3.1312768627656029E-002
  0.75999999046325684        7.3237138481421243E-002   3.4476279734682327E-002   6.5515355680295012E-002   3.2003043984751699E-002   5.9770391293306462E-002   3.0216486795066600E-002
  0.76999998092651367        7.0460302679041645E-002   3.3169088193816691E-002   6.3149996330162952E-002   3.0847609529180395E-002   5.7670956331327995E-002   2.9155132712667817E-002
  0.77999997138977051        6.7792519066630197E-002   3.1913232817702662E-002   6.0865846589340064E-002   2.9731844471290333E-002   5.5638553409634181E-002   2.8127666190920383E-002
  0.78999996185302734        6.5230756902985312E-002   3.0707286889190600E-002   5.8660752074350737E-002   2.8654696434452842E-002   5.3672408303629265E-002   2.7133695826208462E-002
  0.79999995231628418        6.2770606384187369E-002   2.9549174499299502E-002   5.6532685236928684E-002   2.7615174998701992E-002   5.1771091807885292E-002   2.6172499094118049E-002
  0.81000000238418579        6.0409096015147490E-002   2.8437496820903817E-002   5.4480311944965380E-002   2.6612628465087017E-002   4.9933000127067403E-002   2.5243265207577054E-002
  0.81999999284744263        5.8142280484821278E-002   2.7370396604389023E-002   5.2500672470053238E-002   2.5645611060820386E-002   4.8156656806893641E-002   2.4345247755856853E-002
  0.82999998331069946        5.5966301901547721E-002   2.6346057752692241E-002   5.0592207762286984E-002   2.4713361218752311E-002   4.6441099525680665E-002   2.3477960244226347E-002
  0.83999997377395630        5.3878316642946837E-002   2.5363141634585324E-002   4.8753363263215679E-002   2.3815119565725639E-002   4.4784075591466431E-002   2.2640263840640992E-002
  0.84999996423721313        5.1874620355984793E-002   2.4419904431097754E-002   4.6981325906981286E-002   2.2949511970905744E-002   4.3184451684574875E-002   2.1831585603577570E-002
  0.85999995470046997        4.9951552271873874E-002   2.3514622840481444E-002   4.5274466706834472E-002   2.2115742704283129E-002   4.1641068035589798E-002   2.1051339220039135E-002
  0.87000000476837158        4.8106541214783305E-002   2.2646086485337374E-002   4.3630361392698200E-002   2.1312627554597834E-002   4.0151645679739903E-002   2.0298372575953350E-002
  0.87999999523162842        4.6335792284995563E-002   2.1812508921971219E-002   4.2047480829158178E-002   2.0539419567377565E-002   3.8715176554162255E-002   1.9572176052468374E-002
  0.88999998569488525        4.4636910108558116E-002   2.1012762531470431E-002   4.0523750181423610E-002   1.9795105224060482E-002   3.7329841097256927E-002   1.8871829783445270E-002
  0.89999997615814209        4.3006599259126768E-002   2.0245295996527350E-002   3.9057010006015490E-002   1.9078629676299606E-002   3.5994468311991636E-002   1.8196741779847418E-002
  0.90999996662139893        4.1441673188009502E-002   1.9508609253835695E-002   3.7645256308893302E-002   1.8389014009934139E-002   3.4707240612274801E-002   1.7545993174239851E-002
  0.91999995708465576        3.9940014597858835E-002   1.8801705588652771E-002   3.6287193366868815E-002   1.7725625288063190E-002   3.3466818976978500E-002   1.6918907034225893E-002
  0.93000000715255737        3.8498295232156018E-002   1.8123018228912668E-002   3.4980066580708014E-002   1.7087117939720540E-002   3.2271541852212510E-002   1.6314643373315504E-002
  0.93999999761581421        3.7114608044606527E-002   1.7471649435259511E-002   3.3722934316419602E-002   1.6473031994053113E-002   3.1119905539259737E-002   1.5732442007554116E-002
  0.94999998807907104        3.5786131563754986E-002   1.6846271003981752E-002   3.2513126271958508E-002   1.5882063057718082E-002   3.0010590875628174E-002   1.5171636043933954E-002
  0.95999997854232788        3.4510173739114337E-002   1.6245615656106178E-002   3.1349492610196150E-002   1.5313649456466455E-002   2.8942516157198048E-002   1.4631678634801146E-002
  0.96999996900558472        3.3285084855583479E-002   1.5668906790573794E-002   3.0230260240839964E-002   1.4766925068363371E-002   2.7913596273813835E-002   1.4111515667875035E-002
  0.97999995946884155        3.2108344061177838E-002   1.5114957719865174E-002   2.9153564718791141E-002   1.4240979146334645E-002   2.6922936010762580E-002   1.3610694573865600E-002
  0.98999994993209839        3.0977520074204283E-002   1.4582623921549468E-002   2.8117989018078139E-002   1.3735119499304940E-002   2.5969143001289986E-002   1.3128511451882551E-002
   1.0000000000000000        2.9891234412429347E-002   1.4071256477057797E-002   2.7121755225805521E-002   1.3248477649586881E-002   2.5050741150962719E-002   1.2664220073116126E-002
