 pt up dp u1 d1 u2 d2
   0.0000000000000000        0.0000000000000000        0.0000000000000000        0.0000000000000000        0.0000000000000000        0.0000000000000000        0.0000000000000000     
   9.9999997764825821E-003   1.3378197830411287       0.64744686274028063       0.86034674381827703       0.41979920753823169       0.77302183779403388       0.38123421291313131     
   1.9999999552965164E-002   1.3353595589004592       0.64625622075568245       0.85903881791853309       0.41916101571595027       0.77188787642627488       0.38067497273597783     
   2.9999999329447746E-002   1.3311234560215746       0.64420613033696794       0.85674959653689531       0.41804400873150344       0.76989567745333132       0.37969247215153890     
   3.9999999105930328E-002   1.3254335387215499       0.64145245667191086       0.85367826800694702       0.41654537891483279       0.76722162767724733       0.37837370053108260     
   4.9999997019767761E-002   1.3179841475703808       0.63784727382793693       0.84967336906977897       0.41459122099865059       0.76374046343987867       0.37665688110481399     
   5.9999998658895493E-002   1.3089360907565899       0.63346840600713927       0.84480470794420148       0.41221559733647584       0.75950984380176267       0.37457044981786014     
   7.0000000298023224E-002   1.2983194983325939       0.62833043485060314       0.83908508838854579       0.40942475541821838       0.75453566113315862       0.37211731263358244     
   7.9999998211860657E-002   1.2861709825356042       0.62245107909624953       0.83253059979227995       0.40622654593082119       0.74883750905959667       0.36930713261716419     
   8.9999996125698090E-002   1.2725359211128027       0.61585229960937671       0.82516242949554119       0.40263130706486128       0.74242702551467754       0.36614564929398402     
   9.9999994039535522E-002   1.2574599035870888       0.60855615974556643       0.81700117906990599       0.39864909118990211       0.73532643942908149       0.36264382539300727     
  0.10999999940395355        1.2409973682649114       0.60058900528858394       0.80806894053095180       0.39429067792555467       0.72755213053385148       0.35880973897046281     
  0.11999999731779099        1.2232054223084234       0.59197847363282774       0.79839602116750663       0.38957085546730491       0.71912772197532571       0.35465504034612233     
  0.12999999523162842        1.2041404411114369       0.58275184802849433       0.78800636214742692       0.38450130571360353       0.71007789898817764       0.35019190363402836     
  0.14000000059604645        1.1838722555814736       0.57294292361194632       0.77693060460373975       0.37909697975650136       0.70042485819111400       0.34543127562772447     
  0.14999999105930328        1.1624677906960432       0.56258408917521552       0.76519879675859337       0.37337253938200093       0.69019640496668266       0.34038686921682321     
  0.15999999642372131        1.1399942251870918       0.55170785631649455       0.75284620953336212       0.36734519474978333       0.67942125231091344       0.33507284490224043     
  0.17000000178813934        1.1165278123725051       0.54035112834074639       0.73990636873253268       0.36103130450391463       0.66812607612420349       0.32950235854244514     
  0.17999999225139618        1.0921477342762980       0.52855222591992068       0.72641330775120316       0.35444747496317824       0.65634291251279542       0.32369120950965569     
  0.18999999761581421        1.0669239336933638       0.51634499833902514       0.71240412458309410       0.34761180779237033       0.64410062539000834       0.31765363273325964     
  0.19999998807907104        1.0409389930570936       0.50376941192094948       0.69791526250391489       0.34054208519194989       0.63143191146000544       0.31140575337514353     
  0.20999999344348907        1.0142756053450013       0.49086548648715167       0.68298808276401746       0.33325848904816835       0.61836986618352430       0.30496389325353895     
  0.21999999880790710       0.98700779164725150       0.47766904504100843       0.66765648435776681       0.32577756010006331       0.60494567540320066       0.29834343241282446     
  0.22999998927116394       0.95921926660213930       0.46422060184357028       0.65196277221186871       0.31811994069309879       0.59119419022493047       0.29156155850964366     
  0.23999999463558197       0.93099018757411922       0.45055894958933901       0.63594452359431253       0.31030396635006052       0.57714735560373898       0.28463402596281062     
  0.25000000000000000       0.90240444490589256       0.43672468757269228       0.61964392069147034       0.30235021952626345       0.56284138565329667       0.27757869462886048     
  0.25999999046325684       0.87353226688463559       0.42275180324454448       0.60309517219123288       0.29427539207318659       0.54830515424306203       0.27040980434728951     
  0.26999998092651367       0.84445540432786204       0.40867986046169891       0.58634349861510748       0.28610154897710344       0.53357618749604707       0.26314586202342716     
  0.28000000119209290       0.81524959159885824       0.39454551137755756       0.56942161680547920       0.27784465415559179       0.51868716084066058       0.25580298232651311     
  0.28999999165534973       0.78599115482385629       0.38038569453317067       0.55237354566301866       0.26952618627379560       0.50366974896534988       0.24839678638693383     
  0.29999998211860657       0.75674713193216003       0.36623285338434786       0.53523224897353394       0.26116222974333053       0.48855841383434567       0.24094426994680970     
  0.31000000238418579       0.72758898894506918       0.35212157439173947       0.51803776418731307       0.25277232051295562       0.47338087556889563       0.23345910384710458     
  0.31999999284744263       0.69858502347393459       0.33808491064273555       0.50082341793858509       0.24437272004322799       0.45817167524518621       0.22595832284589235     
  0.32999998331069946       0.66979509545489591       0.32415183175517953       0.48362444841857627       0.23598062252341800       0.44296060376759377       0.21845661904037794     
  0.34000000357627869       0.64128272126843688       0.31035307690769459       0.46647659074109310       0.22761346461213489       0.42777589243058173       0.21096791536882481     
  0.34999999403953552       0.61310580789096081       0.29671667057015250       0.44940974419618757       0.21928583542517374       0.41264573971928858       0.20350611858879364     
  0.35999998450279236       0.58531192854116609       0.28326563612102806       0.43245595184486751       0.21101337011396071       0.39760195026793721       0.19608691391653846     
  0.37000000476837158       0.55795997683367782       0.27002847552038173       0.41564657048079506       0.20281136897134236       0.38266386770050032       0.18871984112299392     
  0.37999999523162842       0.53109070684536963       0.25702491197723709       0.39900761041137878       0.19469252351561220       0.36785968168307648       0.18141880261640012     
  0.38999998569488525       0.50474763494706754       0.24427600553131337       0.38256712044753055       0.18667051993629544       0.35321311721258392       0.17419549894657885     
  0.39999997615814209       0.47881256286075491       0.23172455333268038       0.36635221790275507       0.17875858990632115       0.33874665852122005       0.16706101875054596     
  0.40999999642372131       0.45363927867960380       0.21954177350346735       0.35038395518880111       0.17096700577905424       0.32448142336789659       0.16002577675632559     
  0.41999998688697815       0.42909680740715289       0.20766427981510138       0.33468411786300889       0.16330639764029811       0.31043730151300769       0.15309958207509428     
  0.42999997735023499       0.40521821521518131       0.19610807486333837       0.31927418556737636       0.15578724630694835       0.29663267574785962       0.14629150062017077     
  0.43999999761581421       0.38202415477953006       0.18488315364926097       0.30417284066436528       0.14841866768606535       0.28308549164699187       0.13961038268096482     
  0.44999998807907104       0.35953733313496100       0.17400050539473969       0.28939722536038437       0.14120902617807002       0.26980951611296922       0.13306301773483301     
  0.45999997854232788       0.33777144906913931       0.16346675972000441       0.27496267498589355       0.13416580453293556       0.25681992435728090       0.12665688980036940     
  0.46999999880790710       0.31674501903604896       0.15329087778723302       0.26088542248327540       0.12729692348308413       0.24413094210394282       0.12039901463370552     
  0.47999998927116394       0.29646382283739064       0.14347565677024968       0.24717247734100195       0.12060580325149813       0.23175113444866022       0.11429361631669821     
  0.48999997973442078       0.27693972060794642       0.13402683646088104       0.23383686714840779       0.11409880054460778       0.21969200043126655       0.10834636587594157     
  0.50000000000000000       0.25817226600146803       0.12494420084686450       0.22088743825329346       0.10778023186598910       0.20796083128984613       0.10256085915993100     
  0.50999999046325684       0.24016878091014707       0.11623129340706723       0.20833160967194203       0.10165371726439436       0.19657002869214799        9.6943212347811725E-002
  0.51999998092651367       0.22292059530394015       0.10788391822226062       0.19617750774479409        9.5723221921654653E-002  0.18551985564282103        9.1493555146618222E-002
  0.52999997138977051       0.20642951354930703        9.9902948527703275E-002  0.18442484473928558        8.9988605441001637E-002  0.17481736300389539        8.6215364857644111E-002
  0.53999996185302734       0.19068484773828601        9.2283211838605134E-002  0.17307898461969881        8.4452485125251150E-002  0.16446617538301858        8.1110429042864987E-002
  0.55000001192092896       0.17568218276050174        8.5022571432668420E-002  0.16214152860055001        7.9115642274024303E-002  0.15446869035692548        7.6179930124606859E-002
  0.56000000238418579       0.16140686944306820        7.8113937744357445E-002  0.15161299832805678        7.3978331420357049E-002  0.14482637207962332        7.1424590185446363E-002
  0.56999999284744263       0.14785170623273219        7.1553825533642146E-002  0.14149249965036761        6.9040116270114041E-002  0.13553943153878109        6.6844513279000220E-002
  0.57999998331069946       0.13499589850470414        6.5332171102293390E-002  0.13178020068889895        6.4301078856775287E-002  0.12660908997377382        6.2440301688682816E-002
  0.58999997377395630       0.12282902699009884        5.9443931975205241E-002  0.12246880744071204        5.9757660130835062E-002  0.11802970115444593        5.8209170841013749E-002
  0.59999996423721313       0.11133009268000223        5.3878945541079720E-002  0.11355642564404674        5.5408935802648912E-002  0.10980065697408826        5.4150820833621147E-002
  0.61000001430511475       0.10048468150479102        4.8630236014182940E-002  0.10503803769542053        5.1252457573341119E-002  0.10191847108855279        5.0263532292481927E-002
  0.62000000476837158        9.0269835432020787E-002   4.3686692700631413E-002   9.6907917699704818E-002   4.7285431538878583E-002   9.4379013558955019E-002   4.6545268439431513E-002
  0.62999999523162842        8.0669212842503793E-002   3.9040406964142856E-002   8.9161384783985290E-002   4.3505573705331910E-002   8.7177287998837158E-002   4.2993565186955636E-002
  0.63999998569488525        7.1659363371860157E-002   3.4680029843489175E-002   8.1787109479846201E-002   3.9907355950584159E-002   8.0309482059145121E-002   3.9606542383912598E-002
  0.64999997615814209        6.3220369035692586E-002   3.0595921896442439E-002   7.4779127204371229E-002   3.6487867904834353E-002   7.3765751112743028E-002   3.6379344916909612E-002
  0.65999996662139893        5.5327916225415941E-002   2.6776316388947681E-002   6.8128884725419309E-002   3.3242936087912435E-002   6.7540073262136457E-002   3.3309002943130751E-002
  0.66999995708465576        4.7963606417310137E-002   2.3212309231969472E-002   6.1829194270341760E-002   3.0169053284519999E-002   6.1627352000329289E-002   3.0393002998223166E-002
  0.68000000715255737        4.1101528879126971E-002   1.9891360752737269E-002   5.5866748442729923E-002   2.7259726258636818E-002   5.6018794687147953E-002   2.7627008781331959E-002
  0.68999999761581421        3.4723089055252114E-002   1.6804471991264600E-002   5.0232491883657020E-002   2.4510536521405106E-002   5.0706386505247177E-002   2.5007067593538726E-002
  0.69999998807907104        2.8803533084917024E-002   1.3939663150497794E-002   4.4919621173683359E-002   2.1918164399553852E-002   4.5681697824199986E-002   2.2529022160929672E-002
  0.70999997854232788        2.3322126037031560E-002   1.1286899421373902E-002   3.9913136374422065E-002   1.9475290794948225E-002   4.0937705786346125E-002   2.0189408993236423E-002
  0.71999996900558472        1.8254641087420528E-002   8.8344560697357476E-003   3.5205777913571303E-002   1.7178373458231994E-002   3.6462204689721930E-002   1.7982208556528993E-002
  0.72999995946884155        1.3583039522477228E-002   6.5736031390670321E-003   3.0788485915752117E-002   1.5022991696781228E-002   3.2247789365759873E-002   1.5903768814768657E-002
  0.74000000953674316        9.2827155430397126E-003   4.4924324877222161E-003   2.6643494748518730E-002   1.3000476914502831E-002   2.8285233643223683E-002   1.3949539660885409E-002
  0.75000000000000000        5.3347933246324954E-003   2.5818090337620062E-003   2.2764998808583702E-002   1.1107996314414831E-002   2.4565292147887288E-002   1.2114961517395337E-002
  0.75999999046325684        1.7234965290153111E-003   8.3409771241245369E-004   1.9140935804432754E-002   9.3396641993199383E-003   2.1078598709922014E-002   1.0395415233573220E-002
  0.76999998092651367       -1.5796046619747102E-003  -7.6446027763219545E-004   1.5760407629694433E-002   7.6901629267079729E-003   1.7815800219868862E-002   8.7862880997276373E-003
  0.77999997138977051       -4.5890577689952387E-003  -2.2209053066294449E-003   1.2612570444521395E-002   6.1542013329785733E-003   1.4767567469520709E-002   7.2829791936412690E-003
  0.78999996185302734       -7.3215560707210322E-003  -3.5433161988303809E-003   9.6884423168640144E-003   4.7273967573223698E-003   1.1926156903931321E-002   5.8816695959373159E-003
  0.79999995231628418       -9.7981095079157487E-003  -4.7418608560752104E-003   6.9740782844461358E-003   3.4029448686313016E-003   9.2793098674963728E-003   4.5763136573311186E-003
  0.81000000238418579       -1.2034060863687477E-002  -5.8239645212216822E-003   4.4607723416993051E-003   2.1765976421820070E-003   6.8170269568465312E-003   3.3619799328275211E-003
  0.81999999284744263       -1.4041428646493371E-002  -6.7954436320995524E-003   2.1383753503363312E-003   1.0434028883592793E-003   4.5392863000270718E-003   2.2386576357488011E-003
  0.82999998331069946       -1.5844343497455678E-002  -7.6679763744319446E-003  -3.0817323619628093E-006  -1.5037062820347423E-006   2.4244797931964289E-003   1.1956902127379404E-003
  0.83999997377395630       -1.7453392843471718E-002  -8.4466866045230411E-003  -1.9717117135228134E-003  -9.6208072010272336E-004   4.7285886159223386E-004   2.3320166016597746E-004
  0.84999996423721313       -1.8881118163030907E-002  -9.1376438550595535E-003  -3.7801607535878968E-003  -1.8444987444021816E-003  -1.3264052895014611E-003  -6.5414850114704629E-004
  0.85999995470046997       -2.0144180802689364E-002  -9.7489114965294780E-003  -5.4359846126701156E-003  -2.6524445509739174E-003  -2.9814902680655141E-003  -1.4703932542161509E-003
  0.87000000476837158       -2.1253697390189830E-002  -1.0285869495537775E-002  -6.9480648594577926E-003  -3.3902518291400621E-003  -4.4989070468998225E-003  -2.2187436410446870E-003
  0.87999999523162842       -2.2220102006337811E-002  -1.0753567495518314E-002  -8.3233834069901015E-003  -4.0613273466742423E-003  -5.8892213816340040E-003  -2.9044104167942502E-003
  0.88999998569488525       -2.3055361885568559E-002  -1.1157797119893736E-002  -9.5733634759287128E-003  -4.6712449713405390E-003  -7.1584517956482571E-003  -3.5303617602555591E-003
  0.89999997615814209       -2.3773709603387171E-002  -1.1505446319101314E-002  -1.0704391068874667E-002  -5.2231207012530603E-003  -8.3137948383184314E-003  -4.1001468219220832E-003
  0.90999996662139893       -2.4381005611735476E-002  -1.1799351298190505E-002  -1.1724058905788662E-002  -5.7206593424629958E-003  -9.3621842666429238E-003  -4.6171851499391889E-003
  0.91999995708465576       -2.4889820094279910E-002  -1.2045595481911094E-002  -1.2639680141639697E-002  -6.1674292895537936E-003  -1.0310287013076696E-002  -5.0847647015452814E-003
  0.93000000715255737       -2.5307362679493781E-002  -1.2247668018349965E-002  -1.3456723780029505E-002  -6.5660990984240707E-003  -1.1163121514182313E-002  -5.5053604387911943E-003
  0.93999999761581421       -2.5640260836460062E-002  -1.2408776315649819E-002  -1.4184906824278178E-002  -6.9214101019407243E-003  -1.1929582976832090E-002  -5.8833592457529435E-003
  0.94999998807907104       -2.5896775348748288E-002  -1.2532918235461220E-002  -1.4829033626459216E-002  -7.2357065446862004E-003  -1.2614139563745462E-002  -6.2209647037710144E-003
  0.95999997854232788       -2.6087514589073251E-002  -1.2625227770957164E-002  -1.5395141576821925E-002  -7.5119343222083811E-003  -1.3222379803509711E-002  -6.5209329294169307E-003
  0.96999996900558472       -2.6214960641355270E-002  -1.2686906143309440E-002  -1.5887460706587538E-002  -7.7521574438933422E-003  -1.3758249600689968E-002  -6.7852099399279631E-003
  0.97999995946884155       -2.6288355633899776E-002  -1.2722426142539657E-002  -1.6428899161152411E-002  -8.0163479412598999E-003  -1.4231783847055004E-002  -7.0187446822523687E-003
  0.98999994993209839       -2.6311771145138739E-002  -1.2733758236356236E-002  -1.6794154507234545E-002  -8.1945713214680686E-003  -1.4639784408896243E-002  -7.2199599202403845E-003
   1.0000000000000000       -2.6288852151012048E-002  -1.2722666435328491E-002  -1.7102497703313822E-002  -8.3450248802150982E-003  -1.4993393245398945E-002  -7.3943505776220058E-003
