 Z Q2 pt2 MULT-RATIO STAT SYS fuu fuua DIS chi2
  0.34999999999999998        1.6470799999999999        5.9999999999999998E-002  0.84589681876149891        2.0000000000000000E-002   2.7999999999999997E-002   4.8266552440576840E-005   4.2821717968179553E-005   1.0798312607450176       0.49847911650245941     
  0.34999999999999998        1.6515000000000000        9.2499999999999999E-002  0.79549369768790501        1.3000000000000001E-002   2.7000000000000003E-002   4.1952578509422550E-005   3.7570434383352477E-005   1.0805137726247021        1.2363746632251973     
  0.34999999999999998        1.6326600000000000       0.14250000000000002       0.86429690609459042        9.0000000000000011E-003   2.8999999999999998E-002   3.3700855068772446E-005   3.0569330728657729E-005   1.0824187062646977       0.74940200651591637     
  0.34999999999999998        1.6364799999999999       0.22000000000000003       0.86999417846887617        6.9999999999999993E-003   2.8999999999999998E-002   2.1775920971120415E-005   2.0085830890834704E-005   1.0827642028329731       0.36860149511850576     
  0.45000000000000001        1.6495299999999999        5.9999999999999998E-002  0.76725890466096114        3.7000000000000005E-002   2.7999999999999997E-002   2.4313585589324423E-005   2.0946008508460777E-005   1.0793524457223218       0.44345894353169318     
  0.45000000000000001        1.6386799999999999        9.2499999999999999E-002  0.80221505516354574        2.2000000000000002E-002   2.6000000000000002E-002   2.1506230219152173E-005   1.8773816449285916E-005   1.0803284914789051        2.9242270127647303E-002
  0.45000000000000001        1.6516500000000001       0.14250000000000002       0.84593395371526359        1.7000000000000001E-002   2.7999999999999997E-002   1.7172354848456287E-005   1.5308343373495144E-005   1.0802208022508142       0.39869953008201692     
  0.45000000000000001        1.6415400000000002       0.22000000000000003       0.76834833594350260        1.2000000000000000E-002   2.7000000000000003E-002   1.2156860573355775E-005   1.1180061923863821E-005   1.0814578022489252        7.7081838405466243     
  0.55000000000000004        1.6720599999999999        5.9999999999999998E-002  0.89692322769544119        6.7000000000000004E-002   2.7999999999999997E-002   1.2807513685641972E-005   1.0458430482712437E-005   1.0781075213296456        3.6904548123076868     
  0.55000000000000004        1.6452599999999999        9.2499999999999999E-002  0.73012283084332374        3.6000000000000004E-002   2.5000000000000001E-002   1.1750539835568275E-005   9.7345372162365653E-006   1.0798784549477032       0.71385496393374437     
  0.55000000000000004        1.6415599999999999       0.14250000000000002       0.76590375523801546        2.6000000000000002E-002   2.6000000000000002E-002   9.7893163109748990E-006   8.3129635659279133E-006   1.0804089009397457       0.29832592433222838     
  0.55000000000000004        1.6588799999999999       0.22000000000000003       0.74904637225726700        1.9000000000000000E-002   2.7000000000000003E-002   6.9951034503737954E-006   6.1762099708354631E-006   1.0795812079773524        4.3428105769323819     
  0.64999999999999991        1.6932900000000002        5.9999999999999998E-002  0.63460362487681465        9.6000000000000002E-002   2.5000000000000001E-002   6.3035246454562621E-006   4.8719877040541614E-006   1.0752259156198984       0.72077971492357595     
  0.64999999999999991        1.6674200000000001        9.2499999999999999E-002  0.73847983010108442        5.4000000000000006E-002   2.5000000000000001E-002   6.0310281749070870E-006   4.7321460283504163E-006   1.0775944165500786        3.0226330073107873E-002
  0.64999999999999991        1.6358999999999999       0.14250000000000002       0.64191188952458289        3.5000000000000003E-002   2.4000000000000000E-002   5.2738461095294850E-006   4.2353703193085281E-006   1.0793445450810271        5.7927781416041304     
  0.64999999999999991        1.6489499999999999       0.22000000000000003       0.69538509772587798        2.7999999999999997E-002   2.7000000000000003E-002   3.9548987394949423E-006   3.3096934742910025E-006   1.0785259079038756        4.2876893667111862     
