 gamma g3f pt DY-RATIO error R_dy tmp element 
   1.2525252525252526        0.0000000000000000        1.2500000000000000        1.0800000000000001        5.0000000000000003E-002  0.98547451829969190        3.5740266762701172      Fe
   1.2525252525252526        5.0505050505050509E-003   1.2500000000000000        1.0800000000000001        5.0000000000000003E-002  0.98553921646129072        3.5691358506987605      Fe
   1.2525252525252526        1.0101010101010102E-002   1.2500000000000000        1.0800000000000001        5.0000000000000003E-002  0.98540971256729093        3.5789289906410122      Fe
   1.2525252525252526        1.5151515151515152E-002   1.2500000000000000        1.0800000000000001        5.0000000000000003E-002  0.98546831895448295        3.5744954885165519      Fe
   1.2525252525252526        2.0202020202020204E-002   1.2500000000000000        1.0800000000000001        5.0000000000000003E-002  0.98552382126608407        3.5702993392651363      Fe
   1.2525252525252526        2.5252525252525252E-002   1.2500000000000000        1.0800000000000001        5.0000000000000003E-002  0.98557624138620137        3.5663384763027688      Fe
   1.2525252525252526        3.0303030303030304E-002   1.2500000000000000        1.0800000000000001        5.0000000000000003E-002  0.98582161721259709        3.5478271137802402      Fe
   1.2525252525252526        3.5353535353535352E-002   1.2500000000000000        1.0800000000000001        5.0000000000000003E-002  0.98556412365902157        3.5672538961154321      Fe
   1.2525252525252526        4.0404040404040407E-002   1.2500000000000000        1.0800000000000001        5.0000000000000003E-002  0.98560764485596875        3.5639666838547739      Fe
   1.2525252525252526        4.5454545454545456E-002   1.2500000000000000        1.0800000000000001        5.0000000000000003E-002  0.98564816958313783        3.5609071612049314      Fe
   1.2525252525252526        5.0505050505050504E-002   1.2500000000000000        1.0800000000000001        5.0000000000000003E-002  0.98568571926089743        3.5580734205337063      Fe
   1.2525252525252526        5.5555555555555552E-002   1.2500000000000000        1.0800000000000001        5.0000000000000003E-002  0.98553593825876784        3.5693835842605335      Fe
   1.2525252525252526        6.0606060606060608E-002   1.2500000000000000        1.0800000000000001        5.0000000000000003E-002  0.98556777155883735        3.5669783073455759      Fe
   1.2525252525252526        6.5656565656565663E-002   1.2500000000000000        1.0800000000000001        5.0000000000000003E-002  0.98559669325288080        3.5647937299162775      Fe
   1.2525252525252526        7.0707070707070704E-002   1.2500000000000000        1.0800000000000001        5.0000000000000003E-002  0.98562272436387177        3.5628280625990940      Fe
   1.2525252525252526        7.5757575757575760E-002   1.2500000000000000        1.0800000000000001        5.0000000000000003E-002  0.98564588582522472        3.5610795446826162      Fe
   1.2525252525252526        8.0808080808080815E-002   1.2500000000000000        1.0800000000000001        5.0000000000000003E-002  0.98537409900949680        3.5816244553058110      Fe
   1.2525252525252526        8.5858585858585856E-002   1.2500000000000000        1.0800000000000001        5.0000000000000003E-002  0.98570357096325334        3.5567266116328842      Fe
   1.2525252525252526        9.0909090909090912E-002   1.2500000000000000        1.0800000000000001        5.0000000000000003E-002  0.98571840000241995        3.5556080392414793      Fe
   1.2525252525252526        9.5959595959595953E-002   1.2500000000000000        1.0800000000000001        5.0000000000000003E-002  0.98573044110732200        3.5546998935280389      Fe
   1.2525252525252526       0.10101010101010101        1.2500000000000000        1.0800000000000001        5.0000000000000003E-002  0.98556289165955668        3.5673469726818565      Fe
   1.2525252525252526       0.10606060606060606        1.2500000000000000        1.0800000000000001        5.0000000000000003E-002  0.98556957587673344        3.5668420000400061      Fe
   1.2525252525252526       0.11111111111111110        1.2500000000000000        1.0800000000000001        5.0000000000000003E-002  0.98557353291064431        3.5665430747908742      Fe
   1.2525252525252526       0.11616161616161616        1.2500000000000000        1.0800000000000001        5.0000000000000003E-002  0.98546701669544823        3.5745939729834704      Fe
   1.2525252525252526       0.12121212121212122        1.2500000000000000        1.0800000000000001        5.0000000000000003E-002  0.98546567488286851        3.5746954501406116      Fe
   1.2525252525252526       0.12626262626262627        1.2500000000000000        1.0800000000000001        5.0000000000000003E-002  0.98546166584715278        3.5749986497581645      Fe
   1.2525252525252526       0.13131313131313133        1.2500000000000000        1.0800000000000001        5.0000000000000003E-002  0.98528312839856946        3.5885143063847562      Fe
   1.2525252525252526       0.13636363636363635        1.2500000000000000        1.0800000000000001        5.0000000000000003E-002  0.98527399459538623        3.5892064399659716      Fe
   1.2525252525252526       0.14141414141414141        1.2500000000000000        1.0800000000000001        5.0000000000000003E-002  0.98526225252451805        3.5900963186912800      Fe
   1.2525252525252526       0.14646464646464646        1.2500000000000000        1.0800000000000001        5.0000000000000003E-002  0.98543698246121236        3.5768657144164280      Fe
   1.2525252525252526       0.15151515151515152        1.2500000000000000        1.0800000000000001        5.0000000000000003E-002  0.98542001006707469        3.5781497982849055      Fe
   1.2525252525252526       0.15656565656565657        1.2500000000000000        1.0800000000000001        5.0000000000000003E-002  0.98512898541559490        3.6002037633097665      Fe
   1.2525252525252526       0.16161616161616163        1.2500000000000000        1.0800000000000001        5.0000000000000003E-002  0.98510716481214089        3.6018600679960815      Fe
   1.2525252525252526       0.16666666666666666        1.2500000000000000        1.0800000000000001        5.0000000000000003E-002  0.98508283179340528        3.6037075281436031      Fe
   1.2525252525252526       0.17171717171717171        1.2500000000000000        1.0800000000000001        5.0000000000000003E-002  0.98505600535845017        3.6057448473978617      Fe
   1.2525252525252526       0.17676767676767677        1.2500000000000000        1.0800000000000001        5.0000000000000003E-002  0.98502670440176077        3.6079707507162153      Fe
   1.2525252525252526       0.18181818181818182        1.2500000000000000        1.0800000000000001        5.0000000000000003E-002  0.98483133853622262        3.6228296499228310      Fe
   1.2525252525252526       0.18686868686868688        1.2500000000000000        1.0800000000000001        5.0000000000000003E-002  0.98479728297405855        3.6254229316485973      Fe
   1.2525252525252526       0.19191919191919191        1.2500000000000000        1.0800000000000001        5.0000000000000003E-002  0.98476080875400784        3.6282014196762726      Fe
   1.2525252525252526       0.19696969696969696        1.2500000000000000        1.0800000000000001        5.0000000000000003E-002  0.98462243747104006        3.6387517735862707      Fe
   1.2525252525252526       0.20202020202020202        1.2500000000000000        1.0800000000000001        5.0000000000000003E-002  0.98458126435566229        3.6418940447856061      Fe
   1.2525252525252526       0.20707070707070707        1.2500000000000000        1.0800000000000001        5.0000000000000003E-002  0.98483715037751496        3.6223871793086850      Fe
   1.2525252525252526       0.21212121212121213        1.2500000000000000        1.0800000000000001        5.0000000000000003E-002  0.98463276842460645        3.6379635433419009      Fe
   1.2525252525252526       0.21717171717171718        1.2500000000000000        1.0800000000000001        5.0000000000000003E-002  0.98458456893880064        3.6416417938377998      Fe
   1.2525252525252526       0.22222222222222221        1.2500000000000000        1.0800000000000001        5.0000000000000003E-002  0.98453405928460402        3.6454983346702043      Fe
   1.2525252525252526       0.22727272727272727        1.2500000000000000        1.0800000000000001        5.0000000000000003E-002  0.98448125731787162        3.6495320814298666      Fe
   1.2525252525252526       0.23232323232323232        1.2500000000000000        1.0800000000000001        5.0000000000000003E-002  0.98442618082907662        3.6537419643665490      Fe
   1.2525252525252526       0.23737373737373738        1.2500000000000000        1.0800000000000001        5.0000000000000003E-002  0.98436884738811725        3.6581269399508884      Fe
   1.2525252525252526       0.24242424242424243        1.2500000000000000        1.0800000000000001        5.0000000000000003E-002  0.98406032484625072        3.6817685074427793      Fe
   1.2525252525252526       0.24747474747474749        1.2500000000000000        1.0800000000000001        5.0000000000000003E-002  0.98399873172983965        3.6864974037917233      Fe
   1.2525252525252526       0.25252525252525254        1.2500000000000000        1.0800000000000001        5.0000000000000003E-002  0.98393493374586416        3.6913987817646086      Fe
   1.2525252525252526       0.25757575757575757        1.2500000000000000        1.0800000000000001        5.0000000000000003E-002  0.98386894812783854        3.6964716536192834      Fe
   1.2525252525252526       0.26262626262626265        1.2500000000000000        1.0800000000000001        5.0000000000000003E-002  0.98380079200603032        3.7017150474668208      Fe
   1.2525252525252526       0.26767676767676768        1.2500000000000000        1.0800000000000001        5.0000000000000003E-002  0.98376200884838239        3.7047003763595368      Fe
   1.2525252525252526       0.27272727272727271        1.2500000000000000        1.0800000000000001        5.0000000000000003E-002  0.98368960581374687        3.7102768113245892      Fe
   1.2525252525252526       0.27777777777777779        1.2500000000000000        1.0800000000000001        5.0000000000000003E-002  0.98361508261615460        3.7160209196362861      Fe
   1.2525252525252526       0.28282828282828282        1.2500000000000000        1.0800000000000001        5.0000000000000003E-002  0.98353845597856993        3.7219317899993212      Fe
   1.2525252525252526       0.28787878787878790        1.2500000000000000        1.0800000000000001        5.0000000000000003E-002  0.98345974252180435        3.7280085255825295      Fe
   1.2525252525252526       0.29292929292929293        1.2500000000000000        1.0800000000000001        5.0000000000000003E-002  0.98314459783169406        3.7523875716737183      Fe
   1.2525252525252526       0.29797979797979796        1.2500000000000000        1.0800000000000001        5.0000000000000003E-002  0.98306194257788326        3.7587947907094459      Fe
   1.2525252525252526       0.30303030303030304        1.2500000000000000        1.0800000000000001        5.0000000000000003E-002  0.98308747319232037        3.7568151408996941      Fe
   1.2525252525252526       0.30808080808080807        1.2500000000000000        1.0800000000000001        5.0000000000000003E-002  0.98300071158832592        3.7635447809484570      Fe
   1.2525252525252526       0.31313131313131315        1.2500000000000000        1.0800000000000001        5.0000000000000003E-002  0.98291194435006535        3.7704362199539281      Fe
   1.2525252525252526       0.31818181818181818        1.2500000000000000        1.0800000000000001        5.0000000000000003E-002  0.98282118749352743        3.7774886400672649      Fe
   1.2525252525252526       0.32323232323232326        1.2500000000000000        1.0800000000000001        5.0000000000000003E-002  0.98258836458907761        3.7956106853721923      Fe
   1.2525252525252526       0.32828282828282829        1.2500000000000000        1.0800000000000001        5.0000000000000003E-002  0.98249378282558508        3.8029849550656714      Fe
   1.2525252525252526       0.33333333333333331        1.2500000000000000        1.0800000000000001        5.0000000000000003E-002  0.98239725875091566        3.8105180397342888      Fe
   1.2525252525252526       0.33838383838383840        1.2500000000000000        1.0800000000000001        5.0000000000000003E-002  0.98221402956854520        3.8248384052885456      Fe
   1.2525252525252526       0.34343434343434343        1.2500000000000000        1.0800000000000001        5.0000000000000003E-002  0.98228937975739405        3.8189461232779069      Fe
   1.2525252525252526       0.34848484848484851        1.2500000000000000        1.0800000000000001        5.0000000000000003E-002  0.98218710923974295        3.8269446395511961      Fe
   1.2525252525252526       0.35353535353535354        1.2500000000000000        1.0800000000000001        5.0000000000000003E-002  0.98208295798095924        3.8350988471034428      Fe
   1.2525252525252526       0.35858585858585856        1.2500000000000000        1.0800000000000001        5.0000000000000003E-002  0.98184280433194526        3.8539340245667186      Fe
   1.2525252525252526       0.36363636363636365        1.2500000000000000        1.0800000000000001        5.0000000000000003E-002  0.98173503651350980        3.8624012196005060      Fe
   1.2525252525252526       0.36868686868686867        1.2500000000000000        1.0800000000000001        5.0000000000000003E-002  0.98162543321244655        3.8710221562555303      Fe
   1.2525252525252526       0.37373737373737376        1.2500000000000000        1.0800000000000001        5.0000000000000003E-002  0.98151400936435806        3.8797961405935055      Fe
   1.2525252525252526       0.37878787878787878        1.2500000000000000        1.0800000000000001        5.0000000000000003E-002  0.98140077980841067        3.8887224889558114      Fe
   1.2525252525252526       0.38383838383838381        1.2500000000000000        1.0800000000000001        5.0000000000000003E-002  0.98128575928771822        3.8978005277609293      Fe
   1.2525252525252526       0.38888888888888890        1.2500000000000000        1.0800000000000001        5.0000000000000003E-002  0.98095998611696023        3.9235697399810894      Fe
   1.2525252525252526       0.39393939393939392        1.2500000000000000        1.0800000000000001        5.0000000000000003E-002  0.98084157861012433        3.9329570130128659      Fe
   1.2525252525252526       0.39898989898989901        1.2500000000000000        1.0800000000000001        5.0000000000000003E-002  0.98072142360032666        3.9424942927783153      Fe
   1.2525252525252526       0.40404040404040403        1.2500000000000000        1.0800000000000001        5.0000000000000003E-002  0.98059953545084821        3.9521809410348774      Fe
   1.2525252525252526       0.40909090909090912        1.2500000000000000        1.0800000000000001        5.0000000000000003E-002  0.98075290956055206        3.9399939842783884      Fe
   1.2525252525252526       0.41414141414141414        1.2500000000000000        1.0800000000000001        5.0000000000000003E-002  0.98062747369121073        3.9499595939964109      Fe
   1.2525252525252526       0.41919191919191917        1.2500000000000000        1.0800000000000001        5.0000000000000003E-002  0.98037622144981662        3.9699589010463963      Fe
   1.2525252525252526       0.42424242424242425        1.2500000000000000        1.0800000000000001        5.0000000000000003E-002  0.98024750525566240        3.9802240830876454      Fe
   1.2525252525252526       0.42929292929292928        1.2500000000000000        1.0800000000000001        5.0000000000000003E-002  0.98011712592766620        3.9906354131798820      Fe
   1.2525252525252526       0.43434343434343436        1.2500000000000000        1.0800000000000001        5.0000000000000003E-002  0.97998509727479621        4.0011923068527953      Fe
   1.2525252525252526       0.43939393939393939        1.2500000000000000        1.0800000000000001        5.0000000000000003E-002  0.97985143301437072        4.0118941877100349      Fe
   1.2525252525252526       0.44444444444444442        1.2500000000000000        1.0800000000000001        5.0000000000000003E-002  0.97971614677247709        4.0227404872637473      Fe
   1.2525252525252526       0.44949494949494950        1.2500000000000000        1.0800000000000001        5.0000000000000003E-002  0.97938678788574396        4.0492073807793165      Fe
   1.2525252525252526       0.45454545454545453        1.2500000000000000        1.0800000000000001        5.0000000000000003E-002  0.97924843031290865        4.0603515177651355      Fe
   1.2525252525252526       0.45959595959595961        1.2500000000000000        1.0800000000000001        5.0000000000000003E-002  0.97910849092669106        4.0716386412358379      Fe
   1.2525252525252526       0.46464646464646464        1.2500000000000000        1.0800000000000001        5.0000000000000003E-002  0.97896698299298079        4.0830682102162577      Fe
   1.2525252525252526       0.46969696969696972        1.2500000000000000        1.0800000000000001        5.0000000000000003E-002  0.97882391968858851        4.0946396908724809      Fe
   1.2525252525252526       0.47474747474747475        1.2500000000000000        1.0800000000000001        5.0000000000000003E-002  0.97884593378917628        4.0928580443934885      Fe
   1.2525252525252526       0.47979797979797978        1.2500000000000000        1.0800000000000001        5.0000000000000003E-002  0.97858601735420192        4.1139183504328987      Fe
   1.2525252525252526       0.48484848484848486        1.2500000000000000        1.0800000000000001        5.0000000000000003E-002  0.97843836531155393        4.1259062562357540      Fe
   1.2525252525252526       0.48989898989898989        1.2500000000000000        1.0800000000000001        5.0000000000000003E-002  0.97828920947557230        4.1380339636416101      Fe
   1.2525252525252526       0.49494949494949497        1.2500000000000000        1.0800000000000001        5.0000000000000003E-002  0.97813856258661391        4.1503009727684734      Fe
   1.2525252525252526       0.50000000000000000        1.2500000000000000        1.0800000000000001        5.0000000000000003E-002  0.97791822064351352        4.1682758706345604      Fe
