 kt up dp u1 d1 u2 d2
   0.0000000000000000        0.0000000000000000        0.0000000000000000        0.0000000000000000        0.0000000000000000        0.0000000000000000        0.0000000000000000     
   9.9999997764825821E-003  0.15387605549322267        3.4330257479941030E-003  0.12879846842504811        2.7271043420092822E-003  0.11345822742689368        2.5298696433247881E-003
   1.9999999552965164E-002  0.15382889795624499        3.4319736477297878E-003  0.12876619779209358        2.7264210622752463E-003  0.11343368251441387        2.5293223456065981E-003
   2.9999999329447746E-002  0.15372572076943342        3.4296717305289950E-003  0.12869027538085637        2.7248135250127880E-003  0.11337232994050052        2.5279543177623115E-003
   3.9999999105930328E-002  0.15355568605709963        3.4258781997965910E-003  0.12856097057888871        2.7220756998569402E-003  0.11326520061639476        2.5255655687829600E-003
   4.9999997019767761E-002  0.15334182135656460        3.4211068075148602E-003  0.12839891536227310        2.7186444363467318E-003  0.11313129476524701        2.5225797619748951E-003
   5.9999998658895493E-002  0.15308198624713612        3.4153098001894404E-003  0.12820213844444972        2.7144779955996846E-003  0.11296877196163256        2.5189558598874306E-003
   7.0000000298023224E-002  0.15278313376803768        3.4086423024276319E-003  0.12797681795992585        2.7097071898657152E-003  0.11278329706601943        2.5148201764852497E-003
   7.9999998211860657E-002  0.15242813828660504        3.4007222356942242E-003  0.12770750656314991        2.7040049459766307E-003  0.11256059574700161        2.5098544254834134E-003
   8.9999996125698090E-002  0.15202858630220017        3.3918080986263927E-003  0.12740451941226283        2.6975896711301127E-003  0.11231013572271510        2.5042697162324500E-003
   9.9999994039535522E-002  0.15158434788235864        3.3818969923878309E-003  0.12706764487340630        2.6904568843131439E-003  0.11203167701870911        2.4980606978284017E-003
  0.10999999940395355       0.15109562787236011        3.3709934871445548E-003  0.12669696066908487        2.6826082311771208E-003  0.11172524092596446        2.4912278450134467E-003
  0.11999999731779099       0.15056986450863338        3.3592635324141678E-003  0.12629902781678951        2.6741826309149993E-003  0.11139682027031120        2.4839047846605638E-003
  0.12999999523162842       0.14999176399182221        3.3463659184691011E-003  0.12585999143657794        2.6648867283051662E-003  0.11103358385952058        2.4758054093234920E-003
  0.14000000059604645       0.14937110895274883        3.3325188990421251E-003  0.12538849807969812        2.6549036004271838E-003  0.11064343785037434        2.4671060089592545E-003
  0.14999999105930328       0.14870846062480464        3.3177349954360310E-003  0.12488490594524342        2.6442408315816655E-003  0.11022664298984826        2.4578123976535574E-003
  0.15999999642372131       0.14800442908034794        3.3020278185671363E-003  0.12434960950193286        2.6329067740213171E-003  0.10978348990714419        2.4479310558002199E-003
  0.17000000178813934       0.14725967519220073        3.2854121127269195E-003  0.12378304084735710        2.6209105767308234E-003  0.10931430013105591        2.4374691527861893E-003
  0.17999999225139618       0.14647493488378949        3.2679042966106998E-003  0.12318569065329797        2.6082626289109577E-003  0.10881944475346467        2.4264349631465633E-003
  0.18999999761581421       0.14565685706347559        3.2496527095655404E-003  0.12256335000888113        2.5950855477363827E-003  0.10830417697828887        2.4149456218077836E-003
  0.19999998807907104       0.14479367807620863        3.2303949005521981E-003  0.12190527589522848        2.5811518667334093E-003  0.10775850648237796        2.4027783664736305E-003
  0.20999999344348907       0.14389328130149495        3.2103067503777278E-003  0.12121835345079884        2.5666073678450702E-003  0.10718868785047633        2.3900726606668169E-003
  0.21999999880790710       0.14295655460862994        3.1894080677000937E-003  0.12050318261952711        2.5514647539375585E-003  0.10659517938681200        2.3768387235665019E-003
  0.22999998927116394       0.14198441772228826        3.1677193718813146E-003  0.11976038696751798        2.5357372280392330E-003  0.10597845870698026        2.3630872049529910E-003
  0.23999999463558197       0.14097787166117862        3.1452629959802356E-003  0.11899065746689237        2.5194394203944914E-003  0.10533906255962822        2.3488300731439550E-003
  0.25000000000000000       0.13993793824802556        3.1220617372001696E-003  0.11819469897520013        2.5025862552497803E-003  0.10467753801666868        2.3340795266432539E-003
  0.25999999046325684       0.13886566267098255        3.0981389140348993E-003  0.11737323324980989        2.4851930146785454E-003  0.10399444554840202        2.3188480627093998E-003
  0.26999998092651367       0.13776209774637754        3.0735180151652964E-003  0.11652698616912079        2.4672750680105487E-003  0.10329034794935957        2.3031482304261648E-003
  0.28000000119209290       0.13663304807633755        3.0483285431867763E-003  0.11566094559446946        2.4489380253394063E-003  0.10256973459198619        2.2870801329533045E-003
  0.28999999165534973       0.13546971601843927        3.0223742197838886E-003  0.11476698804087518        2.4300098846884322E-003  0.10182500707695225        2.2704743426500231E-003
  0.29999998211860657       0.13427854876936612        2.9957988840493724E-003  0.11385067426262344        2.4106083862554966E-003  0.10106118047458718        2.2534426845859795E-003
  0.31000000238418579       0.13306068720612535        2.9686279893270137E-003  0.11291279993803124        2.3907503772734821E-003  0.10027887626934182        2.2359990165014328E-003
  0.31999999284744263       0.13181731652248901        2.9408879776823007E-003  0.11195419827153980        2.3704534995317430E-003   9.9478749070731703E-002   2.2181579347529427E-003
  0.32999998331069946       0.13054961995956985        2.9126052476162395E-003  0.11097570177983597        2.3497353802575294E-003   9.8661453114805495E-002   2.1999340273695656E-003
  0.34000000357627869       0.12925877750196563        2.8838061249759116E-003  0.10997814010650017        2.3286135858445862E-003   9.7827639661957164E-002   2.1813418160297922E-003
  0.34999999403953552       0.12794600566358197        2.8545177505893519E-003  0.10896237524427191        2.3071063676290584E-003   9.6977989209733800E-002   2.1623964743365080E-003
  0.35999998450279236       0.12661250065808682        2.8247668123795662E-003  0.10792925314130722        2.2852316372283586E-003   9.6113168171962915E-002   2.1431128618565301E-003
  0.37000000476837158       0.12525948742859327        2.7945806392330069E-003  0.10687964710630249        2.2630078855761710E-003   9.5233868564595314E-002   2.1235064090278886E-003
  0.37999999523162842       0.12388819646811050        2.7639866838561379E-003  0.10581443594461398        2.2404537199892712E-003   9.4340787254225733E-002   2.1035926544473275E-003
  0.38999998569488525       0.12250368334169726        2.7330977375793603E-003  0.10473793663914827        2.2176605457690838E-003   9.3437792341134460E-002   2.0834578482678600E-003
  0.39999997615814209       0.12109913167178112        2.7017617247620676E-003  0.10364381125251818        2.1944941670918568E-003   9.2518930923231879E-002   2.0629692538283611E-003
  0.40999999642372131       0.11967998592125960        2.6701001131742169E-003  0.10253673158730650        2.1710535020057977E-003   9.1588400058312647E-002   2.0422204563129683E-003
  0.41999998688697815       0.11824745403042931        2.6381398523637892E-003  0.10141756900076485        2.1473570001258211E-003   9.0646894395758848E-002   2.0212269448794495E-003
  0.42999997735023499       0.11680278803681717        2.6059088757025752E-003  0.10028718513349548        2.1234229053321285E-003   8.9695102351396078E-002   2.0000040696909333E-003
  0.43999999761581421       0.11534739832609374        2.5734386493618754E-003   9.9146450514877277E-002   2.0992696497107387E-003   8.8733721972097362E-002   1.9785673956617782E-003
  0.44999998807907104       0.11388213086749313        2.5407480471954084E-003   9.7996237665316038E-002   2.0749157075045190E-003   8.7763454494141677E-002   1.9569325588231095E-003
  0.45999997854232788       0.11240828764112235        2.5078661168104663E-003   9.6837629533411046E-002   2.0503840084413081E-003   8.6784988439338379E-002   1.9351149117012615E-003
  0.46999999880790710       0.11092687305992370        2.4748152669923622E-003   9.5671222910407902E-002   2.0256871886340810E-003   8.5799100203115028E-002   1.9131317662115287E-003
  0.47999998927116394       0.10943906686510843        2.4416218181581434E-003   9.4497899140690469E-002   2.0008439091595189E-003   8.4806468841467475E-002   1.8909982638133662E-003
  0.48999997973442078       0.10794606130417678        2.4083123697443026E-003   9.3318438413769217E-002   1.9758706892994697E-003   8.3807635380714160E-002   1.8687264682071384E-003
  0.50000000000000000       0.10644889572238118        2.3749101098875600E-003   9.2133719549835597E-002   1.9507861366848246E-003   8.2803360847755247E-002   1.8463333486236860E-003
  0.50999999046325684       0.10494873803054983        2.3414410950652049E-003   9.0944514550058600E-002   1.9256065972222244E-003   8.1794238556586629E-002   1.8238321346639068E-003
  0.51999998092651367       0.10344667149586974        2.3079294933268553E-003   8.9751677725061568E-002   1.9003501595911277E-003   8.0780946837607420E-002   1.8012379516080350E-003
  0.52999997138977051       0.10194361127781003        2.2743957221832878E-003   8.8555951457724852E-002   1.8750325425776458E-003   7.9764154023241982E-002   1.7785657018033983E-003
  0.53999996185302734       0.10044069894168745        2.2408652503347025E-003   8.7358165687220518E-002   1.8496713188342110E-003   7.8744464394581562E-002   1.7558288593930648E-003
  0.55000001192092896        9.8938864854205777E-002   2.2073588345703160E-003   8.6159029598863929E-002   1.8242815042408774E-003   7.7722511832213681E-002   1.7330415585239541E-003
  0.56000000238418579        9.7439165373223599E-002   2.1739000425837220E-003   8.4959356482771115E-002   1.7988803189325888E-003   7.6698948666431524E-002   1.7102183447309631E-003
  0.56999999284744263        9.5942483627487474E-002   2.1405085772696732E-003   8.3759788944411703E-002   1.7734813690662161E-003   7.5674368464743347E-002   1.6873724532677592E-003
  0.57999998331069946        9.4449846005441707E-002   2.1072073376942032E-003   8.2561144902172881E-002   1.7481019727730441E-003   7.4649385531738097E-002   1.6645175817794236E-003
  0.58999997377395630        9.2962029114070685E-002   2.0740136502162823E-003   8.1364109855622188E-002   1.7227566444247850E-003   7.3624552498034734E-002   1.6416660527167701E-003
  0.59999996423721313        9.1479919736230902E-002   2.0409472992550608E-003   8.0169322678206381E-002   1.6974589111586173E-003   7.2600477934384899E-002   1.6188314358728916E-003
  0.61000001430511475        9.0004450981370748E-002   2.0080291027912921E-003   7.8977486167767980E-002   1.6722236536099372E-003   7.1577648116880818E-002   1.5960245741381781E-003
  0.62000000476837158        8.8536260018797122E-002   1.9752732762831860E-003   7.7789217946456810E-002   1.6470639489532387E-003   7.0556700807005282E-002   1.5732596881950006E-003
  0.62999999523162842        8.7076352841383015E-002   1.9427022637648378E-003   7.6605216147145647E-002   1.6219945790505415E-003   6.9538149947145522E-002   1.5505482378314569E-003
  0.63999998569488525        8.5625319775352454E-002   1.9103292356097640E-003   7.5425944031786707E-002   1.5970253527427211E-003   6.8522477786351774E-002   1.5279009761437336E-003
  0.64999997615814209        8.4183899243973098E-002   1.8781706662855668E-003   7.4252168350753073E-002   1.5721725047590934E-003   6.7510205974099000E-002   1.5053295347710761E-003
  0.65999996662139893        8.2752876123009758E-002   1.8462440666304409E-003   7.3084282025564815E-002   1.5474443545928696E-003   6.6501840292871817E-002   1.4828451915536486E-003
  0.66999995708465576        8.1332731054044913E-002   1.8145601599172372E-003   7.1923006651930688E-002   1.5228561808946015E-003   6.5497792180279055E-002   1.4604571206477946E-003
  0.68000000715255737        7.9924302227535021E-002   1.7831376464525696E-003   7.0768691852742913E-002   1.4984153863773705E-003   6.4498586168626068E-002   1.4381770179735535E-003
  0.68999999761581421        7.8527988367834117E-002   1.7519854219088017E-003   6.9621976061767427E-002   1.4741354888688088E-003   6.3504665161457738E-002   1.4160147593086341E-003
  0.69999998807907104        7.7144559358974088E-002   1.7211206626535996E-003   6.8483324994095554E-002   1.4500263491511400E-003   6.2516416605636116E-002   1.3939789838683422E-003
  0.70999997854232788        7.5774341465735348E-002   1.6905506477622448E-003   6.7353164962509010E-002   1.4260969937248474E-003   6.1534283769932745E-002   1.3720795755741350E-003
  0.71999996900558472        7.4418045520725049E-002   1.6602912361455664E-003   6.6231978088737958E-002   1.4023576307568455E-003   6.0558628720536939E-002   1.3503246077079816E-003
  0.72999995946884155        7.3076042407500041E-002   1.6303507023385198E-003   6.5120149481604370E-002   1.3788164143187897E-003   5.9589820717658781E-002   1.3287223139627274E-003
  0.74000000953674316        7.1748668424525222E-002   1.6007365492712103E-003   6.4018111752084217E-002   1.3554825042654940E-003   5.8628307760027205E-002   1.3072826837275116E-003
  0.75000000000000000        7.0436553207152072E-002   1.5714628243168084E-003   6.2926221990689757E-002   1.3323634614251115E-003   5.7674314933255054E-002   1.2860107359178603E-003
  0.75999999046325684        6.9139875819932556E-002   1.5425335224647570E-003   6.1844870070994262E-002   1.3094675407553881E-003   5.6728232900677189E-002   1.2649151814693651E-003
  0.76999998092651367        6.7859186153099924E-002   1.5139609119482369E-003   6.0774359120508104E-002   1.2868011605030626E-003   5.5790438013883392E-002   1.2440044121970915E-003
  0.77999997138977051        6.6594713042010811E-002   1.4857500981598230E-003   5.9714997709233809E-002   1.2643708541510556E-003   5.4861100417125483E-002   1.2232822219447087E-003
  0.78999996185302734        6.5346660078296606E-002   1.4579056232962206E-003   5.8667185395614538E-002   1.2421850817189500E-003   5.3940589011837965E-002   1.2027568364051575E-003
  0.79999995231628418        6.4115486959623616E-002   1.4304377433645775E-003   5.7631055214932073E-002   1.2202466600189253E-003   5.3029159330593718E-002   1.1824339533943972E-003
  0.81000000238418579        6.2901242538410743E-002   1.4033475482785362E-003   5.6607002106205138E-002   1.1985639512615410E-003   5.2127026462870277E-002   1.1623183689360582E-003
  0.81999999284744263        6.1704342764794903E-002   1.3766443180233765E-003   5.5595135528711780E-002   1.1771392730743004E-003   5.1234463498792564E-002   1.1424161723410063E-003
  0.82999998331069946        6.0524876950026611E-002   1.3503300451626649E-003   5.4595808447061488E-002   1.1559800989258758E-003   5.0351655345049484E-002   1.1227314866228784E-003
  0.83999997377395630        5.9362924690600255E-002   1.3244065055205533E-003   5.3609081960246267E-002   1.1350877224910172E-003   4.9478796902471110E-002   1.1032686576427451E-003
  0.84999996423721313        5.8218801170541117E-002   1.2988807309569994E-003   5.2635276929094255E-002   1.1144689374914842E-003   4.8616155252391151E-002   1.0840336407286024E-003
  0.85999995470046997        5.7092450523583388E-002   1.2737514750771203E-003   5.1674418086905233E-002   1.0941242676158760E-003   4.7763790688311603E-002   1.0650277802933148E-003
  0.87000000476837158        5.5984130385395667E-002   1.2490244858179864E-003   5.0726740874839533E-002   1.0740586979592647E-003   4.6921967713900163E-002   1.0462569741885829E-003
  0.87999999523162842        5.4893756196314994E-002   1.2246978766255186E-003   4.9792374021872345E-002   1.0542749541545841E-003   4.6090729126988278E-002   1.0277221767121846E-003
  0.88999998569488525        5.3821537647472141E-002   1.2007763257782746E-003   4.8871391193476575E-002   1.0347745959519887E-003   4.5270277867910685E-002   1.0094279129885121E-003
  0.89999997615814209        5.2767368652369431E-002   1.1772574664513659E-003   4.7963918272805911E-002   1.0155602887286319E-003   4.4460721477092117E-002   9.9137658093318673E-004
  0.90999996662139893        5.1731328703533017E-002   1.1541430721493716E-003   4.7070002456078883E-002   9.9663303178996869E-004   4.3662115513335195E-002   9.7356941938565899E-004
  0.91999995708465576        5.0713418306997250E-002   1.1314331541620853E-003   4.6189759798673138E-002   9.7799528242550351E-004   4.2874604964054361E-002   9.5600966124729657E-004
  0.93000000715255737        4.9713487710479697E-002   1.1091243714665021E-003   4.5323134691354801E-002   9.5964586319745272E-004   4.2098253645135954E-002   9.3869872947240725E-004
  0.93999999761581421        4.8731665994892509E-002   1.0872196039005120E-003   4.4470290092266176E-002   9.4158822448735301E-004   4.1333109677762485E-002   9.2163769705782541E-004
  0.94999998807907104        4.7767750297681731E-002   1.0657143255333643E-003   4.3631120868822384E-002   9.2382014027860373E-004   4.0579213300479575E-002   9.0482746123487091E-004
  0.95999997854232788        4.6821729510854719E-002   1.0446082885420670E-003   4.2805749482334801E-002   9.0634420349624796E-004   3.9836677957209465E-002   8.8827055155421076E-004
  0.96999996900558472        4.5893514467917854E-002   1.0238995035926246E-003   4.1994049077589538E-002   8.8915772818129002E-004   3.9105427317386900E-002   8.7196526601164461E-004
  0.97999995946884155        4.4982897930757305E-002   1.0035833471340964E-003   4.1196061975388359E-002   8.7226161040993033E-004   3.8385552140323756E-002   8.5591362834078004E-004
  0.98999994993209839        4.4089896557450527E-002   9.8366019081370937E-004   4.0411808986246363E-002   8.5565629081199254E-004   3.7677051813958251E-002   8.4011562489398107E-004
   1.0000000000000000        4.3214301412464066E-002   9.6412537321052794E-004   3.9641148806895989E-002   8.3933877751374134E-004   3.6979895016084292E-002   8.2457055725474512E-004
