 gamma g3f pt DY-RATIO error R_dy tmp element 
   3.2323232323232323        0.0000000000000000       0.75000000000000000       0.96499999999999997        2.4000000000000000E-002  0.97718912485288190       0.25794229979018035      Fe
   3.2323232323232323        5.0505050505050509E-003  0.75000000000000000       0.96499999999999997        2.4000000000000000E-002  0.97716315680122678       0.25684441557505233      Fe
   3.2323232323232323        1.0101010101010102E-002  0.75000000000000000       0.96499999999999997        2.4000000000000000E-002  0.97713718920607073       0.25574889205548729      Fe
   3.2323232323232323        1.5151515151515152E-002  0.75000000000000000       0.96499999999999997        2.4000000000000000E-002  0.97711122206843404       0.25465572915091039      Fe
   3.2323232323232323        2.0202020202020204E-002  0.75000000000000000       0.96499999999999997        2.4000000000000000E-002  0.97708525538933622       0.25356492678034859      Fe
   3.2323232323232323        2.5252525252525252E-002  0.75000000000000000       0.96499999999999997        2.4000000000000000E-002  0.97705928916979590       0.25247648486242596      Fe
   3.2323232323232323        3.0303030303030304E-002  0.75000000000000000       0.96499999999999997        2.4000000000000000E-002  0.97703332341083204       0.25139040331541546      Fe
   3.2323232323232323        3.5353535353535352E-002  0.75000000000000000       0.96499999999999997        2.4000000000000000E-002  0.97700735811346096       0.25030668205711348      Fe
   3.2323232323232323        4.0404040404040407E-002  0.75000000000000000       0.96499999999999997        2.4000000000000000E-002  0.97698139327869915       0.24922532100496164      Fe
   3.2323232323232323        4.5454545454545456E-002  0.75000000000000000       0.96499999999999997        2.4000000000000000E-002  0.97695542890756226       0.24814632007600024      Fe
   3.2323232323232323        5.0505050505050504E-002  0.75000000000000000       0.96499999999999997        2.4000000000000000E-002  0.97692946500106581       0.24706967918690079      Fe
   3.2323232323232323        5.5555555555555552E-002  0.75000000000000000       0.96499999999999997        2.4000000000000000E-002  0.97690350156022288       0.24599539825387010      Fe
   3.2323232323232323        6.0606060606060608E-002  0.75000000000000000       0.96499999999999997        2.4000000000000000E-002  0.97687753858604653       0.24492347719275179      Fe
   3.2323232323232323        6.5656565656565663E-002  0.75000000000000000       0.96499999999999997        2.4000000000000000E-002  0.97685157607955009       0.24385391591903571      Fe
   3.2323232323232323        7.0707070707070704E-002  0.75000000000000000       0.96499999999999997        2.4000000000000000E-002  0.97682561404174395       0.24278671434772989      Fe
   3.2323232323232323        7.5757575757575760E-002  0.75000000000000000       0.96499999999999997        2.4000000000000000E-002  0.97679965247363942       0.24172187239351683      Fe
   3.2323232323232323        8.0808080808080815E-002  0.75000000000000000       0.96499999999999997        2.4000000000000000E-002  0.97677369137624637       0.24065938997065764      Fe
   3.2323232323232323        8.5858585858585856E-002  0.75000000000000000       0.96499999999999997        2.4000000000000000E-002  0.97674773075057386       0.23959926699301984      Fe
   3.2323232323232323        9.0909090909090912E-002  0.75000000000000000       0.96499999999999997        2.4000000000000000E-002  0.97672177059763032       0.23854150337408239      Fe
   3.2323232323232323        9.5959595959595953E-002  0.75000000000000000       0.96499999999999997        2.4000000000000000E-002  0.97669538978874770       0.23746899706726521      Fe
   3.2323232323232323       0.10101010101010101       0.75000000000000000       0.96499999999999997        2.4000000000000000E-002  0.97666943163392217       0.23641603239372247      Fe
   3.2323232323232323       0.10606060606060606       0.75000000000000000       0.96499999999999997        2.4000000000000000E-002  0.97664347395480933       0.23536542662556226      Fe
   3.2323232323232323       0.11111111111111110       0.75000000000000000       0.96499999999999997        2.4000000000000000E-002  0.97661751675241404       0.23431717967469021      Fe
   3.2323232323232323       0.11616161616161616       0.75000000000000000       0.96499999999999997        2.4000000000000000E-002  0.97659156002774106       0.23327129145264755      Fe
   3.2323232323232323       0.12121212121212122       0.75000000000000000       0.96499999999999997        2.4000000000000000E-002  0.97656560378179325       0.23222776187053981      Fe
   3.2323232323232323       0.12626262626262627       0.75000000000000000       0.96499999999999997        2.4000000000000000E-002  0.97653964801557347       0.23118659083911361      Fe
   3.2323232323232323       0.13131313131313133       0.75000000000000000       0.96499999999999997        2.4000000000000000E-002  0.97651369273008359       0.23014777826871613      Fe
   3.2323232323232323       0.13636363636363635       0.75000000000000000       0.96499999999999997        2.4000000000000000E-002  0.97648773792632548       0.22911132406933615      Fe
   3.2323232323232323       0.14141414141414141       0.75000000000000000       0.96499999999999997        2.4000000000000000E-002  0.97646178360529778       0.22807722815047532      Fe
   3.2323232323232323       0.14646464646464646       0.75000000000000000       0.96499999999999997        2.4000000000000000E-002  0.97643582976800103       0.22704549042135275      Fe
   3.2323232323232323       0.15151515151515152       0.75000000000000000       0.96499999999999997        2.4000000000000000E-002  0.97640987641543375       0.22601611079075015      Fe
   3.2323232323232323       0.15656565656565657       0.75000000000000000       0.96499999999999997        2.4000000000000000E-002  0.97638392354859382       0.22498908916706548      Fe
   3.2323232323232323       0.16161616161616163       0.75000000000000000       0.96499999999999997        2.4000000000000000E-002  0.97635797116847800       0.22396442545829551      Fe
   3.2323232323232323       0.16666666666666666       0.75000000000000000       0.96499999999999997        2.4000000000000000E-002  0.97633201927608260       0.22294211957206292      Fe
   3.2323232323232323       0.17171717171717171       0.75000000000000000       0.96499999999999997        2.4000000000000000E-002  0.97630606787240315       0.22192217141560308      Fe
   3.2323232323232323       0.17676767676767677       0.75000000000000000       0.96499999999999997        2.4000000000000000E-002  0.97628011695843475       0.22090458089577772      Fe
   3.2323232323232323       0.18181818181818182       0.75000000000000000       0.96499999999999997        2.4000000000000000E-002  0.97625416653517061       0.21988934791901862      Fe
   3.2323232323232323       0.18686868686868688       0.75000000000000000       0.96499999999999997        2.4000000000000000E-002  0.97622821660360393       0.21887647239140207      Fe
   3.2323232323232323       0.19191919191919191       0.75000000000000000       0.96499999999999997        2.4000000000000000E-002  0.97620226716472713       0.21786595421861871      Fe
   3.2323232323232323       0.19696969696969696       0.75000000000000000       0.96499999999999997        2.4000000000000000E-002  0.97617631821953166       0.21685779330596525      Fe
   3.2323232323232323       0.20202020202020202       0.75000000000000000       0.96499999999999997        2.4000000000000000E-002  0.97615036976900815       0.21585198955835347      Fe
   3.2323232323232323       0.20707070707070707       0.75000000000000000       0.96499999999999997        2.4000000000000000E-002  0.97612442181414660       0.21484854288031510      Fe
   3.2323232323232323       0.21212121212121213       0.75000000000000000       0.96499999999999997        2.4000000000000000E-002  0.97609847435593555       0.21384745317597179      Fe
   3.2323232323232323       0.21717171717171718       0.75000000000000000       0.96499999999999997        2.4000000000000000E-002  0.97607252739536432       0.21284872034912164      Fe
   3.2323232323232323       0.22222222222222221       0.75000000000000000       0.96499999999999997        2.4000000000000000E-002  0.97604658093341967       0.21185234430311059      Fe
   3.2323232323232323       0.22727272727272727       0.75000000000000000       0.96499999999999997        2.4000000000000000E-002  0.97602063497108860       0.21085832494094034      Fe
   3.2323232323232323       0.23232323232323232       0.75000000000000000       0.96499999999999997        2.4000000000000000E-002  0.97599468950935653       0.20986666216519995      Fe
   3.2323232323232323       0.23737373737373738       0.75000000000000000       0.96499999999999997        2.4000000000000000E-002  0.97596874454920901       0.20887735587813033      Fe
   3.2323232323232323       0.24242424242424243       0.75000000000000000       0.96499999999999997        2.4000000000000000E-002  0.97593811131686503       0.20771229024328391      Fe
   3.2323232323232323       0.24747474747474749       0.75000000000000000       0.96499999999999997        2.4000000000000000E-002  0.97591216705438244       0.20672810733116356      Fe
   3.2323232323232323       0.25252525252525254       0.75000000000000000       0.96499999999999997        2.4000000000000000E-002  0.97588622329645236       0.20574628066010894      Fe
   3.2323232323232323       0.25757575757575757       0.75000000000000000       0.96499999999999997        2.4000000000000000E-002  0.97586028004405712       0.20476681013080886      Fe
   3.2323232323232323       0.26262626262626265       0.75000000000000000       0.96499999999999997        2.4000000000000000E-002  0.97583433729817759       0.20378969564354643      Fe
   3.2323232323232323       0.26767676767676768       0.75000000000000000       0.96499999999999997        2.4000000000000000E-002  0.97580839505979378       0.20281493709822079      Fe
   3.2323232323232323       0.27272727272727271       0.75000000000000000       0.96499999999999997        2.4000000000000000E-002  0.97578245332988534       0.20184253439436808      Fe
   3.2323232323232323       0.27777777777777779       0.75000000000000000       0.96499999999999997        2.4000000000000000E-002  0.97575651210943193       0.20087248743117425      Fe
   3.2323232323232323       0.28282828282828282       0.75000000000000000       0.96499999999999997        2.4000000000000000E-002  0.97573057139941033       0.19990479610736739      Fe
   3.2323232323232323       0.28787878787878790       0.75000000000000000       0.96499999999999997        2.4000000000000000E-002  0.97570463120079853       0.19893946032137172      Fe
   3.2323232323232323       0.29292929292929293       0.75000000000000000       0.96499999999999997        2.4000000000000000E-002  0.97567869151457309       0.19797647997120840      Fe
   3.2323232323232323       0.29797979797979796       0.75000000000000000       0.96499999999999997        2.4000000000000000E-002  0.97565275234170967       0.19701585495451659      Fe
   3.2323232323232323       0.30303030303030304       0.75000000000000000       0.96499999999999997        2.4000000000000000E-002  0.97562681368318249       0.19605758516853353      Fe
   3.2323232323232323       0.30808080808080807       0.75000000000000000       0.96499999999999997        2.4000000000000000E-002  0.97560087553996633       0.19510167051016847      Fe
   3.2323232323232323       0.31313131313131315       0.75000000000000000       0.96499999999999997        2.4000000000000000E-002  0.97557493791303473       0.19414811087593764      Fe
   3.2323232323232323       0.31818181818181818       0.75000000000000000       0.96499999999999997        2.4000000000000000E-002  0.97554900080335916       0.19319690616193191      Fe
   3.2323232323232323       0.32323232323232326       0.75000000000000000       0.96499999999999997        2.4000000000000000E-002  0.97552306421191237       0.19224805626394376      Fe
   3.2323232323232323       0.32828282828282829       0.75000000000000000       0.96499999999999997        2.4000000000000000E-002  0.97549712813966527       0.19130156107734916      Fe
   3.2323232323232323       0.33333333333333331       0.75000000000000000       0.96499999999999997        2.4000000000000000E-002  0.97547119258758730       0.19035742049712473      Fe
   3.2323232323232323       0.33838383838383840       0.75000000000000000       0.96499999999999997        2.4000000000000000E-002  0.97544525755664879       0.18941563441793291      Fe
   3.2323232323232323       0.34343434343434343       0.75000000000000000       0.96499999999999997        2.4000000000000000E-002  0.97541932304781764       0.18847620273400104      Fe
   3.2323232323232323       0.34848484848484851       0.75000000000000000       0.96499999999999997        2.4000000000000000E-002  0.97539338906206219       0.18753912533922670      Fe
   3.2323232323232323       0.35353535353535354       0.75000000000000000       0.96499999999999997        2.4000000000000000E-002  0.97536745560034965       0.18660440212712159      Fe
   3.2323232323232323       0.35858585858585856       0.75000000000000000       0.96499999999999997        2.4000000000000000E-002  0.97534152266364549       0.18567203299078802      Fe
   3.2323232323232323       0.36363636363636365       0.75000000000000000       0.96499999999999997        2.4000000000000000E-002  0.97531559025291603       0.18474201782301539      Fe
   3.2323232323232323       0.36868686868686867       0.75000000000000000       0.96499999999999997        2.4000000000000000E-002  0.97528965836912584       0.18381435651618433      Fe
   3.2323232323232323       0.37373737373737376       0.75000000000000000       0.96499999999999997        2.4000000000000000E-002  0.97526372701323882       0.18288904896230723      Fe
   3.2323232323232323       0.37878787878787878       0.75000000000000000       0.96499999999999997        2.4000000000000000E-002  0.97523779618621864       0.18196609505304445      Fe
   3.2323232323232323       0.38383838383838381       0.75000000000000000       0.96499999999999997        2.4000000000000000E-002  0.97521186588902686       0.18104549467963724      Fe
   3.2323232323232323       0.38888888888888890       0.75000000000000000       0.96499999999999997        2.4000000000000000E-002  0.97518593612262561       0.18012724773300318      Fe
   3.2323232323232323       0.39393939393939392       0.75000000000000000       0.96499999999999997        2.4000000000000000E-002  0.97516000688797555       0.17921135410366537      Fe
   3.2323232323232323       0.39898989898989901       0.75000000000000000       0.96499999999999997        2.4000000000000000E-002  0.97513407818603726       0.17829781368180000      Fe
   3.2323232323232323       0.40404040404040403       0.75000000000000000       0.96499999999999997        2.4000000000000000E-002  0.97510815001776963       0.17738662635718180      Fe
   3.2323232323232323       0.40909090909090912       0.75000000000000000       0.96499999999999997        2.4000000000000000E-002  0.97508222238413200       0.17647779201925873      Fe
   3.2323232323232323       0.41414141414141414       0.75000000000000000       0.96499999999999997        2.4000000000000000E-002  0.97505629528608095       0.17557131055703928      Fe
   3.2323232323232323       0.41919191919191917       0.75000000000000000       0.96499999999999997        2.4000000000000000E-002  0.97503036872457394       0.17466718185922156      Fe
   3.2323232323232323       0.42424242424242425       0.75000000000000000       0.96499999999999997        2.4000000000000000E-002  0.97500444270056763       0.17376540581413466      Fe
   3.2323232323232323       0.42929292929292928       0.75000000000000000       0.96499999999999997        2.4000000000000000E-002  0.97497851721501716       0.17286598230971253      Fe
   3.2323232323232323       0.43434343434343436       0.75000000000000000       0.96499999999999997        2.4000000000000000E-002  0.97495259226887721       0.17196891123353286      Fe
   3.2323232323232323       0.43939393939393939       0.75000000000000000       0.96499999999999997        2.4000000000000000E-002  0.97492666786310178       0.17107419247280953      Fe
   3.2323232323232323       0.44444444444444442       0.75000000000000000       0.96499999999999997        2.4000000000000000E-002  0.97490074399864446       0.17018182591440084      Fe
   3.2323232323232323       0.44949494949494950       0.75000000000000000       0.96499999999999997        2.4000000000000000E-002  0.97487482067645714       0.16929181144476757      Fe
   3.2323232323232323       0.45454545454545453       0.75000000000000000       0.96499999999999997        2.4000000000000000E-002  0.97484889789749130       0.16840414895001576      Fe
   3.2323232323232323       0.45959595959595961       0.75000000000000000       0.96499999999999997        2.4000000000000000E-002  0.97482297566269882       0.16751883831592698      Fe
   3.2323232323232323       0.46464646464646464       0.75000000000000000       0.96499999999999997        2.4000000000000000E-002  0.97479705397302840       0.16663587942783378      Fe
   3.2323232323232323       0.46969696969696972       0.75000000000000000       0.96499999999999997        2.4000000000000000E-002  0.97477113282943018       0.16575527217077909      Fe
   3.2323232323232323       0.47474747474747475       0.75000000000000000       0.96499999999999997        2.4000000000000000E-002  0.97474521223285293       0.16487701642942190      Fe
   3.2323232323232323       0.47979797979797978       0.75000000000000000       0.96499999999999997        2.4000000000000000E-002  0.97471929218424391       0.16400111208803023      Fe
   3.2323232323232323       0.48484848484848486       0.75000000000000000       0.96499999999999997        2.4000000000000000E-002  0.97469337268455070       0.16312755903054543      Fe
   3.2323232323232323       0.48989898989898989       0.75000000000000000       0.96499999999999997        2.4000000000000000E-002  0.97467018867190325       0.16234817526077519      Fe
   3.2323232323232323       0.49494949494949497       0.75000000000000000       0.96499999999999997        2.4000000000000000E-002  0.97464427192096159       0.16147913348168191      Fe
   3.2323232323232323       0.50000000000000000       0.75000000000000000       0.96499999999999997        2.4000000000000000E-002  0.97461835572171596       0.16061244234282410      Fe
