 x up dp u1 d1 u2 d2
   0.0000000000000000        0.0000000000000000        0.0000000000000000        0.0000000000000000        0.0000000000000000        0.0000000000000000        0.0000000000000000     
   4.0000001899898052E-003   88.772016287712589        67.721373025324837        62.642331099619213        45.939158039718741        53.294585736737176        38.310366528701437     
   8.0000003799796104E-003   44.913848385542373        29.353039673848034        33.445543828874968        20.738661622208429        29.115183085324023        17.606860434766148     
   1.2000000104308128E-002   30.978844166771474        18.055666709064973        24.031655377997748        13.212805496817701        21.258109299208485        11.381932143477281     
   1.6000000759959221E-002   24.083721187679252        12.797156257595045        19.312008544723547        9.6519917425531432        17.293703838079420        8.4154234683499336     
   2.0000001415610313E-002   19.925215073263580        9.7819460433595946        16.430099493141668        7.5752844243268207        14.857443266275325        6.6708669141269787     
   2.4000000208616257E-002   17.118590816998321        7.8310697138515870        14.459332690800972        6.2066656784232874        13.182845832466629        5.5127357283397833     
   2.8000000864267349E-002   15.082116493314023        6.4656245863670954        13.009216300924056        5.2314589489050585        11.944875732016994        4.6807834990214250     
   3.2000001519918442E-002   13.527236266876862        5.4551620158081446        11.886340897618293        4.4962521149341130        10.977937052798540        4.0486157952422221     
   3.6000002175569534E-002   12.297229763960701        4.6775491192770096        10.984712230354461        3.9198768314458285        10.194160072969748        3.5493349323357162     
   4.0000002831220627E-002   11.297568794320879        4.0621380838944985        10.238332240426288        3.4555028158398651        9.5425690268363912        3.1443811077038561     
   4.4000003486871719E-002   10.465925302745967        3.5617786720851434        9.6048528134008411        3.0711190666713768        8.9865383118454236        2.8069173110655816     
   4.8000000417232513E-002   9.7632775271331838        3.1492047075163128        9.0590969960396190        2.7487945443923425        8.5033606428801498        2.5220737245527740     
   5.2000001072883606E-002   9.1604286321944208        2.8027726247461406        8.5810391052019472        2.4736389885559524        8.0761106898658248        2.2773725734122579     
   5.6000001728534698E-002   8.6365741676491705        2.5085650424090002        8.1551651668164808        2.2361508898514715        7.6921128564848980        2.0649328780166090     
   6.0000002384185791E-002   8.1777653592705306        2.2567494669146355        7.7710793945537127        2.0299242577782257        7.3425812948090972        1.8795132274983353     
   6.4000003039836884E-002   7.7711682351238895        2.0383774477318397        7.4216665838489924        1.8483464041978042        7.0221073821986009        1.7154170201108281     
   6.8000003695487976E-002   7.4082618976491856        1.8481198314879346        7.1022736619917115        1.6877850645683794        6.7271844823454128        1.5696143435049117     
   7.2000004351139069E-002   7.0826825434677554        1.6815162781592621        6.8082484901383413        1.5451881506898855        6.4538979181556018        1.4395664306811602     
   7.6000005006790161E-002   6.7881355992858596        1.5343711339942756        6.5366162321046932        1.4175066562310699        6.2000939400268722        1.3226304129289559     
   8.0000005662441254E-002   6.5200349572186269        1.4036849662827418        6.2856083104895539        1.3026092169122903        5.9646462428143758        1.2169718336679682     
   8.4000006318092346E-002   6.2750147842369115        1.2875024740776502        6.0535002861723397        1.1992016675968518        5.7462632895543946        1.1215170289414582     
   8.8000006973743439E-002   6.0502588722629813        1.1836861752444328        5.8397501407509802        1.1055766426870208        5.5450130300763378        1.0346631463080758     
   9.2000007629394531E-002   5.8426594783619921        1.0904611091335248        5.6409577905612318        1.0206194828878110        5.3574847033994857       0.95562228594097276     
   9.6000000834465027E-002   5.6501986603592051        1.0063435327250230        5.4554367043746064       0.94326086459491854        5.1821033628045283       0.88350133205703019     
  0.10000000149011612        5.4711524313722046       0.93040175261348723        5.2818147730426155       0.87285755141494281        5.0176114052848497       0.81776256756202992     
  0.10400000214576721        5.3041756984647730       0.86176260375050828        5.1189652240784858       0.80865069035944970        4.8627651043973472       0.75777274098965264     
  0.10800000280141830        5.1479510345268427       0.79943244008874170        4.9658356140955107       0.74988296357529904        4.7166264046691087       0.70284563338884565     
  0.11200000345706940        5.0008107370000090       0.74265044420851467        4.8210603044965250       0.69614118889962162        4.5782823157171295       0.65256555937914718     
  0.11600000411272049        4.8620564251182525       0.69068220413381765        4.6840878441652620       0.64683734716824837        4.4473091237308138       0.60639279148921887     
  0.12000000476837158        4.7309513899089035       0.64314019131601374        4.5542869973105633       0.60167608427978958        4.3231821147191214       0.56406002928619170     
  0.12400000542402267        4.6067183647420675       0.59972406700254277        4.4309853651065607       0.56047035713302351        4.2054699169911487       0.52538738033263543     
  0.12800000607967377        4.4888632032546045       0.56002483669997083        4.3137727131472845       0.52292618689205805        4.0940468236155789       0.49009083063644876     
  0.13199999928474426        4.3768201226109236       0.52353626117039465        4.2020619088743638       0.48841344121468516        3.9878767805036315       0.45762983034298038     
  0.13600000739097595        4.2700022484984368       0.48983055723498264        4.0953134066821102       0.45652774114823219        3.8864021915809439       0.42763377645119721     
  0.14000000059604645        4.1674437122214503       0.45868593799727453        3.9926152340487686       0.42705807271331314        3.7887174262370924       0.39991046889589271     
  0.14400000870227814        4.0693285521648557       0.42998008750014954        3.8941594737094212       0.39988685414543812        3.6949726134497096       0.37435310669864136     
  0.14800000190734863        3.9750927771355782       0.40339724434111357        3.7994184004958509       0.37471296074135152        3.6045387658859891       0.35069234126306759     
  0.15200001001358032        3.8844793521358332       0.37876710989145745        3.7081521653029959       0.35136942173815366        3.5170032256166373       0.32878711368413588     
  0.15600000321865082        3.7971972916339016       0.35592579499761251        3.6201096896878253       0.32971806418300997        3.4324643706463922       0.30847214739567008     
  0.16000001132488251        3.7130140846697683       0.33471015510256286        3.5350802172842002       0.30960686247646535        3.3507522683842010       0.28960242305307210     
  0.16400000452995300        3.6317025107265302       0.31498785231638526        3.4528560100702586       0.29091210310957077        3.2716952723059936       0.27206017353771861     
  0.16800001263618469        3.5530245318185782       0.29662812488331425        3.3732180013264190       0.27351143884607770        3.1951073860391968       0.25572953297426881     
  0.17200000584125519        3.4768378956761512       0.27951716306434710        3.2960372459737055       0.25729813140574498        3.1208847324567577       0.24050968597529049     
  0.17600001394748688        3.4029744324664657       0.26355892750874127        3.2211361654759885       0.24218457480265282        3.0489773760900167       0.22630937332563489     
  0.18000000715255737        3.3312631883874113       0.24865783763455679        3.1483475985828271       0.22808155720138967        2.9792812294539401       0.21304256976159314     
  0.18400001525878906        3.2615986757655762       0.23472999111780912        3.0776173182506281       0.21490471687389751        2.9115619989415733       0.20064659384727687     
  0.18800000846385956        3.1938507962100915       0.22170350284622004        3.0088295566967442       0.20258569479568342        2.8456967570838398       0.18905850965701779     
  0.19200000166893005        3.1278719798849171       0.20950475755013687        2.9418509902112113       0.19105480048247339        2.7815479568579238       0.17821379949384852     
  0.19600000977516174        3.0636029968940011       0.19807087079931121        2.8766305631653797       0.18025238816010156        2.7190575759496127       0.16805706118255387     
  0.20000000298023224        3.0009472637548766       0.18734987089656038        2.8130807785127048       0.17012895176317203        2.6581345167609003       0.15854214573782788     
  0.20400001108646393        2.9397821034695175       0.17728682842722090        2.7510890199802329       0.16063247580092543        2.5986653604868444       0.14962041260198819     
  0.20800000429153442        2.8800810980331923       0.16783122419778776        2.6907213638860394       0.15171124498887240        2.5405508452742005       0.14124992486867502     
  0.21200001239776611        2.8217551551374775       0.15894476792801973        2.6318523338068722       0.14333092813243922        2.4837427292953933       0.13339457336294860     
  0.21600000560283661        2.7647275193150684       0.15058729748506311        2.5743391036814858       0.13545650204188803        2.4282277090238464       0.12601611736871698     
  0.22000001370906830        2.7089480529025716       0.14271830511173461        2.5181254656320942       0.12804991564209128        2.3739662443530705       0.11907827124854649     
  0.22400000691413879        2.6543744442658208       0.13530584969720838        2.4631632965043559       0.12108087814244005        2.3209245362056330       0.11255211042249019     
  0.22800001502037048        2.6009537080204832       0.12832200074397468        2.4093953635287333       0.11452272074052447        2.2690585051075325       0.10641219338296133     
  0.23200000822544098        2.5486050105650468       0.12173635225377034        2.3567397394360818       0.10834663458890734        2.2182994268560341       0.10063119424691243     
  0.23600001633167267        2.4973245368222501       0.11551966486845551        2.3051867574341869       0.10252493842785255        2.1686453596016340        9.5182923612960435E-002
  0.24000000953674316        2.4470646400931515       0.10965059419308389        2.2546866082876122        9.7037062057924950E-002   2.1200552695198800        9.0047868832078007E-002
  0.24400001764297485        2.3977905561954773       0.10410859119186490        2.2050440791596531        9.1864198357084537E-002   2.0725157703200234        8.5205411626470037E-002
  0.24800001084804535        2.3494378500536692        9.8871174671370382E-002   2.1563505948668964        8.6983864518793697E-002   2.0259541975987143        8.0637317173812381E-002
  0.25200000405311584        2.3020124785485283        9.3916869276266801E-002   2.1086401826434922        8.2375434377994300E-002   1.9803715641589341        7.6324718006759287E-002
  0.25600001215934753        2.2554781014154357        8.9229995251625657E-002   2.0618845870289828        7.8023622832034151E-002   1.9357340785758064        7.2253289983466862E-002
  0.26000002026557922        2.2098069593571350        8.4796040297560063E-002   2.0160625872584763        7.3914248105530544E-002   1.8920153051674313        6.8409727180849603E-002
  0.26399999856948853        2.1649507229264713        8.0598465849358605E-002   1.9711335129175189        7.0031450091600431E-002   1.8491712690272342        6.4779172603490101E-002
  0.26800000667572021        2.1209031494536368        7.6620824823942835E-002   1.9270943663104638        6.6359554268480586E-002   1.8071939865650248        6.1346945910993413E-002
  0.27200001478195190        2.0776550593457910        7.2850785243791807E-002   1.8839386203158150        6.2886561457527190E-002   1.7660726794251353        5.8101772204561343E-002
  0.27600002288818359        2.0351758069479313        6.9278099775075763E-002   1.8416395094481919        5.9602343870838397E-002   1.7257780690637563        5.5034108746748661E-002
  0.28000000119209290        1.9934399130181746        6.5891334574766550E-002   1.8001913102268094        5.6495618109569254E-002   1.6862880469115942        5.2133422701204947E-002
  0.28400000929832458        1.9524157062643392        6.2678140804837162E-002   1.7596071583347410        5.3554129060391205E-002   1.6475792070072215        4.9388386210511760E-002
  0.28800001740455627        1.9121152729932522        5.9627616816381478E-002   1.7198305047750702        5.0768254538613097E-002   1.6096480812387510        4.6789656823500503E-002
  0.29200002551078796        1.8725171751899563        5.6731785255914678E-002   1.6808374933469972        4.8130139166393866E-002   1.5724725340523715        4.4329807855829101E-002
  0.29600000381469727        1.8336009899967989        5.3983399022088388E-002   1.6426053586515135        4.5632593094230393E-002   1.5360313994536321        4.2002035065863551E-002
  0.30000001192092896        1.7953419739742225        5.1373670307578258E-002   1.6051076821629013        4.3267170516020623E-002   1.5003000589021993        3.9798387365931928E-002
  0.30400002002716064        1.7577240839754746        4.8893655669207593E-002   1.5683261280544643        4.1025367917028155E-002   1.4652614379804700        3.7710874631095757E-002
  0.30800002813339233        1.7207549816524688        4.6535784960125302E-002   1.5322635627154784        3.8899902692956817E-002   1.4309182141808849        3.5732640666501982E-002
  0.31200000643730164        1.6844200857408576        4.4294410618152855E-002   1.4969029836720749        3.6885155904121371E-002   1.3972544175083983        3.3858367978180530E-002
  0.31600001454353333        1.6486997778501422        4.2164396750757782E-002   1.4622229087589065        3.4975971918219877E-002   1.3642498466816442        3.2083171124360037E-002
  0.32000002264976501        1.6135762822560340        4.0139480358651530E-002   1.4282038587620207        3.3166305825661414E-002   1.3318861790338410        3.0401357685141159E-002
  0.32400000095367432        1.5790370313312880        3.8213117720403214E-002   1.3948153721906540        3.1449595771926131E-002   1.3001293119685897        2.8806711980275079E-002
  0.32800000905990601        1.5450845171060188        3.6379491412018725E-002   1.3620630883784131        2.9820452877435472E-002   1.2689867375677926        2.7294193440464746E-002
  0.33200001716613770        1.5117126324218697        3.4634342605992713E-002   1.3299499086779316        2.8274901507412145E-002   1.2384650701473101        2.5860078624554379E-002
  0.33600002527236938        1.4789080610091097        3.2973939790018864E-002   1.2984614895724187        2.6809184409043906E-002   1.2085509692632339        2.4500806769791234E-002
  0.34000000357627869        1.4466515338330719        3.1394333209021942E-002   1.2675782753973674        2.5419396872953862E-002   1.1792261930352539        2.3212687711639361E-002
  0.34400001168251038        1.4149347433395862        2.9890593200140224E-002   1.2372903851065986        2.4100876033569942E-002   1.1504814561067891        2.1991345669146595E-002
  0.34800001978874207        1.3837525449837249        2.8458111365367553E-002   1.2075907236299170        2.2849268503341739E-002   1.1223100187766037        2.0832696233644307E-002
  0.35200002789497375        1.3531032459738062        2.7093338298169178E-002   1.1784750763352951        2.1661112796125644E-002   1.0947077433822818        1.9733475520811648E-002
  0.35600000619888306        1.3229843051571253        2.5793356570088646E-002   1.1499384204562313        2.0533485102215157E-002   1.0676696810005462        1.8690915379888939E-002
  0.36000001430511475        1.2933786302385988        2.4555684517447367E-002   1.1219629543141278        1.9463831994145923E-002   1.0411789513748793        1.7702589111997555E-002
  0.36400002241134644        1.2642720516293007        2.3377273166175248E-002   1.0945335834841585        1.8449177707599382E-002   1.0152211863990024        1.6765691039648811E-002
  0.36800003051757812        1.2356642439615171        2.2254577170359915E-002   1.0676471475964113        1.7486175614516108E-002  0.98979361234744545        1.5877081990288144E-002
  0.37200000882148743        1.2075490137883076        2.1184356644321400E-002   1.0412937072140733        1.6571589767201120E-002  0.96489459698276925        1.5033695570715653E-002
  0.37600001692771912        1.1799211014816107        2.0164107738739296E-002   1.0154679566244820        1.5703196933901511E-002  0.94050934072800740        1.4233473932944061E-002
  0.38000002503395081        1.1527804375072530        1.9191679582031215E-002  0.99016704264511224        1.4878857502077221E-002  0.91663439029967519        1.3474394545168170E-002
  0.38400000333786011        1.1261146688349959        1.8265322827149152E-002  0.96537747285201203        1.4096763296629827E-002  0.89325644895608036        1.2754738682547347E-002
  0.38800001144409180        1.0999054614103889        1.7383072211975867E-002  0.94108067261172679        1.3354956514232803E-002  0.87035754296145351        1.2072655417035600E-002
  0.39200001955032349        1.0741552761525577        1.6542276706109322E-002  0.91727605819361535        1.2650978705606336E-002  0.84793639601323034        1.1425846053119334E-002
  0.39600002765655518        1.0488607985242990        1.5740486253159457E-002  0.89395805546117568        1.1982555562512339E-002  0.82598712039672817        1.0812183760971820E-002
  0.40000000596046448        1.0240100873566746        1.4975819867694137E-002  0.87111370783264841        1.1347873385558798E-002  0.80449701744649016        1.0229962327950138E-002
  0.40400001406669617       0.99960524798348860        1.4246675361572220E-002  0.84874201251227810        1.0745349521674150E-002  0.78346444176682817        9.6776874908626569E-003
  0.40800002217292786       0.97564716766696313        1.3551586740616088E-002  0.82684093718290541        1.0173523544406583E-002  0.76288681177051187        9.1539786763305923E-003
  0.41200003027915955       0.95211155591531960        1.2889570505556371E-002  0.80538704223089319        9.6313119783158017E-003  0.74274179384870753        8.6577972512340336E-003
  0.41600000858306885       0.92899561247876694        1.2258883882339686E-002  0.78437530647244069        9.1170793137895483E-003  0.72302409988308869        8.1876112220290974E-003
  0.42000001668930054       0.90630478797277270        1.1657613028786408E-002  0.76380720210535269        8.6289646748799759E-003  0.70373069666868948        7.7416585068091504E-003
  0.42400002479553223       0.88403170688951738        1.1084120826201693E-002  0.74367408648539712        8.1655220226228911E-003  0.68485476201623552        7.3186030417706173E-003
  0.42800003290176392       0.86216354411241780        1.0537204185713125E-002  0.72396282842347659        7.7256627011052246E-003  0.66638616192957012        6.9174376299736854E-003
  0.43200001120567322       0.84070382944852884        1.0015709579952329E-002  0.70467380642464317        7.3082690911049708E-003  0.64832478527334703        6.5371104905578518E-003
  0.43600001931190491       0.81965315218459400        9.5185646702329405E-003  0.68580488117137473        6.9122955876896293E-003  0.63066817629186611        6.1766365971127144E-003
  0.44000002741813660       0.79898760046011685        9.0452144956701223E-003  0.66733339343529152        6.5370837709557931E-003  0.61339499477267567        5.8353790528240003E-003
  0.44400003552436829       0.77870423610916384        8.5944238814936770E-003  0.64925441991526567        6.1814932487283128E-003  0.59650023407298947        5.5122725036645297E-003
  0.44800001382827759       0.75880953508801796        8.1647781277699987E-003  0.63157094637345279        5.8442718232541001E-003  0.57998615246413021        5.2061551779663852E-003
  0.45200002193450928       0.73930089388610953        7.7550294017297702E-003  0.61427834161008132        5.5243041039873013E-003  0.56384798700890582        4.9159904967158458E-003
  0.45600003004074097       0.72015875758514303        7.3643812823321071E-003  0.59735789241253157        5.2208113058100246E-003  0.54806804416881683        4.6410443112816484E-003
  0.46000000834465027       0.70138573444094843        6.9919997436884741E-003  0.58080940212048682        4.9329987920718353E-003  0.53264563740273507        4.3805704758468787E-003
  0.46400001645088196       0.68298504059544274        6.6370680697059618E-003  0.56463315963466276        4.6600948045873083E-003  0.51758051045731457        4.1338452364453925E-003
  0.46800002455711365       0.66494721870169593        6.2990621520442741E-003  0.54881895923264812        4.4015432876607086E-003  0.50286277903734633        3.9003381926001608E-003
  0.47200003266334534       0.64725198354173963        5.9775446065658336E-003  0.53334684943801614        4.1568280902382279E-003  0.48847468896344537        3.6795532449026874E-003
  0.47600001096725464       0.62990606099741830        5.6714564315935596E-003  0.51821924763379212        3.9250100740985906E-003  0.47441913282100490        3.4706217328902070E-003
  0.48000001907348633       0.61291559098148662        5.3797771069823540E-003  0.50344114262714257        3.7052860716746683E-003  0.46069761333793047        3.2728065414053724E-003
  0.48400002717971802       0.59627057539545392        5.1017582827883549E-003  0.48900219773723352        3.4969873441930551E-003  0.44730007287509527        3.0854859636330633E-003
  0.48800003528594971       0.57995457953772322        4.8369290662036253E-003  0.47488681912275232        3.2996438801828620E-003  0.43421166268079958        2.9082154135568268E-003
  0.49200001358985901       0.56397109553218783        4.5846803049115524E-003  0.46109585383844581        3.1126987478320356E-003  0.42143260116532760        2.7404752417181538E-003
  0.49600002169609070       0.54832268228478209        4.3444259111880476E-003  0.44762936688433586        2.9356186612404492E-003  0.40896239511353855        2.5817682761432557E-003
  0.50000000000000000       0.53300058132793326        4.1158529488017114E-003  0.43447817258190125        2.7680621585877462E-003  0.39679210806562398        2.4317675810263594E-003
  0.50400000810623169       0.51798503394026185        3.8987604391277739E-003  0.42162414446649210        2.6097668622833176E-003  0.38490465337820745        2.2902165199599656E-003
  0.50800001621246338       0.50328193215054984        3.6923344247730932E-003  0.40907025312029738        2.4600669401064310E-003  0.37330225376191933        2.1565058185784177E-003
  0.51200002431869507       0.48889706541280242        3.4957879489296538E-003  0.39681937245465598        2.3183254909200823E-003  0.36198704617068300        2.0300538408186321E-003
  0.51600003242492676       0.47482785933300570        3.3084680975065954E-003  0.38486756697258695        2.1840045220900546E-003  0.35095495797756082        1.9103676584317892E-003
  0.52000004053115845       0.46105191786489125        3.1301301722372285E-003  0.37319481108476649        2.0568424937745544E-003  0.34018724956841734        1.7971976516132462E-003
  0.52400004863739014       0.44757002345292457        2.9604433886531310E-003  0.36179997632242594        1.9365256986168659E-003  0.32968244168227462        1.6902495575507209E-003
  0.52799999713897705       0.43438485699212215        2.7990746131091927E-003  0.35068358412607636        1.8227352050089621E-003  0.31944019797709250        1.5892244314726944E-003
  0.53200000524520874       0.42149754915326726        2.6457452887224554E-003  0.33984511489588182        1.7151707032299983E-003  0.30945828043777635        1.4938375401169952E-003
  0.53600001335144043       0.40889580521384661        2.5011195709613095E-003  0.32927235466753280        1.6142196430153049E-003  0.29972701166801796        1.4044140230284766E-003
  0.54000002145767212       0.39656933174530018        2.3643156788013759E-003  0.31895545466031433        1.5192271506616593E-003  0.29023707720002323        1.3203658850169850E-003
  0.54400002956390381       0.38451278053490545        2.2338275961908413E-003  0.30888872031253911        1.4291512779511840E-003  0.28098297203586836        1.2407716853551837E-003
  0.54800003767013550       0.37272090235836952        2.1082494084389801E-003  0.29906657789025676        1.3430313653484056E-003  0.27195930696061338        1.1647842372936408E-003
  0.55200004577636719       0.36120287732291745        1.9888010120901146E-003  0.28949464166397954        1.2615835009501487E-003  0.26317080213212857        1.0930115738071119E-003
  0.55600005388259888       0.34996053372987168        1.8767979954873867E-003  0.28017260217758105        1.1855718683224362E-003  0.25461678373758384        1.0261007468756278E-003
  0.56000000238418579       0.33897461305396331        1.7702662464590536E-003  0.27108385592024908        1.1136847499679864E-003  0.24628186570417476        9.6290247276223297E-004
  0.56400001049041748       0.32824623713796075        1.6690727733579928E-003  0.26222787264876002        1.0457820193238013E-003  0.23816523049361329        9.0328340706868275E-004
  0.56800001859664917       0.31777041552882174        1.5730133562172741E-003  0.25359929072703580        9.8168187237733604E-004  0.23026168149725137        8.4707485789621442E-004
  0.57200002670288086       0.30754307159889221        1.4819441690376697E-003  0.24519350882804769        9.2124300578268626E-004  0.22256671809069517        7.9414370714886613E-004
  0.57600003480911255       0.29756194856497731        1.3955935954948547E-003  0.23700744242353941        8.6424773794521455E-004  0.21507722803439511        7.4429166845265586E-004
  0.58000004291534424       0.28782157235012557        1.3137389895464223E-003  0.22903547311810901        8.1051222523215920E-004  0.20778780519958015        6.9735037606132586E-004
  0.58400005102157593       0.27831861731878366        1.2361808157619390E-003  0.22127373473825485        7.5986996969863794E-004  0.20069464173213150        6.5316707450343301E-004
  0.58799999952316284       0.26905019730903645        1.1627135534526770E-003  0.21371790836302576        7.1215205051194691E-004  0.19379394903552549        6.1158708694703109E-004
  0.59200000762939453       0.26001098301936010        1.0931332586719385E-003  0.20636119908461961        6.6719235586098255E-004  0.18707997981880281        5.7245849593323672E-004
  0.59600001573562622       0.25119809332346871        1.0272492252834556E-003  0.19920279189802481        6.2484378915700866E-004  0.18055043681637981        5.3564868848269447E-004
  0.60000002384185791       0.24260727314689431        9.6491185823458674E-004  0.19223828816511201        5.8498140743750413E-004  0.17420103342303908        5.0104304165303948E-004
