 x kt PDF(p) PDF(Pb) ratio
  0.40000000596046448        9.9999997764825821E-003  0.36676436416647407       0.31334536946510577       0.85435064057335341     
  0.40000000596046448        1.9999999552965164E-002  0.35211016070631895       0.31103087737845786       0.88333400193434441     
  0.40000000596046448        2.9999999329447746E-002  0.36077834371588047       0.31368560505666454       0.86946905356297577     
  0.40000000596046448        3.9999999105930328E-002  0.35675472865946278       0.31162997654966690       0.87351323336524200     
  0.40000000596046448        4.9999997019767761E-002  0.35883283899626484       0.31156656823651485       0.86827774489100762     
  0.40000000596046448        5.9999998658895493E-002  0.35625031824263637       0.31223804814691253       0.87645689605883303     
  0.40000000596046448        7.0000000298023224E-002  0.35649967614137024       0.31055638514025286       0.87112669638752060     
  0.40000000596046448        7.9999998211860657E-002  0.35532500907692710       0.30994833155045726       0.87229528919354538     
  0.40000000596046448        8.9999996125698090E-002  0.35517679754065640       0.31043523368056530       0.87403016140160561     
  0.40000000596046448        9.9999994039535522E-002  0.35382984422350078       0.30897164347266232       0.87322098041423757     
  0.40000000596046448       0.10999999940395355       0.35216606124208177       0.30770917071778936       0.87376157041512192     
  0.40000000596046448       0.11999999731779099       0.35098419766502725       0.30678796116112317       0.87407912721448466     
  0.40000000596046448       0.12999999523162842       0.35021617810352440       0.30604939444244222       0.87388708340016663     
  0.40000000596046448       0.14000000059604645       0.34879430587347199       0.30528896772777087       0.87526935671512063     
  0.40000000596046448       0.14999999105930328       0.34653730212781225       0.30373620049407452       0.87648919359927513     
  0.40000000596046448       0.15999999642372131       0.34530361010883881       0.30235457053049425       0.87561948870211015     
  0.40000000596046448       0.17000000178813934       0.34399377082694088       0.30108026488280981       0.87524917721338524     
  0.40000000596046448       0.17999999225139618       0.34206693649888309       0.29986053005277352       0.87661360411473921     
  0.40000000596046448       0.18999999761581421       0.34000060607478633       0.29876169744507552       0.87870930847505635     
  0.40000000596046448       0.19999998807907104       0.33793593695531443       0.29694978902603991       0.87871621971150660     
  0.40000000596046448       0.20999999344348907       0.33619105348824890       0.29520848991107934       0.87809739982089663     
  0.40000000596046448       0.21999999880790710       0.33414813826016532       0.29351189963254581       0.87838855293582263     
  0.40000000596046448       0.22999998927116394       0.33178213448335908       0.29183788274894495       0.87960698427414097     
  0.40000000596046448       0.23999999463558197       0.32951753662343919       0.29055260312194231       0.88175156351079242     
  0.40000000596046448       0.25000000000000000       0.32718645955449410       0.28860422791831974       0.88207876423520415     
  0.40000000596046448       0.25999999046325684       0.32484203248892046       0.28649647884415735       0.88195630549728510     
  0.40000000596046448       0.26999998092651367       0.32233585743889437       0.28440945411306728       0.88233886348490764     
  0.40000000596046448       0.28000000119209290       0.31965209818075180       0.28233410923070673       0.88325435946632491     
  0.40000000596046448       0.28999999165534973       0.31678048716987406       0.28025988405671454       0.88471321753610632     
  0.40000000596046448       0.29999998211860657       0.31411838619761762       0.27817839124257560       0.88558455495046540     
  0.40000000596046448       0.31000000238418579       0.31180692121840686       0.27639534073641198       0.88643106335285404     
  0.40000000596046448       0.31999999284744263       0.30892605513961086       0.27402674953851253       0.88703022933651055     
  0.40000000596046448       0.32999998331069946       0.30595067346993449       0.27161159453307188       0.88776269538025032     
  0.40000000596046448       0.34000000357627869       0.30287083238667517       0.26919590932700987       0.88881424205064252     
  0.40000000596046448       0.34999999403953552       0.29968136677704588       0.26677688219109447       0.89020176683046370     
  0.40000000596046448       0.35999998450279236       0.29681132261652921       0.26435172137643653       0.89063893872394673     
  0.40000000596046448       0.37000000476837158       0.29383721965402598       0.26191741225059667       0.89136908033293816     
  0.40000000596046448       0.37999999523162842       0.29105299816667207       0.25976331068014757       0.89249488002660460     
  0.40000000596046448       0.38999998569488525       0.28777228783598391       0.25722173070410909       0.89383773760283980     
  0.40000000596046448       0.39999997615814209       0.28442341897193757       0.25453416987459843       0.89491284084350264     
  0.40000000596046448       0.40999999642372131       0.28101613922125357       0.25184556979106049       0.89619610634809088     
  0.40000000596046448       0.41999998688697815       0.27779812486593092       0.24915447212394276       0.89689040285706767     
  0.40000000596046448       0.42999997735023499       0.27461040074730547       0.24645966549734982       0.89748845938337285     
  0.40000000596046448       0.43999999761581421       0.27132160334982725       0.24376092784765355       0.89842063749476497     
  0.40000000596046448       0.44999998807907104       0.26798596228309957       0.24105769385290512       0.89951612315518414     
  0.40000000596046448       0.45999997854232788       0.26463502340057166       0.23861400407416913       0.90167205008607221     
  0.40000000596046448       0.46999999880790710       0.26126087833813394       0.23587628661765733       0.90283814445566213     
  0.40000000596046448       0.47999998927116394       0.25787619019260449       0.23305598571439895       0.90375146902989512     
  0.40000000596046448       0.48999997973442078       0.25447383366620352       0.23024410831199385       0.90478500282275742     
  0.40000000596046448       0.50000000000000000       0.25106556738838087       0.22743533065315230       0.90588021694478615     
  0.40000000596046448       0.50999999046325684       0.24764495159951355       0.22462344713999563       0.90703826461704806     
  0.40000000596046448       0.51999998092651367       0.24422296464598356       0.22178782521148052       0.90813665100239782     
  0.40000000596046448       0.52999997138977051       0.24079369425506703       0.21894160176944386       0.90924973117246266     
  0.40000000596046448       0.53999996185302734       0.23735646589330345       0.21608002464092954       0.91036081038576766     
  0.40000000596046448       0.55000001192092896       0.23393213630331283       0.21321800370356450       0.91145238560600883     
  0.40000000596046448       0.56000000238418579       0.23050691305058768       0.21035064794299796       0.91255678694909170     
  0.40000000596046448       0.56999999284744263       0.22709162597089844       0.20746374406901391       0.91356844701794593     
  0.40000000596046448       0.57999998331069946       0.22367993068861744       0.20460060111108938       0.91470254162369091     
  0.40000000596046448       0.58999997377395630       0.22028200124094446       0.20172732387583014       0.91576852733955683     
  0.40000000596046448       0.59999996423721313       0.21689189150107119       0.19886472735947736       0.91688410287341338     
  0.40000000596046448       0.61000001430511475       0.21351913507593998       0.19598031930808729       0.91785834200941829     
  0.40000000596046448       0.62000000476837158       0.21015196199395161       0.19311545427757726       0.91893243558266335     
  0.40000000596046448       0.62999999523162842       0.20680819100119904       0.19025638271302939       0.91996541235606233     
  0.40000000596046448       0.63999998569488525       0.20348726865383554       0.18741332934531862       0.92100764133867630     
  0.40000000596046448       0.64999997615814209       0.20018297009840008       0.18455609487403182       0.92193703981569031     
  0.40000000596046448       0.65999996662139893       0.19690447808809930       0.18172300682045905       0.92289930927397335     
  0.40000000596046448       0.66999995708465576       0.19363977028620194       0.17890956247387627       0.92392984255995425     
  0.40000000596046448       0.68000000715255737       0.19041574804887335       0.17610029643977063       0.92482002273557529     
  0.40000000596046448       0.68999999761581421       0.18720272110634148       0.17329192940377092       0.92569129540233308     
  0.40000000596046448       0.69999998807907104       0.18403218991034948       0.17053265461149739       0.92664579329611663     
  0.40000000596046448       0.70999997854232788       0.18087593096843779       0.16775565074616361       0.92746254213025381     
  0.40000000596046448       0.71999996900558472       0.17776375347909773       0.16499662682478913       0.92817924686873909     
  0.40000000596046448       0.72999995946884155       0.17466880510322266       0.16228830193551225       0.92912012445270920     
  0.40000000596046448       0.74000000953674316       0.17161929429014311       0.15956715020127879       0.92977395613520752     
  0.40000000596046448       0.75000000000000000       0.16858966113921026       0.15687873157952939       0.93053589715676133     
  0.40000000596046448       0.75999999046325684       0.16559356659866020       0.15421891256035797       0.93130980706593303     
  0.40000000596046448       0.76999998092651367       0.16264580150331884       0.15157394342882138       0.93192656698075582     
  0.40000000596046448       0.77999997138977051       0.15972803479255540       0.14894064395612058       0.93246401077653784     
  0.40000000596046448       0.78999996185302734       0.15684343283024449       0.14635893159197783       0.93315307469956810     
  0.40000000596046448       0.79999995231628418       0.15399080046774696       0.14377634080000171       0.93366837735294028     
  0.40000000596046448       0.81000000238418579       0.15118775498624804       0.14121745445982117       0.93405351824072158     
  0.40000000596046448       0.81999999284744263       0.14841043244704441       0.13869560222679164       0.93454078625019033     
  0.40000000596046448       0.82999998331069946       0.14567871417703684       0.13620690225095924       0.93498149692228250     
  0.40000000596046448       0.83999997377395630       0.14298279240758849       0.13373882689761174       0.93534910492148038     
  0.40000000596046448       0.84999996423721313       0.14032849367656311       0.13128829019830318       0.93557827607630217     
  0.40000000596046448       0.85999995470046997       0.13771074141953432       0.12888345777964502       0.93589981762572116     
  0.40000000596046448       0.87000000476837158       0.13513496595250621       0.12649936170171064       0.93609644853996865     
  0.40000000596046448       0.87999999523162842       0.13259628884843638       0.12413550817096100       0.93619142171357117     
  0.40000000596046448       0.88999998569488525       0.13009977814031023       0.12181449130619267       0.93631590343542292     
  0.40000000596046448       0.89999997615814209       0.12763681710480695       0.11951982841789177       0.93640558522976924     
  0.40000000596046448       0.90999996662139893       0.12521766346624760       0.11725265173704898       0.93639066958516126     
  0.40000000596046448       0.91999995708465576       0.12284073553953767       0.11501439045350226       0.93628868264537202     
  0.40000000596046448       0.93000000715255737       0.12050124774051449       0.11280847691345985       0.93616023923984482     
  0.40000000596046448       0.93999999761581421       0.11820373169232573       0.11063597395301303       0.93597699809502688     
  0.40000000596046448       0.94999998807907104       0.11594358714615896       0.10849056342808673       0.93571853431896224     
  0.40000000596046448       0.95999997854232788       0.11372498513635491       0.10637793737023427       0.93539636204558196     
  0.40000000596046448       0.96999996900558472       0.11154019810980692       0.10429898614270862       0.93507980001999269     
  0.40000000596046448       0.97999995946884155       0.10940305686489692       0.10224549295032537       0.93457619814581139     
  0.40000000596046448       0.98999994993209839       0.10729624770789058       0.10022927949972400       0.93413592405014856     
  0.40000000596046448        1.0000000000000000       0.10523598915032309        9.8242368859135329E-002  0.93354345459519739     
