 pt up dp u1 d1 u2 d2
   0.0000000000000000        0.0000000000000000        0.0000000000000000        0.0000000000000000        0.0000000000000000        0.0000000000000000        0.0000000000000000     
   9.9999997764825821E-003   4.0358529611480343        2.6516736345339296        3.0423506778240132        1.8435970941875153        2.8462514281929105        1.7107652726883107     
   1.9999999552965164E-002   4.0287109073750145        2.6469810959631093        3.0379079431649405        1.8409048954323173        2.8422501871107784        1.7083602903936446     
   2.9999999329447746E-002   4.0153943277470097        2.6382317130094473        3.0292426001725028        1.8356538895974401        2.8343644736417106        1.7036205106891469     
   3.9999999105930328E-002   3.9967791749785637        2.6260010122693336        3.0165666831043345        1.8279725647444647        2.8227012793018891        1.6966102417973890     
   4.9999997019767761E-002   3.9732338835782630        2.6105310660089924        3.0012769322069159        1.8187073145118742        2.8088137011513763        1.6882629868127066     
   5.9999998658895493E-002   3.9446513648919552        2.5917515138452543        2.9827142524524439        1.8074587419179502        2.7919025678716434        1.6780983965554284     
   7.0000000298023224E-002   3.9110972772701844        2.5697054952380296        2.9608824527860627        1.7942291550990461        2.7720537794803604        1.6661681020113865     
   7.9999998211860657E-002   3.8727143380071269        2.5444867796308044        2.9358675284428193        1.7790706652620007        2.7492999089970627        1.6524916814898210     
   8.9999996125698090E-002   3.8296406793125453        2.5161861239322780        2.9077881754329100        1.7620551995587632        2.7237080349598566        1.6371094531553181     
   9.9999994039535522E-002   3.7820131046398302        2.4848934120192769        2.8766578366178188        1.7431909040655080        2.6953885165934728        1.6200877494222683     
  0.10999999940395355        3.7300627376002429        2.4507604988756690        2.8426555964961189        1.7225863000199724        2.6644157797140329        1.6014713046034430     
  0.11999999731779099        3.6739004038371146        2.4138602001960039        2.8058418670740899        1.7002779957592682        2.6308646730547309        1.5813051072097584     
  0.12999999523162842        3.6137722601500020        2.3743542482092801        2.7663282172020605        1.6763335995343995        2.5948608192022027        1.5596646638379095     
  0.14000000059604645        3.5498086221747553        2.3323282641061369        2.7241885178364345        1.6507978755080133        2.5564614450472454        1.5365843712303893     
  0.14999999105930328        3.4823195357539887        2.2879859570886314        2.6796419677143315        1.6238036532574973        2.5158341941034195        1.5121649930436851     
  0.15999999642372131        3.4115155605430574        2.2414656710191392        2.6327707003472232        1.5954007038707778        2.4730280669016054        1.4864359814919419     
  0.17000000178813934        3.3376135567464922        2.1929098894054229        2.5837110912961774        1.5656716679158655        2.4282437001522572        1.4595179310923085     
  0.17999999225139618        3.2608162434381693        2.1424518046181142        2.5325832414283229        1.5346893238568788        2.3815448702211963        1.4314491752087295     
  0.18999999761581421        3.1814421830002146        2.0903007214752427        2.4795762428947499        1.5025682573472188        2.3331041170219047        1.4023334205233375     
  0.19999998807907104        3.0997320940470958        2.0366147991588921        2.4248163029571779        1.4693849471908114        2.2830010314025189        1.3722185058383067     
  0.20999999344348907        3.0158912899347001        1.9815289345589784        2.3684541861637363        1.4352307533629765        2.2314333020100521        1.3412232537104820     
  0.21999999880790710        2.9302500072153363        1.9252601027653633        2.3106141538034310        1.4001809754512997        2.1785055721495805        1.3094105609488274     
  0.22999998927116394        2.8430176254570489        1.8679458722884799        2.2515101088638736        1.3643652339263175        2.1243397615022728        1.2768537084850735     
  0.23999999463558197        2.7544764577993495        1.8097717311319634        2.1912666191068713        1.3278590140913442        2.0691082074467424        1.2436562812659324     
  0.25000000000000000        2.6648399503980262        1.7508779196735356        2.1300389813802947        1.2907564223949082        2.0129086423899976        1.2098770222423163     
  0.25999999046325684        2.5744206361312978        1.6914697811705113        2.0679818138375206        1.2531511540117131        1.9559297043413015        1.1756293140030423     
  0.26999998092651367        2.4834249766578793        1.6316829669814104        2.0052336850996650        1.2151271784555633        1.8982838753347140        1.1409807648963284     
  0.28000000119209290        2.3921165194838139        1.5716906355388967        1.9419756156839940        1.1767941901486232        1.8401073687613063        1.1060132472180679     
  0.28999999165534973        2.3006959189705571        1.5116246226370535        1.8783418152817970        1.1382335171898079        1.7815008113409121        1.0707872435721850     
  0.29999998211860657        2.2094184981478935        1.4516526829866894        1.8144568590276240        1.0995206493501521        1.7226656908969047        1.0354238600449794     
  0.31000000238418579        2.1185502013514981        1.3919495498077570        1.7505063684150448        1.0607680691415020        1.6636955845417811       0.99997934200985450     
  0.31999999284744263        2.0282183093513071        1.3325988502950736        1.6866073130443113        1.0220466575496379        1.6047167063917001       0.96452955160769982     
  0.32999998331069946        1.9386827846017545        1.2737713873973640        1.6228624284797246       0.98341867004996975        1.5458209587682632       0.92912972756363710     
  0.34000000357627869        1.8500631030935384        1.2155456603408252        1.5594881278140438       0.94501524818113325        1.4872013226057288       0.89389586282099931     
  0.34999999403953552        1.7626436494452884        1.1581085181515602        1.4965350903553956       0.90686710248083191        1.4288929684334273       0.85884909694588607     
  0.35999998450279236        1.6765416442890058        1.1015369782190259        1.4341134423106792       0.86904096699011768        1.3710546208818748       0.82408483281912392     
  0.37000000476837158        1.5918970354344995        1.0459229903543434        1.3723784551946505       0.83163093280621658        1.3137828618672482       0.78966112187865922     
  0.37999999523162842        1.5088926295749805       0.99138666391066943        1.3114301956114778       0.79469763807383820        1.2571433772306975       0.75561744519592400     
  0.38999998569488525        1.4276440924332965       0.93800399465659168        1.2513498800948377       0.75829029821268579        1.2012678962277379       0.72203297983640768     
  0.39999997615814209        1.3482301829274037       0.88582672950862207        1.1922266379284325       0.72246292359363318        1.1462151554263749       0.68894302994779932     
  0.40999999642372131        1.2708477883663083       0.83498422919701831        1.1341852710866156       0.68729114144760595        1.0921025525177961       0.65641815847868179     
  0.41999998688697815        1.1955349227138268       0.78550147000970760        1.0772607799616516       0.65279616123672934        1.0389756707772795       0.62448576367067987     
  0.42999997735023499        1.1224085812355846       0.73745532126383717        1.0215848416860540       0.61905777638542381       0.98689961333581122       0.59318497635198875     
  0.43999999761581421        1.0515259852739103       0.69088337905774000       0.96715355966821170       0.58607362564552057       0.93597152380506610       0.56257418557273742     
  0.44999998807907104       0.98291130104167190       0.64580152130127100       0.91409636232013347       0.55392213976664328       0.88620860735066875       0.53266373265399325     
  0.45999997854232788       0.91669192823597745       0.60229345332788209       0.86239931995419927       0.52259487766676826       0.83769500293086796       0.50350419008082414     
  0.46999999880790710       0.85285414393899228       0.56035015877851191       0.81214298276298336       0.49214065097765441       0.79047112218859883       0.47511984763826570     
  0.47999998927116394       0.79145505051954634       0.52000915558242022       0.76339897356181030       0.46260286153827035       0.74455119295263195       0.44751925709202822     
  0.48999997973442078       0.73114810898461147       0.48038572817140845       0.71613785865089241       0.43396367317877821       0.69998853728916888       0.42073446815431226     
  0.50000000000000000       0.67461796491383907       0.44324376734381865       0.67041884668173468       0.40625896502996328       0.65684021813065718       0.39479977901895374     
  0.50999999046325684       0.62058436079009316       0.40774210640297437       0.62626360547639803       0.37950186731184937       0.61507159925871691       0.36969437127230348     
  0.51999998092651367       0.56894910875921134       0.37381623305206424       0.58371608360225347       0.35371901188239063       0.57472955264886616       0.34544641774097223     
  0.52999997138977051       0.51976571161775476       0.34150130019590974       0.54274578546993579       0.32889191909019444       0.53585362902307787       0.32207969074563203     
  0.53999996185302734       0.47298193626247659       0.31076298915539513       0.50337897831047762       0.30503650629520201       0.49839701349594168       0.29956605177419848     
  0.55000001192092896       0.42855563267377100       0.28157360613276389       0.46557674968518681       0.28212919342184062       0.46238994932734345       0.27792367881271818     
  0.56000000238418579       0.38646840424725210       0.25392106401996567       0.42936218089971290       0.26018396722986642       0.42785683025919047       0.25716723394132618     
  0.56999999284744263       0.34664107021301827       0.22775333873140280       0.39472494120565654       0.23919456751467275       0.39474012503113282       0.23726213747344771     
  0.57999998331069946       0.30907321355933887       0.20307015627815184       0.36167604742191167       0.21916767022438327       0.36305603959886945       0.21821813014595037     
  0.58999997377395630       0.27366168427231752       0.17980374407907840       0.33014581130823295       0.20006104582965706       0.33281504148909125       0.20004150356082526     
  0.59999996423721313       0.24040999471877700       0.15795640986208853       0.30016255435011274       0.18189185652311593       0.30395160318499626       0.18269287180892915     
  0.61000001430511475       0.20920246926562380       0.13745215134727048       0.27165111992035729       0.16461455905410421       0.27646975471729202       0.16617465717682248     
  0.62000000476837158       0.17996600721799597       0.11824293923645716       0.24460822330922150       0.14822716296130334       0.25034657381581782       0.15047308202582801     
  0.62999999523162842       0.15267815020346126       0.10031401772099378       0.21902566879212645       0.13272470181723059       0.22557827579241269       0.13558587153475096     
  0.63999998569488525       0.12722376842167066        8.3589743149074081E-002  0.19482236451719517       0.11805803575659295       0.20209137668482616       0.12146885750064519     
  0.64999997615814209       0.10358875259234837        6.8060845310194851E-002  0.17198597232727098       0.10421968812955892       0.17987801232223957       0.10811731309221151     
  0.65999996662139893        8.1651249429180936E-002   5.3647263025292151E-002  0.15050056669000403        9.1200008416424838E-002  0.15890563488031978        9.5511675144011141E-002
  0.66999995708465576        6.1330404804837160E-002   4.0295872763912360E-002  0.13028173537710094        7.8947844677366305E-002  0.13916104454825523        8.3644009789865220E-002
  0.68000000715255737        4.2594189099789875E-002   2.7985630127648931E-002  0.11131076045068238        6.7451854256806096E-002  0.12057864694901922        7.2474890933685115E-002
  0.68999999761581421        2.5327498688503054E-002   1.6640908662314536E-002   9.3579762736471589E-002   5.6707262549730186E-002  0.10310518338024045        6.1972306948674859E-002
  0.69999998807907104        9.5104141365048335E-003   6.2486207158783695E-003   7.6976541845288002E-002   4.6646078606585248E-002   8.6772706084376830E-002   5.2155523126286581E-002
  0.70999997854232788       -4.9758340209841018E-003  -3.2692687296286653E-003   6.1491882496461710E-002   3.7262718171489718E-002   7.1464997637400288E-002   4.2954685928234905E-002
  0.71999996900558472       -1.8209936057625976E-002  -1.1964461489404714E-002   4.7101888574850266E-002   2.8542700728190526E-002   5.7175431374354935E-002   3.4365812337359879E-002
  0.72999995946884155       -3.0242294948900704E-002  -1.9870073795004502E-002   3.3721254761806964E-002   2.0434333143899461E-002   4.3883417230216520E-002   2.6376526508064286E-002
  0.74000000953674316       -4.1091801167707782E-002  -2.6998517240560179E-002   2.1325838687163656E-002   1.2922985677274781E-002   3.1510403306333090E-002   1.8939614108196737E-002
  0.75000000000000000       -5.0927027155251312E-002  -3.3460548858638181E-002   9.8905776568704133E-003   5.9934708910952443E-003   2.0035986056808154E-002   1.2042811401175801E-002
  0.75999999046325684       -5.9743877330413010E-002  -3.9253477732454654E-002  -6.6746946634755082E-004  -4.0447170590382129E-004   9.4383093192465430E-003   5.6729815420801044E-003
  0.76999998092651367       -6.7643859880609183E-002  -4.4443997715044384E-002  -1.0372524792920442E-002  -6.2855201758967990E-003  -3.5869187443424096E-004  -2.1559500903514507E-004
  0.77999997138977051       -7.4639677408873922E-002  -4.9040454788751311E-002  -1.9249092908406543E-002  -1.1664523754725655E-002  -9.3758516572421090E-003  -5.6354407970453857E-003
  0.78999996185302734       -8.0832508710982562E-002  -5.3109326386651848E-002  -2.7376759488019039E-002  -1.6589709598001094E-002  -1.7651861887589514E-002  -1.0609811914877578E-002
  0.79999995231628418       -8.6285491958659297E-002  -5.6692096137338388E-002  -3.4778141741841767E-002  -2.1074783233851091E-002  -2.5207700740663856E-002  -1.5151317485267558E-002
  0.81000000238418579       -9.1035198290797592E-002  -5.9812792350494720E-002  -4.1493915581775037E-002  -2.5144393363534443E-002  -3.2115158700142747E-002  -1.9303107830484455E-002
  0.81999999284744263       -9.5116133943707465E-002  -6.2494086634311330E-002  -4.7546297644711605E-002  -2.8812002776701508E-002  -3.8393310100616092E-002  -2.3076647752580653E-002
  0.82999998331069946       -9.8585286254390184E-002  -6.4773421338765555E-002  -5.3008415636595266E-002  -3.2121925242690384E-002  -4.4077799960900090E-002  -2.6493362013870279E-002
  0.83999997377395630      -0.10152883422064454       -6.6707418590212175E-002  -5.7873081205711274E-002  -3.5069804779651131E-002  -4.9187176849531715E-002  -2.9564399399944385E-002
  0.84999996423721313      -0.10394637667278168       -6.8295814808412139E-002  -6.2257135248689553E-002  -3.7726444381821038E-002  -5.3787447340486037E-002  -3.2329433761611466E-002
  0.85999995470046997      -0.10591463323068957       -6.9589017031299313E-002  -6.6072078383009852E-002  -4.0038215384483343E-002  -5.7894799940483917E-002  -3.4798195347872200E-002
  0.87000000476837158      -0.10741317982123046       -7.0573606044455020E-002  -6.9463616584175436E-002  -4.2093412380040343E-002  -6.1540653190932666E-002  -3.6989568558406079E-002
  0.87999999523162842      -0.10856717480207910       -7.1331814555656584E-002  -7.2420732213039490E-002  -4.3885358923313050E-002  -6.4740123229637445E-002  -3.8912639085136681E-002
  0.88999998569488525      -0.10936825699810028       -7.1858149027881693E-002  -7.4958745873083168E-002  -4.5423338960516285E-002  -6.7552709037898784E-002  -4.0603169331188946E-002
  0.89999997615814209      -0.10983361013310008       -7.2163899671105383E-002  -7.7138150019607180E-002  -4.6744009579087357E-002  -6.9990960096675464E-002  -4.2068702276076710E-002
  0.90999996662139893      -0.11000128936185788       -7.2274069836925678E-002  -7.8971296533568672E-002  -4.7854855745176415E-002  -7.2081549249981822E-002  -4.3325269874957474E-002
  0.91999995708465576      -0.10991982441769939       -7.2220544981921417E-002  -8.0484717313475534E-002  -4.8771955201349242E-002  -7.3835793525674265E-002  -4.4379674330214003E-002
  0.93000000715255737      -0.10962190236582470       -7.2024801465567417E-002  -8.2589019020586588E-002  -5.0047115405858669E-002  -7.5306504376611710E-002  -4.5263658445260049E-002
  0.93999999761581421      -0.10911692900678595       -7.1693019174390055E-002  -8.3530233394781966E-002  -5.0617470459903620E-002  -7.6502397837512948E-002  -4.5982461071928819E-002
  0.94999998807907104      -0.10842796690260290       -7.1240350887303697E-002  -8.4223556717786419E-002  -5.1037609030036547E-002  -7.7445355911514149E-002  -4.6549234586954029E-002
  0.95999997854232788      -0.10753696839364826       -7.0654938763188069E-002  -8.4690362603959929E-002  -5.1320483052933408E-002  -7.8142620954957331E-002  -4.6968332074395408E-002
  0.96999996900558472      -0.10654350546033985       -7.0002204510354618E-002  -8.4937991823139145E-002  -5.1470540872448477E-002  -7.8640860163589218E-002  -4.7267803276122754E-002
  0.97999995946884155      -0.10541120000420608       -6.9258246652332170E-002  -8.5011055201880764E-002  -5.1514815660927471E-002  -7.8923860327797218E-002  -4.7437903095238008E-002
  0.98999994993209839      -0.10418605664139323       -6.8453291569734065E-002  -8.4914373766600548E-002  -5.1456228853547413E-002  -7.9858220378672420E-002  -4.7999508690369640E-002
   1.0000000000000000      -0.10286864608062299       -6.7587714234910307E-002  -8.4664544278122644E-002  -5.1304837719593731E-002  -7.9837158561182175E-002  -4.7986849293668039E-002
