 gamma g3f pt DY-RATIO error R_dy tmp element 
   3.3535353535353534        0.0000000000000000       0.25000000000000000       0.91100000000000003        2.1999999999999999E-002  0.93546521296536311        1.2366666228110950      W
   3.3535353535353534        5.0505050505050509E-003  0.25000000000000000       0.91100000000000003        2.1999999999999999E-002  0.93529893875955727        1.2199141009105647      W
   3.3535353535353534        1.0101010101010102E-002  0.25000000000000000       0.91100000000000003        2.1999999999999999E-002  0.93513275312312083        1.2032846555816048      W
   3.3535353535353534        1.5151515151515152E-002  0.25000000000000000       0.91100000000000003        2.1999999999999999E-002  0.93496665598042539        1.1867780968678894      W
   3.3535353535353534        2.0202020202020204E-002  0.25000000000000000       0.91100000000000003        2.1999999999999999E-002  0.93480064725593137        1.1703942351265952      W
   3.3535353535353534        2.5252525252525252E-002  0.25000000000000000       0.91100000000000003        2.1999999999999999E-002  0.93463472687418636        1.1541328810276561      W
   3.3535353535353534        3.0303030303030304E-002  0.25000000000000000       0.91100000000000003        2.1999999999999999E-002  0.93446889475982908        1.1379938455535776      W
   3.3535353535353534        3.5353535353535352E-002  0.25000000000000000       0.91100000000000003        2.1999999999999999E-002  0.93430315083758475        1.1219769399983996      W
   3.3535353535353534        4.0404040404040407E-002  0.25000000000000000       0.91100000000000003        2.1999999999999999E-002  0.93413749503226773        1.1060819759673808      W
   3.3535353535353534        4.5454545454545456E-002  0.25000000000000000       0.91100000000000003        2.1999999999999999E-002  0.93397192726878009        1.0903087653762826      W
   3.3535353535353534        5.0505050505050504E-002  0.25000000000000000       0.91100000000000003        2.1999999999999999E-002  0.93380644747211361        1.0746571204509832      W
   3.3535353535353534        5.5555555555555552E-002  0.25000000000000000       0.91100000000000003        2.1999999999999999E-002  0.93364105556734522        1.0591268537264726      W
   3.3535353535353534        6.0606060606060608E-002  0.25000000000000000       0.91100000000000003        2.1999999999999999E-002  0.93347575147964235        1.0437177780467846      W
   3.3535353535353534        6.5656565656565663E-002  0.25000000000000000       0.91100000000000003        2.1999999999999999E-002  0.93331053513425810        1.0284297065639747      W
   3.3535353535353534        7.0707070707070704E-002  0.25000000000000000       0.91100000000000003        2.1999999999999999E-002  0.93314540645653410        1.0132624527378116      W
   3.3535353535353534        7.5757575757575760E-002  0.25000000000000000       0.91100000000000003        2.1999999999999999E-002  0.93298036537189921       0.99821583033509220      W
   3.3535353535353534        8.0808080808080815E-002  0.25000000000000000       0.91100000000000003        2.1999999999999999E-002  0.93281541180587013       0.98328965342912522      W
   3.3535353535353534        8.5858585858585856E-002  0.25000000000000000       0.91100000000000003        2.1999999999999999E-002  0.93265054568404970       0.96848373639901220      W
   3.3535353535353534        9.0909090909090912E-002  0.25000000000000000       0.91100000000000003        2.1999999999999999E-002  0.93248576693212826       0.95379789392920400      W
   3.3535353535353534        9.5959595959595953E-002  0.25000000000000000       0.91100000000000003        2.1999999999999999E-002  0.93232107547588283       0.93923194100886576      W
   3.3535353535353534       0.10101010101010101       0.25000000000000000       0.91100000000000003        2.1999999999999999E-002  0.93215647124117795       0.92478569293138113      W
   3.3535353535353534       0.10606060606060606       0.25000000000000000       0.91100000000000003        2.1999999999999999E-002  0.93199195415396374       0.91045896529362469      W
   3.3535353535353534       0.11111111111111110       0.25000000000000000       0.91100000000000003        2.1999999999999999E-002  0.93182752414027836       0.89625157399561295      W
   3.3535353535353534       0.11616161616161616       0.25000000000000000       0.91100000000000003        2.1999999999999999E-002  0.93166318112624380       0.88216333523958002      W
   3.3535353535353534       0.12121212121212122       0.25000000000000000       0.91100000000000003        2.1999999999999999E-002  0.93149892503807097       0.86819406552985867      W
   3.3535353535353534       0.12626262626262627       0.25000000000000000       0.91100000000000003        2.1999999999999999E-002  0.93133475580205494       0.85434358167191249      W
   3.3535353535353534       0.13131313131313133       0.25000000000000000       0.91100000000000003        2.1999999999999999E-002  0.93117067334457826       0.84061170077206337      W
   3.3535353535353534       0.13636363636363635       0.25000000000000000       0.91100000000000003        2.1999999999999999E-002  0.93100667759210864       0.82699824023673740      W
   3.3535353535353534       0.14141414141414141       0.25000000000000000       0.91100000000000003        2.1999999999999999E-002  0.93084276847119873       0.81350301777189526      W
   3.3535353535353534       0.14646464646464646       0.25000000000000000       0.91100000000000003        2.1999999999999999E-002  0.93067894590848876       0.80012585138269710      W
   3.3535353535353534       0.15151515151515152       0.25000000000000000       0.91100000000000003        2.1999999999999999E-002  0.93051520983070268       0.78686655937263106      W
   3.3535353535353534       0.15656565656565657       0.25000000000000000       0.91100000000000003        2.1999999999999999E-002  0.93035156016465104       0.77372496034319760      W
   3.3535353535353534       0.16161616161616163       0.25000000000000000       0.91100000000000003        2.1999999999999999E-002  0.93018799683722797       0.76070087319311863      W
   3.3535353535353534       0.16666666666666666       0.25000000000000000       0.91100000000000003        2.1999999999999999E-002  0.93002451977541412       0.74779411711801980      W
   3.3535353535353534       0.17171717171717171       0.25000000000000000       0.91100000000000003        2.1999999999999999E-002  0.92986112890627559       0.73500451160980063      W
   3.3535353535353534       0.17676767676767677       0.25000000000000000       0.91100000000000003        2.1999999999999999E-002  0.92969782415696134       0.72233187645587982      W
   3.3535353535353534       0.18181818181818182       0.25000000000000000       0.91100000000000003        2.1999999999999999E-002  0.92953460545470723       0.70977603173897075      W
   3.3535353535353534       0.18686868686868688       0.25000000000000000       0.91100000000000003        2.1999999999999999E-002  0.92937147272683152       0.69733679783618396      W
   3.3535353535353534       0.19191919191919191       0.25000000000000000       0.91100000000000003        2.1999999999999999E-002  0.92920842590073960       0.68501399541885033      W
   3.3535353535353534       0.19696969696969696       0.25000000000000000       0.91100000000000003        2.1999999999999999E-002  0.92904546490391837       0.67280744545154669      W
   3.3535353535353534       0.20202020202020202       0.25000000000000000       0.91100000000000003        2.1999999999999999E-002  0.92888258966394099       0.66071696919191769      W
   3.3535353535353534       0.20707070707070707       0.25000000000000000       0.91100000000000003        2.1999999999999999E-002  0.92871980010846422       0.64874238818993302      W
   3.3535353535353534       0.21212121212121213       0.25000000000000000       0.91100000000000003        2.1999999999999999E-002  0.92855709616522752       0.63688352428728501      W
   3.3535353535353534       0.21717171717171718       0.25000000000000000       0.91100000000000003        2.1999999999999999E-002  0.92839447776205675       0.62514019961711909      W
   3.3535353535353534       0.22222222222222221       0.25000000000000000       0.91100000000000003        2.1999999999999999E-002  0.92823194482685967       0.61351223660317056      W
   3.3535353535353534       0.22727272727272727       0.25000000000000000       0.91100000000000003        2.1999999999999999E-002  0.92806949728762778       0.60199945795936149      W
   3.3535353535353534       0.23232323232323232       0.25000000000000000       0.91100000000000003        2.1999999999999999E-002  0.92790713507243594       0.59060168668924051      W
   3.3535353535353534       0.23737373737373738       0.25000000000000000       0.91100000000000003        2.1999999999999999E-002  0.92774485810944363       0.57931874608553502      W
   3.3535353535353534       0.24242424242424243       0.25000000000000000       0.91100000000000003        2.1999999999999999E-002  0.92758266632689224       0.56815045972943101      W
   3.3535353535353534       0.24747474747474749       0.25000000000000000       0.91100000000000003        2.1999999999999999E-002  0.92742055965310677       0.55709665149015875      W
   3.3535353535353534       0.25252525252525254       0.25000000000000000       0.91100000000000003        2.1999999999999999E-002  0.92725853801649494       0.54615714552440109      W
   3.3535353535353534       0.25757575757575757       0.25000000000000000       0.91100000000000003        2.1999999999999999E-002  0.92709660134554783       0.53533176627580847      W
   3.3535353535353534       0.26262626262626265       0.25000000000000000       0.91100000000000003        2.1999999999999999E-002  0.92693474956883937       0.52462033847443257      W
   3.3535353535353534       0.26767676767676768       0.25000000000000000       0.91100000000000003        2.1999999999999999E-002  0.92677298261502516       0.51402268713612631      W
   3.3535353535353534       0.27272727272727271       0.25000000000000000       0.91100000000000003        2.1999999999999999E-002  0.92661130041284401       0.50353863756211259      W
   3.3535353535353534       0.27777777777777779       0.25000000000000000       0.91100000000000003        2.1999999999999999E-002  0.92644970289111761       0.49316801533844395      W
   3.3535353535353534       0.28282828282828282       0.25000000000000000       0.91100000000000003        2.1999999999999999E-002  0.92628818997874829       0.48291064633532776      W
   3.3535353535353534       0.28787878787878790       0.25000000000000000       0.91100000000000003        2.1999999999999999E-002  0.92612676160472196       0.47276635670679656      W
   3.3535353535353534       0.29292929292929293       0.25000000000000000       0.91100000000000003        2.1999999999999999E-002  0.92596541769810681       0.46273497289009818      W
   3.3535353535353534       0.29797979797979796       0.25000000000000000       0.91100000000000003        2.1999999999999999E-002  0.92580415818805106       0.45281632160503804      W
   3.3535353535353534       0.30303030303030304       0.25000000000000000       0.91100000000000003        2.1999999999999999E-002  0.92564298300378667       0.44301022985368660      W
   3.3535353535353534       0.30808080808080807       0.25000000000000000       0.91100000000000003        2.1999999999999999E-002  0.92548189207462672       0.43331652491970113      W
   3.3535353535353534       0.31313131313131315       0.25000000000000000       0.91100000000000003        2.1999999999999999E-002  0.92532088532996437       0.42373503436774346      W
   3.3535353535353534       0.31818181818181818       0.25000000000000000       0.91100000000000003        2.1999999999999999E-002  0.92515996269927681       0.41426558604320168      W
   3.3535353535353534       0.32323232323232326       0.25000000000000000       0.91100000000000003        2.1999999999999999E-002  0.92499912411212015       0.40490800807136973      W
   3.3535353535353534       0.32828282828282829       0.25000000000000000       0.91100000000000003        2.1999999999999999E-002  0.92483836949813314       0.39566212885715035      W
   3.3535353535353534       0.33333333333333331       0.25000000000000000       0.91100000000000003        2.1999999999999999E-002  0.92467769878703565       0.38652777708445385      W
   3.3535353535353534       0.33838383838383840       0.25000000000000000       0.91100000000000003        2.1999999999999999E-002  0.92451711190862662       0.37750478171556767      W
   3.3535353535353534       0.34343434343434343       0.25000000000000000       0.91100000000000003        2.1999999999999999E-002  0.92435660879278803       0.36859297199087099      W
   3.3535353535353534       0.34848484848484851       0.25000000000000000       0.91100000000000003        2.1999999999999999E-002  0.92419618936948189       0.35979217742815300      W
   3.3535353535353534       0.35353535353535354       0.25000000000000000       0.91100000000000003        2.1999999999999999E-002  0.92403585356874973       0.35110222782207501      W
   3.3535353535353534       0.35858585858585856       0.25000000000000000       0.91100000000000003        2.1999999999999999E-002  0.92387560132071533       0.34252295324381332      W
   3.3535353535353534       0.36363636363636365       0.25000000000000000       0.91100000000000003        2.1999999999999999E-002  0.92371543255558153       0.33405418404037557      W
   3.3535353535353534       0.36868686868686867       0.25000000000000000       0.91100000000000003        2.1999999999999999E-002  0.92355534720363175       0.32569575083417934      W
   3.3535353535353534       0.37373737373737376       0.25000000000000000       0.91100000000000003        2.1999999999999999E-002  0.92339534519522959       0.31744748452252169      W
   3.3535353535353534       0.37878787878787878       0.25000000000000000       0.91100000000000003        2.1999999999999999E-002  0.92323542646081824       0.30930921627704638      W
   3.3535353535353534       0.38383838383838381       0.25000000000000000       0.91100000000000003        2.1999999999999999E-002  0.92307559093092173       0.30128077754330246      W
   3.3535353535353534       0.38888888888888890       0.25000000000000000       0.91100000000000003        2.1999999999999999E-002  0.92291583853614312       0.29336200004015006      W
   3.3535353535353534       0.39393939393939392       0.25000000000000000       0.91100000000000003        2.1999999999999999E-002  0.92275616920716530       0.28555271575929930      W
   3.3535353535353534       0.39898989898989901       0.25000000000000000       0.91100000000000003        2.1999999999999999E-002  0.92259658287475033       0.27785275696477646      W
   3.3535353535353534       0.40404040404040403       0.25000000000000000       0.91100000000000003        2.1999999999999999E-002  0.92243707946974018       0.27026195619246218      W
   3.3535353535353534       0.40909090909090912       0.25000000000000000       0.91100000000000003        2.1999999999999999E-002  0.92227765892305646       0.26278014624957519      W
   3.3535353535353534       0.41414141414141414       0.25000000000000000       0.91100000000000003        2.1999999999999999E-002  0.92211832116569903       0.25540716021411225      W
   3.3535353535353534       0.41919191919191917       0.25000000000000000       0.91100000000000003        2.1999999999999999E-002  0.92195906612874667       0.24814283143438412      W
   3.3535353535353534       0.42424242424242425       0.25000000000000000       0.91100000000000003        2.1999999999999999E-002  0.92179989374335891       0.24098699352859976      W
   3.3535353535353534       0.42929292929292928       0.25000000000000000       0.91100000000000003        2.1999999999999999E-002  0.92164080394077219       0.23393948038419898      W
   3.3535353535353534       0.43434343434343436       0.25000000000000000       0.91100000000000003        2.1999999999999999E-002  0.92148179665230245       0.22700012615747575      W
   3.3535353535353534       0.43939393939393939       0.25000000000000000       0.91100000000000003        2.1999999999999999E-002  0.92132287180934402       0.22016876527303494      W
   3.3535353535353534       0.44444444444444442       0.25000000000000000       0.91100000000000003        2.1999999999999999E-002  0.92116402934337049       0.21344523242333840      W
   3.3535353535353534       0.44949494949494950       0.25000000000000000       0.91100000000000003        2.1999999999999999E-002  0.92100526918593284       0.20682936256813339      W
   3.3535353535353534       0.45454545454545453       0.25000000000000000       0.91100000000000003        2.1999999999999999E-002  0.92084659126866031       0.20032099093400166      W
   3.3535353535353534       0.45959595959595961       0.25000000000000000       0.91100000000000003        2.1999999999999999E-002  0.92068799552326164       0.19391995301391926      W
   3.3535353535353534       0.46464646464646464       0.25000000000000000       0.91100000000000003        2.1999999999999999E-002  0.92052948188152151       0.18762608456662408      W
   3.3535353535353534       0.46969696969696972       0.25000000000000000       0.91100000000000003        2.1999999999999999E-002  0.92037105027530464       0.18143922161629444      W
   3.3535353535353534       0.47474747474747475       0.25000000000000000       0.91100000000000003        2.1999999999999999E-002  0.92021270063655181       0.17535920045190384      W
   3.3535353535353534       0.47979797979797978       0.25000000000000000       0.91100000000000003        2.1999999999999999E-002  0.92005443289728306       0.16938585762686181      W
   3.3535353535353534       0.48484848484848486       0.25000000000000000       0.91100000000000003        2.1999999999999999E-002  0.91989624698959427       0.16351902995839776      W
   3.3535353535353534       0.48989898989898989       0.25000000000000000       0.91100000000000003        2.1999999999999999E-002  0.91973814284566102       0.15775855452722387      W
   3.3535353535353534       0.49494949494949497       0.25000000000000000       0.91100000000000003        2.1999999999999999E-002  0.91958012039773407       0.15210426867688367      W
   3.3535353535353534       0.50000000000000000       0.25000000000000000       0.91100000000000003        2.1999999999999999E-002  0.91942217957814276       0.14655601001339766      W
