 pt up dp u1 d1 u2 d2
   0.0000000000000000        0.0000000000000000        0.0000000000000000        0.0000000000000000        0.0000000000000000        0.0000000000000000        0.0000000000000000     
   9.9999997764825821E-003   4.0358529611480343        2.6516736345339296        3.0399313008746707        1.8421310053680824        2.8435967195926151        1.7091696359720638     
   1.9999999552965164E-002   4.0287109073750145        2.6469810959631093        3.0354961696347416        1.8394434141163984        2.8396035789567553        1.7067695225242057     
   2.9999999329447746E-002   4.0153943277470097        2.6382317130094473        3.0268435412461603        1.8342001130497110        2.8317314204909980        1.7020378901775628     
   3.9999999105930328E-002   3.9967791749785637        2.6260010122693336        3.0141853767329385        1.8265295458516477        2.8200871641803440        1.6950390041602457     
   4.9999997019767761E-002   3.9732338835782630        2.6105310660089924        2.9989182526377482        1.8172780069598116        2.8062237135978485        1.6867062512694651     
   5.9999998658895493E-002   3.9446513648919552        2.5917515138452543        2.9803577768634932        1.8060307699290601        2.7893418490794279        1.6765592532670162     
   7.0000000298023224E-002   3.9110972772701844        2.5697054952380296        2.9585833405108493        1.7928359440071460        2.7695273375075331        1.6646495611165935     
   7.9999998211860657E-002   3.8727143380071269        2.5444867796308044        2.9336050850022515        1.7776996746713376        2.7468126009789802        1.6509966624139696     
   8.9999996125698090E-002   3.8296406793125453        2.5161861239322780        2.9055667721096072        1.7607090783697392        2.7212645447249546        1.6356407711560339     
   9.9999994039535522E-002   3.7820131046398302        2.4848934120192769        2.8744816626701351        1.7418721908758557        2.6929933327976299        1.6186481024469359     
  0.10999999940395355        3.7300627376002429        2.4507604988756690        2.8405286330998831        1.7212974073340233        2.6620731803032704        1.6000632639503742     
  0.11999999731779099        3.6739004038371146        2.4138602001960039        2.8037678778803126        1.6990212042661335        2.6285787085877423        1.5799311075040445     
  0.12999999523162842        3.6137722601500020        2.3743542482092801        2.7643107313087389        1.6751110477892626        2.5926060879106494        1.5583094371159751     
  0.14000000059604645        3.5498086221747553        2.3323282641061369        2.7222308190122559        1.6496115534019333        2.5542999104617881        1.5352851612351346     
  0.14999999105930328        3.4823195357539887        2.2879859570886314        2.6777470749887216        1.6226553902554073        2.5137399255555590        1.5109062139112879     
  0.15999999642372131        3.4115155605430574        2.2414656710191392        2.6309413661297949        1.5942921678719100        2.4710040639346555        1.4852194361251556     
  0.17000000178813934        3.3376135567464922        2.1929098894054229        2.5819497901515414        1.5646043584515392        2.4262926671459097        1.4583452449831114     
  0.17999999225139618        3.2608162434381693        2.1424518046181142        2.5308921646615969        1.5336645688094395        2.3796692182064985        1.4303217975292277     
  0.18999999761581421        3.1814421830002146        2.0903007214752427        2.4779572904577134        1.5015872080453405        2.3313059518404033        1.4012526170087209     
  0.19999998807907104        3.0997320940470958        2.0366147991588921        2.4232710836163824        1.4684485785113768        2.2812821557790484        1.3711853600327124     
  0.20999999344348907        3.0158912899347001        1.9815289345589784        2.3669840153710990        1.4343398624406964        2.2297952067084039        1.3402386616510253     
  0.21999999880790710        2.9302500072153363        1.9252601027653633        2.3092200553255822        1.3993361826660671        2.1769322303235610        1.3084648895540381     
  0.22999998927116394        2.8430176254570489        1.8679458722884799        2.2501928119706660        1.3635669811995039        2.1228664743710883        1.2759681758733861     
  0.23999999463558197        2.7544764577993495        1.8097717311319634        2.1900265675004915        1.3271075702966399        2.0677183370570944        1.2428208870443995     
  0.25000000000000000        2.6648399503980262        1.7508779196735356        2.1288763364067065        1.2900518853043927        2.0116024660768255        1.2090919331056196     
  0.25999999046325684        2.5744206361312978        1.6914697811705113        2.0668964611932283        1.2524934543600019        1.9547072039481739        1.1748945190380957     
  0.26999998092651367        2.4834249766578793        1.6316829669814104        2.0042252439804509        1.2145160854837398        1.8971447502129744        1.1402960833955238     
  0.28000000119209290        2.3921165194838139        1.5716906355388967        1.9410434458617658        1.1762293158926473        1.8390156824163428        1.1053570792249201     
  0.28999999165534973        2.3006959189705571        1.5116246226370535        1.8774850295351397        1.1377143240131664        1.7805264477741827        1.0702015935005065     
  0.29999998211860657        2.2094184981478935        1.4516526829866894        1.8136743359027463        1.0990464576766958        1.7217721938046076        1.0348868155022486     
  0.31000000238418579        2.1185502013514981        1.3919495498077570        1.7497967613666505        1.0603380629946191        1.6628816212061976       0.99949010195398214     
  0.31999999284744263        2.0282183093513071        1.3325988502950736        1.6859690670013641        1.0216598945907405        1.6039807172969778       0.96408717867751625     
  0.32999998331069946        1.9386827846017545        1.2737713873973640        1.6222937953782912       0.98307409099105214        1.5451611748084222       0.92873315842192561     
  0.34000000357627869        1.8500631030935384        1.2155456603408252        1.5589871750065363       0.94471168188058241        1.4866157734383085       0.89354391317552850     
  0.34999999403953552        1.7626436494452884        1.1581085181515602        1.4960997244398304       0.90660328038343385        1.4283795076783565       0.85854047669541900     
  0.35999998450279236        1.6765416442890058        1.1015369782190259        1.4337414220348901       0.86881553094672481        1.3706109346564233       0.82381815118342772     
  0.37000000476837158        1.5918970354344995        1.0459229903543434        1.3720674047283952       0.83144244311634774        1.3133823662874911       0.78942040037284700     
  0.37999999523162842        1.5088926295749805       0.99138666391066943        1.3111776231057581       0.79454458473222023        1.2568317276277339       0.75543012537142962     
  0.38999998569488525        1.4276440924332965       0.93800399465659168        1.2511531952539243       0.75817111155750505        1.2010182630561563       0.72188293555127414     
  0.39999997615814209        1.3482301829274037       0.88582672950862207        1.1920831673072345       0.72237598357640598        1.1460247366693967       0.68882857702439293     
  0.40999999642372131        1.2708477883663083       0.83498422919701831        1.1340922719367053       0.68723478602356325        1.0919684635567279       0.65633756309073554     
  0.41999998688697815        1.1955349227138268       0.78550147000970760        1.0772154602871709       0.65276869851824926        1.0388949648262653       0.62443725462579047     
  0.42999997735023499        1.1224085812355846       0.73745532126383717        1.0215843702647942       0.61905749071458671       0.98686929644657662       0.59316675411035369     
  0.43999999761581421        1.0515259852739103       0.69088337905774000       0.96719508823633427       0.58609879103755647       0.93598856809699238       0.56258443019920856     
  0.44999998807907104       0.98291130104167190       0.64580152130127100       0.91414383954041933       0.55395090991007168       0.88626997080501346       0.53270061571557514     
  0.45999997854232788       0.91669192823597745       0.60229345332788209       0.86251628195047747       0.52266575404470916       0.83779763963012177       0.50356588080113385     
  0.46999999880790710       0.85285414393899228       0.56035015877851191       0.81229340744877621       0.49223180500392855       0.79061199881599409       0.47520452281470804     
  0.47999998927116394       0.79145505051954634       0.52000915558242022       0.76358006149630142       0.46271259681377774       0.74472730315239977       0.44762510972716246     
  0.48999997973442078       0.73114810898461147       0.48038572817140845       0.71634685810918353       0.43409032221920651       0.70019691151300079       0.42085971337415629     
  0.50000000000000000       0.67461796491383907       0.44324376734381865       0.67065305892369864       0.40640089245859812       0.65707793467496323       0.39494266070702716     
  0.50999999046325684       0.62058436079009316       0.40774210640297437       0.62652039620429834       0.37965747680263640       0.61533580066529825       0.36985317192740269     
  0.51999998092651367       0.56894910875921134       0.37381623305206424       0.58399289052147285       0.35388675074157044       0.57501745007490979       0.34561946110379432     
  0.52999997138977051       0.51976571161775476       0.34150130019590974       0.54304013023326414       0.32907028549427730       0.53616251134077819       0.32226534726818479     
  0.53999996185302734       0.47298193626247659       0.31076298915539513       0.50364391895236715       0.30519705445326933       0.49872426092958566       0.29976274681649473     
  0.55000001192092896       0.42855563267377100       0.28157360613276389       0.46589909505413263       0.28232452757245130       0.46273303519241910       0.27812989368808283     
  0.56000000238418579       0.38646840424725210       0.25392106401996567       0.42969518497998477       0.26038576032335048       0.42821332708604914       0.25738150959707889     
  0.56999999284744263       0.34664107021301827       0.22775333873140280       0.39506651409660037       0.23940155311754474       0.39510771545955126       0.23748308103917831     
  0.57999998331069946       0.30907321355933887       0.20307015627815184       0.36202420620252435       0.21937864673045535       0.36343251545240657       0.21844441437715256     
  0.58999997377395630       0.27366168427231752       0.17980374407907840       0.33049868730104759       0.20027488086179313       0.33317428615280420       0.20025743082887723     
  0.59999996423721313       0.24040999471877700       0.15795640986208853       0.30049386512020565       0.18209262350815450       0.30433968459042804       0.18292613166250790     
  0.61000001430511475       0.20920246926562380       0.13745215134727048       0.27200827222189644       0.16483098543456703       0.27686079432383143       0.16640969508404549     
  0.62000000476837158       0.17996600721799597       0.11824293923645716       0.24496516528799264       0.14844346189082924       0.25073883464056906       0.15070885395734934     
  0.62999999523162842       0.15267815020346126       0.10031401772099378       0.21938098572780554       0.13294001600665273       0.22597013996372761       0.13582140505412163     
  0.63999998569488525       0.12722376842167066        8.3589743149074081E-002  0.19517475812294541       0.11827157847285737       0.20248134977311177       0.12170325436738491     
  0.64999997615814209       0.10358875259234837        6.8060845310194851E-002  0.17233425503421759       0.10443073973224334       0.18026471763536903       0.10834974583301347     
  0.65999996662139893        8.1651249429180936E-002   5.3647263025292151E-002  0.15084365967585672        9.1407915163127088E-002  0.15928781344414758        9.5741387041029954E-002
  0.66999995708465576        6.1330404804837160E-002   4.0295872763912360E-002  0.13061867001295502        7.9152019600434623E-002  0.13953755147275870        8.3870312696554108E-002
  0.68000000715255737        4.2594189099789875E-002   2.7985630127648931E-002  0.11164067122234525        6.7651772873818974E-002  0.12093580470278111        7.2689563845555985E-002
  0.68999999761581421        2.5327498688503054E-002   1.6640908662314536E-002   9.3867632759659911E-002   5.6881705404763859E-002  0.10346736814939353        6.2190001393805927E-002
  0.69999998807907104        9.5104141365048335E-003   6.2486207158783695E-003   7.7290207165765706E-002   4.6836152840168961E-002   8.7126452578512245E-002   5.2368145669575455E-002
  0.70999997854232788       -4.9758340209841018E-003  -3.2692687296286653E-003   6.1796518898632281E-002   3.7447321080654419E-002   7.1809595979972787E-002   4.3161809891936638E-002
  0.71999996900558472       -1.8209936057625976E-002  -1.1964461489404714E-002   4.7397010061205017E-002   2.8721537809215176E-002   5.7510267500204298E-002   3.4567068632032440E-002
  0.72999995946884155       -3.0242294948900704E-002  -1.9870073795004502E-002   3.4006462300618767E-002   2.0607162592399982E-002   4.4177035532092387E-002   2.6553008455266622E-002
  0.74000000953674316       -4.1091801167707782E-002  -2.6998517240560179E-002   2.1600811734574763E-002   1.3089613250776367E-002   3.1824241463266817E-002   1.9128249382933345E-002
  0.75000000000000000       -5.0927027155251312E-002  -3.3460548858638181E-002   1.0155069621015879E-002   6.1537471603921381E-003   2.0338763118991757E-002   1.2224798304447723E-002
  0.75999999046325684       -5.9743877330413010E-002  -3.9253477732454654E-002  -4.1363267089226702E-004  -2.5065223272136895E-004   9.7297560553988079E-003   5.8481582499804383E-003
  0.76999998092651367       -6.7643859880609183E-002  -4.4443997715044384E-002  -1.0129453181514418E-002  -6.1382241656983833E-003  -7.8767806736506076E-005  -4.7344105666802923E-005
  0.77999997138977051       -7.4639677408873922E-002  -4.9040454788751311E-002  -1.9016837266037249E-002  -1.1523781982088562E-002  -9.1075747785629088E-003  -5.4741905424250574E-003
  0.78999996185302734       -8.0832508710982562E-002  -5.3109326386651848E-002  -2.7155312740388793E-002  -1.6455517776057693E-002  -1.7395292621922975E-002  -1.0455598627395717E-002
  0.79999995231628418       -8.6285491958659297E-002  -5.6692096137338388E-002  -3.4567447247968702E-002  -2.0947107039421247E-002  -2.4962841712244270E-002  -1.5004142742244148E-002
  0.81000000238418579       -9.1035198290797592E-002  -5.9812792350494720E-002  -4.1293870711673078E-002  -2.5023170605120930E-002  -3.1881955973814387E-002  -1.9162939213704072E-002
  0.81999999284744263       -9.5116133943707465E-002  -6.2494086634311330E-002  -4.7356759270163751E-002  -2.8697146721776430E-002  -3.8171661674859109E-002  -2.2943423953103489E-002
  0.82999998331069946       -9.8585286254390184E-002  -6.4773421338765555E-002  -5.2829201459975592E-002  -3.2013325422931962E-002  -4.3867559465277726E-002  -2.6366995054415872E-002
  0.83999997377395630      -0.10152883422064454       -6.6707418590212175E-002  -5.7730907822306103E-002  -3.4983650859780224E-002  -4.8988159315765480E-002  -2.9444778103648837E-002
  0.84999996423721313      -0.10394637667278168       -6.8295814808412139E-002  -6.2097899040317872E-002  -3.7629950768121818E-002  -5.3599430025758940E-002  -3.2216424246881592E-002
  0.85999995470046997      -0.10591463323068957       -6.9589017031299313E-002  -6.5922445357561296E-002  -3.9947541086835056E-002  -5.7717530289134525E-002  -3.4691645813833778E-002
  0.87000000476837158      -0.10741317982123046       -7.0573606044455020E-002  -6.9323295738372620E-002  -4.2008381056905360E-002  -6.1373851778963803E-002  -3.6889311054727612E-002
  0.87999999523162842      -0.10856717480207910       -7.1331814555656584E-002  -7.2289417756263352E-002  -4.3805785272352377E-002  -6.4583488643800813E-002  -3.8818492444647787E-002
  0.88999998569488525      -0.10936825699810028       -7.1858149027881693E-002  -7.4836118932180090E-002  -4.5349029751664729E-002  -6.7405918283050620E-002  -4.0514939414724546E-002
  0.89999997615814209      -0.10983361013310008       -7.2163899671105383E-002  -7.7023878567409651E-002  -4.6674763611239033E-002  -6.9853675513763355E-002  -4.1986186130596542E-002
  0.90999996662139893      -0.11000128936185788       -7.2274069836925678E-002  -7.8865041384470841E-002  -4.7790467479370248E-002  -7.1953420610849889E-002  -4.3248256992647623E-002
  0.91999995708465576      -0.10991982441769939       -7.2220544981921417E-002  -8.0386133724925105E-002  -4.8712215731237886E-002  -7.3716462184278381E-002  -4.4307949143611927E-002
  0.93000000715255737      -0.10962190236582470       -7.2024801465567417E-002  -8.2497709170280931E-002  -4.9991783659942231E-002  -7.5195602797896402E-002  -4.5197000044082641E-002
  0.93999999761581421      -0.10911692900678595       -7.1693019174390055E-002  -8.3445898725993797E-002  -5.0566365519421182E-002  -7.6399555398785790E-002  -4.5920646690040333E-002
  0.94999998807907104      -0.10842796690260290       -7.1240350887303697E-002  -8.4145849579713980E-002  -5.0990520226305784E-002  -7.7350200309695388E-002  -4.6492040448206970E-002
  0.95999997854232788      -0.10753696839364826       -7.0654938763188069E-002  -8.4618938269139604E-002  -5.1277201488750528E-002  -7.8054781387756109E-002  -4.6915535304704804E-002
  0.96999996900558472      -0.10654350546033985       -7.0002204510354618E-002  -8.4872510704940687E-002  -5.1430860765840546E-002  -7.8559966066763923E-002  -4.7219181144485492E-002
  0.97999995946884155      -0.10541120000420608       -6.9258246652332170E-002  -8.4951182465574343E-002  -5.1478534109467913E-002  -7.8849548057032537E-002  -4.7393237029935566E-002
  0.98999994993209839      -0.10418605664139323       -6.8453291569734065E-002  -8.4859782393359770E-002  -5.1423147691073860E-002  -7.9004226257153809E-002  -4.7486207767020921E-002
   1.0000000000000000      -0.10286864608062299       -6.7587714234910307E-002  -8.4614915561046583E-002  -5.1274763816786757E-002  -7.9774878686792186E-002  -4.7949415409493774E-002
