 Z Q2 pt2 MULT-RATIO STAT SYS fuu fuua DIS chi2
  0.40000000596046448        2.0000000000000000        9.9999995529651692E-005   0.0000000000000000        0.0000000000000000        0.0000000000000000        3.4273539594074496E-005   1.4204058619773145E-005  0.95899999141693115        0.0000000000000000     
  0.40000000596046448        2.0000000000000000        7.7049370915066029E-003   0.0000000000000000        0.0000000000000000        0.0000000000000000        3.3055852099856597E-005   1.3888853852010153E-005  0.95899999141693115        0.0000000000000000     
  0.40000000596046448        2.0000000000000000        2.7408640681519936E-002   0.0000000000000000        0.0000000000000000        0.0000000000000000        3.0149264128188270E-005   1.3079860911112627E-005  0.95899999141693115        0.0000000000000000     
  0.40000000596046448        2.0000000000000000        5.9211106953356074E-002   0.0000000000000000        0.0000000000000000        0.0000000000000000        2.5917385370285765E-005   1.1854611705641635E-005  0.95899999141693115        0.0000000000000000     
  0.40000000596046448        2.0000000000000000       0.10311232764514955        0.0000000000000000        0.0000000000000000        0.0000000000000000        2.0939101056571562E-005   1.0324836716736159E-005  0.95899999141693115        0.0000000000000000     
  0.40000000596046448        2.0000000000000000       0.15911234335428404        0.0000000000000000        0.0000000000000000        0.0000000000000000        1.5802062351083398E-005   8.6160463742216254E-006  0.95899999141693115        0.0000000000000000     
  0.40000000596046448        2.0000000000000000       0.22721107550197317        0.0000000000000000        0.0000000000000000        0.0000000000000000        1.1006707743400077E-005   6.8557751605768982E-006  0.95899999141693115        0.0000000000000000     
  0.40000000596046448        2.0000000000000000       0.30740862846256789        0.0000000000000000        0.0000000000000000        0.0000000000000000        6.8986339489529030E-006   5.1581882195905503E-006  0.95899999141693115        0.0000000000000000     
  0.40000000596046448        2.0000000000000000       0.39970487931805110        0.0000000000000000        0.0000000000000000        0.0000000000000000        3.6456686412426111E-006   3.6142832040039873E-006  0.95899999141693115        0.0000000000000000     
  0.40000000596046448        2.0000000000000000       0.50409996953010605        0.0000000000000000        0.0000000000000000        0.0000000000000000        1.2595807253115794E-006   2.2839361051577835E-006  0.95899999141693115        0.0000000000000000     
  0.40000000596046448        3.0000000000000000        9.9999995529651692E-005   0.0000000000000000        0.0000000000000000        0.0000000000000000        1.6137660580514752E-005   8.2439520278364212E-006  0.95200002193450928        0.0000000000000000     
  0.40000000596046448        3.0000000000000000        7.7049370915066029E-003   0.0000000000000000        0.0000000000000000        0.0000000000000000        1.5627569575470316E-005   8.0371631515528378E-006  0.95200002193450928        0.0000000000000000     
  0.40000000596046448        3.0000000000000000        2.7408640681519936E-002   0.0000000000000000        0.0000000000000000        0.0000000000000000        1.4321343662088953E-005   7.5268065751602200E-006  0.95200002193450928        0.0000000000000000     
  0.40000000596046448        3.0000000000000000        5.9211106953356074E-002   0.0000000000000000        0.0000000000000000        0.0000000000000000        1.2425846865991725E-005   6.7650631965663090E-006  0.95200002193450928        0.0000000000000000     
  0.40000000596046448        3.0000000000000000       0.10311232764514955        0.0000000000000000        0.0000000000000000        0.0000000000000000        1.0183652199596325E-005   5.8250048750878925E-006  0.95200002193450928        0.0000000000000000     
  0.40000000596046448        3.0000000000000000       0.15911234335428404        0.0000000000000000        0.0000000000000000        0.0000000000000000        7.8503816161531296E-006   4.7911275498651870E-006  0.95200002193450928        0.0000000000000000     
  0.40000000596046448        3.0000000000000000       0.22721107550197317        0.0000000000000000        0.0000000000000000        0.0000000000000000        5.6474781348222278E-006   3.7461846387906983E-006  0.95200002193450928        0.0000000000000000     
  0.40000000596046448        3.0000000000000000       0.30740862846256789        0.0000000000000000        0.0000000000000000        0.0000000000000000        3.7307640103860844E-006   2.7606491886125357E-006  0.95200002193450928        0.0000000000000000     
  0.40000000596046448        3.0000000000000000       0.39970487931805110        0.0000000000000000        0.0000000000000000        0.0000000000000000        2.1805866242463020E-006   1.8864654340075653E-006  0.95200002193450928        0.0000000000000000     
  0.40000000596046448        3.0000000000000000       0.50409996953010605        0.0000000000000000        0.0000000000000000        0.0000000000000000        1.0097310779112173E-006   1.1542371078667514E-006  0.95200002193450928        0.0000000000000000     
  0.40000000596046448        4.0000000000000000        9.9999995529651692E-005   0.0000000000000000        0.0000000000000000        0.0000000000000000        8.7083539498327834E-006   4.9119633352610228E-006  0.94900000095367432        0.0000000000000000     
  0.40000000596046448        4.0000000000000000        7.7049370915066029E-003   0.0000000000000000        0.0000000000000000        0.0000000000000000        8.4171512440009481E-006   4.7950561237295514E-006  0.94900000095367432        0.0000000000000000     
  0.40000000596046448        4.0000000000000000        2.7408640681519936E-002   0.0000000000000000        0.0000000000000000        0.0000000000000000        7.7407415708112518E-006   4.4792899035037982E-006  0.94900000095367432        0.0000000000000000     
  0.40000000596046448        4.0000000000000000        5.9211106953356074E-002   0.0000000000000000        0.0000000000000000        0.0000000000000000        6.7616132705474093E-006   4.0151351461006446E-006  0.94900000095367432        0.0000000000000000     
  0.40000000596046448        4.0000000000000000       0.10311232764514955        0.0000000000000000        0.0000000000000000        0.0000000000000000        5.5991972874236271E-006   3.4430953471849182E-006  0.94900000095367432        0.0000000000000000     
  0.40000000596046448        4.0000000000000000       0.15911234335428404        0.0000000000000000        0.0000000000000000        0.0000000000000000        4.3811677518615156E-006   2.8187238449417540E-006  0.94900000095367432        0.0000000000000000     
  0.40000000596046448        4.0000000000000000       0.22721107550197317        0.0000000000000000        0.0000000000000000        0.0000000000000000        3.2212421918497024E-006   2.1918951600428399E-006  0.94900000095367432        0.0000000000000000     
  0.40000000596046448        4.0000000000000000       0.30740862846256789        0.0000000000000000        0.0000000000000000        0.0000000000000000        2.2003524116967430E-006   1.6083435329346433E-006  0.94900000095367432        0.0000000000000000     
  0.40000000596046448        4.0000000000000000       0.39970487931805110        0.0000000000000000        0.0000000000000000        0.0000000000000000        1.3620409992526422E-006   1.0964907027498465E-006  0.94900000095367432        0.0000000000000000     
  0.40000000596046448        4.0000000000000000       0.50409996953010605        0.0000000000000000        0.0000000000000000        0.0000000000000000        7.1590285948044576E-007   6.7265546101266731E-007  0.94900000095367432        0.0000000000000000     
  0.40000000596046448        5.0000000000000000        9.9999995529651692E-005   0.0000000000000000        0.0000000000000000        0.0000000000000000        5.2252967150445554E-006   3.1455609107607282E-006  0.94599997997283936        0.0000000000000000     
  0.40000000596046448        5.0000000000000000        7.7049370915066029E-003   0.0000000000000000        0.0000000000000000        0.0000000000000000        5.0665812587600980E-006   3.0651333509007024E-006  0.94599997997283936        0.0000000000000000     
  0.40000000596046448        5.0000000000000000        2.7408640681519936E-002   0.0000000000000000        0.0000000000000000        0.0000000000000000        4.6764762458546251E-006   2.8643443476967764E-006  0.94599997997283936        0.0000000000000000     
  0.40000000596046448        5.0000000000000000        5.9211106953356074E-002   0.0000000000000000        0.0000000000000000        0.0000000000000000        4.1070421078418976E-006   2.5638539509394698E-006  0.94599997997283936        0.0000000000000000     
  0.40000000596046448        5.0000000000000000       0.10311232764514955        0.0000000000000000        0.0000000000000000        0.0000000000000000        3.4276602531791809E-006   2.1963654020872435E-006  0.94599997997283936        0.0000000000000000     
  0.40000000596046448        5.0000000000000000       0.15911234335428404        0.0000000000000000        0.0000000000000000        0.0000000000000000        2.7126225591110984E-006   1.7967969980985008E-006  0.94599997997283936        0.0000000000000000     
  0.40000000596046448        5.0000000000000000       0.22721107550197317        0.0000000000000000        0.0000000000000000        0.0000000000000000        2.0268573242675822E-006   1.3983522142594522E-006  0.94599997997283936        0.0000000000000000     
  0.40000000596046448        5.0000000000000000       0.30740862846256789        0.0000000000000000        0.0000000000000000        0.0000000000000000        1.4177561424589741E-006   1.0273088356667338E-006  0.94599997997283936        0.0000000000000000     
  0.40000000596046448        5.0000000000000000       0.39970487931805110        0.0000000000000000        0.0000000000000000        0.0000000000000000        9.1172145205537995E-007   7.0435864273781619E-007  0.94599997997283936        0.0000000000000000     
  0.40000000596046448        5.0000000000000000       0.50409996953010605        0.0000000000000000        0.0000000000000000        0.0000000000000000        5.1572082554067451E-007   4.3807032726611846E-007  0.94599997997283936        0.0000000000000000     
  0.40000000596046448        6.0000000000000000        9.9999995529651692E-005   0.0000000000000000        0.0000000000000000        0.0000000000000000        3.4417757196908578E-006   2.1696421831484262E-006  0.94499999284744263        0.0000000000000000     
  0.40000000596046448        6.0000000000000000        7.7049370915066029E-003   0.0000000000000000        0.0000000000000000        0.0000000000000000        3.3538054502308665E-006   2.1118335709820232E-006  0.94499999284744263        0.0000000000000000     
  0.40000000596046448        6.0000000000000000        2.7408640681519936E-002   0.0000000000000000        0.0000000000000000        0.0000000000000000        3.1029171859099873E-006   1.9715406613696652E-006  0.94499999284744263        0.0000000000000000     
  0.40000000596046448        6.0000000000000000        5.9211106953356074E-002   0.0000000000000000        0.0000000000000000        0.0000000000000000        2.7371549532112007E-006   1.7653257627584802E-006  0.94499999284744263        0.0000000000000000     
  0.40000000596046448        6.0000000000000000       0.10311232764514955        0.0000000000000000        0.0000000000000000        0.0000000000000000        2.2989429647847804E-006   1.5129083616220448E-006  0.94499999284744263        0.0000000000000000     
  0.40000000596046448        6.0000000000000000       0.15911234335428404        0.0000000000000000        0.0000000000000000        0.0000000000000000        1.8356392730047750E-006   1.2390102730661224E-006  0.94499999284744263        0.0000000000000000     
  0.40000000596046448        6.0000000000000000       0.22721107550197317        0.0000000000000000        0.0000000000000000        0.0000000000000000        1.3887892821019671E-006   9.6645705425500397E-007  0.94499999284744263        0.0000000000000000     
  0.40000000596046448        6.0000000000000000       0.30740862846256789        0.0000000000000000        0.0000000000000000        0.0000000000000000        9.8899389892601270E-007   7.1377415810570877E-007  0.94499999284744263        0.0000000000000000     
  0.40000000596046448        6.0000000000000000       0.39970487931805110        0.0000000000000000        0.0000000000000000        0.0000000000000000        6.5359606269686701E-007   4.9352652960339505E-007  0.94499999284744263        0.0000000000000000     
  0.40000000596046448        6.0000000000000000       0.50409996953010605        0.0000000000000000        0.0000000000000000        0.0000000000000000        3.8794861607245603E-007   3.1167154191855558E-007  0.94499999284744263        0.0000000000000000     
  0.40000000596046448        7.0000000000000000        9.9999995529651692E-005   0.0000000000000000        0.0000000000000000        0.0000000000000000        2.4741407727119509E-006   1.6104203062576950E-006  0.94400000572204590        0.0000000000000000     
  0.40000000596046448        7.0000000000000000        7.7049370915066029E-003   0.0000000000000000        0.0000000000000000        0.0000000000000000        2.4152899966413989E-006   1.5622457212611934E-006  0.94400000572204590        0.0000000000000000     
  0.40000000596046448        7.0000000000000000        2.7408640681519936E-002   0.0000000000000000        0.0000000000000000        0.0000000000000000        2.2396238505364213E-006   1.4595576216410755E-006  0.94400000572204590        0.0000000000000000     
  0.40000000596046448        7.0000000000000000        5.9211106953356074E-002   0.0000000000000000        0.0000000000000000        0.0000000000000000        1.9829327916947984E-006   1.3082219521135941E-006  0.94400000572204590        0.0000000000000000     
  0.40000000596046448        7.0000000000000000       0.10311232764514955        0.0000000000000000        0.0000000000000000        0.0000000000000000        1.6743015806971299E-006   1.1224006494072811E-006  0.94400000572204590        0.0000000000000000     
  0.40000000596046448        7.0000000000000000       0.15911234335428404        0.0000000000000000        0.0000000000000000        0.0000000000000000        1.3467481997565114E-006   9.2093952881643830E-007  0.94400000572204590        0.0000000000000000     
  0.40000000596046448        7.0000000000000000       0.22721107550197317        0.0000000000000000        0.0000000000000000        0.0000000000000000        1.0293202871814785E-006   7.2063202936719880E-007  0.94400000572204590        0.0000000000000000     
  0.40000000596046448        7.0000000000000000       0.30740862846256789        0.0000000000000000        0.0000000000000000        0.0000000000000000        7.4353240088281211E-007   5.3503202281716431E-007  0.94400000572204590        0.0000000000000000     
  0.40000000596046448        7.0000000000000000       0.39970487931805110        0.0000000000000000        0.0000000000000000        0.0000000000000000        5.0186721996770095E-007   3.7325527072786879E-007  0.94400000572204590        0.0000000000000000     
  0.40000000596046448        7.0000000000000000       0.50409996953010605        0.0000000000000000        0.0000000000000000        0.0000000000000000        3.0859813459043920E-007   2.3982123102368871E-007  0.94400000572204590        0.0000000000000000     
  0.40000000596046448        8.0000000000000000        9.9999995529651692E-005   0.0000000000000000        0.0000000000000000        0.0000000000000000        1.9357423211119499E-006   1.2724158195357477E-006  0.94300001859664917        0.0000000000000000     
  0.40000000596046448        8.0000000000000000        7.7049370915066029E-003   0.0000000000000000        0.0000000000000000        0.0000000000000000        1.8774960822015481E-006   1.2400068084148582E-006  0.94300001859664917        0.0000000000000000     
  0.40000000596046448        8.0000000000000000        2.7408640681519936E-002   0.0000000000000000        0.0000000000000000        0.0000000000000000        1.7439731970385811E-006   1.1587027004981963E-006  0.94300001859664917        0.0000000000000000     
  0.40000000596046448        8.0000000000000000        5.9211106953356074E-002   0.0000000000000000        0.0000000000000000        0.0000000000000000        1.5489156316815426E-006   1.0389256141966542E-006  0.94300001859664917        0.0000000000000000     
  0.40000000596046448        8.0000000000000000       0.10311232764514955        0.0000000000000000        0.0000000000000000        0.0000000000000000        1.3136787619580095E-006   8.9263151392192125E-007  0.94300001859664917        0.0000000000000000     
  0.40000000596046448        8.0000000000000000       0.15911234335428404        0.0000000000000000        0.0000000000000000        0.0000000000000000        1.0633153370347501E-006   7.3406521795438084E-007  0.94300001859664917        0.0000000000000000     
  0.40000000596046448        8.0000000000000000       0.22721107550197317        0.0000000000000000        0.0000000000000000        0.0000000000000000        8.1964926766385715E-007   5.7641938157181161E-007  0.94300001859664917        0.0000000000000000     
  0.40000000596046448        8.0000000000000000       0.30740862846256789        0.0000000000000000        0.0000000000000000        0.0000000000000000        5.9906719750158456E-007   4.3030204589449161E-007  0.94300001859664917        0.0000000000000000     
  0.40000000596046448        8.0000000000000000       0.39970487931805110        0.0000000000000000        0.0000000000000000        0.0000000000000000        4.1132941982784741E-007   3.0282699100340868E-007  0.94300001859664917        0.0000000000000000     
  0.40000000596046448        8.0000000000000000       0.50409996953010605        0.0000000000000000        0.0000000000000000        0.0000000000000000        2.5990464162354859E-007   1.9749335127535891E-007  0.94300001859664917        0.0000000000000000     
  0.40000000596046448        9.0000000000000000        9.9999995529651692E-005   0.0000000000000000        0.0000000000000000        0.0000000000000000        1.6138521671405733E-006   1.0714995502111993E-006  0.94199997186660767        0.0000000000000000     
  0.40000000596046448        9.0000000000000000        7.7049370915066029E-003   0.0000000000000000        0.0000000000000000        0.0000000000000000        1.5596442245471814E-006   1.0446465691064184E-006  0.94199997186660767        0.0000000000000000     
  0.40000000596046448        9.0000000000000000        2.7408640681519936E-002   0.0000000000000000        0.0000000000000000        0.0000000000000000        1.4510707092099135E-006   9.7712992484912454E-007  0.94199997186660767        0.0000000000000000     
  0.40000000596046448        9.0000000000000000        5.9211106953356074E-002   0.0000000000000000        0.0000000000000000        0.0000000000000000        1.2920554881349131E-006   8.7760667818647711E-007  0.94199997186660767        0.0000000000000000     
  0.40000000596046448        9.0000000000000000       0.10311232764514955        0.0000000000000000        0.0000000000000000        0.0000000000000000        1.1001592649793432E-006   7.5521843614812325E-007  0.94199997186660767        0.0000000000000000     
  0.40000000596046448        9.0000000000000000       0.15911234335428404        0.0000000000000000        0.0000000000000000        0.0000000000000000        8.9525162806906580E-007   6.2255027466548839E-007  0.94199997186660767        0.0000000000000000     
  0.40000000596046448        9.0000000000000000       0.22721107550197317        0.0000000000000000        0.0000000000000000        0.0000000000000000        6.9516839405149213E-007   4.9059803577455465E-007  0.94199997186660767        0.0000000000000000     
  0.40000000596046448        9.0000000000000000       0.30740862846256789        0.0000000000000000        0.0000000000000000        0.0000000000000000        5.1319496839038200E-007   3.6820629842076669E-007  0.94199997186660767        0.0000000000000000     
  0.40000000596046448        9.0000000000000000       0.39970487931805110        0.0000000000000000        0.0000000000000000        0.0000000000000000        3.5736673560052438E-007   2.6127494640469599E-007  0.94199997186660767        0.0000000000000000     
  0.40000000596046448        9.0000000000000000       0.50409996953010605        0.0000000000000000        0.0000000000000000        0.0000000000000000        2.3079079881653322E-007   1.7271509674519960E-007  0.94199997186660767        0.0000000000000000     
  0.40000000596046448        10.000000000000000        9.9999995529651692E-005   0.0000000000000000        0.0000000000000000        0.0000000000000000        1.4159731538992834E-006   9.5027636352519097E-007  0.94099998474121094        0.0000000000000000     
  0.40000000596046448        10.000000000000000        7.7049370915066029E-003   0.0000000000000000        0.0000000000000000        0.0000000000000000        1.3679415938528542E-006   9.2767561362343147E-007  0.94099998474121094        0.0000000000000000     
  0.40000000596046448        10.000000000000000        2.7408640681519936E-002   0.0000000000000000        0.0000000000000000        0.0000000000000000        1.2750005777709348E-006   8.6846723154533205E-007  0.94099998474121094        0.0000000000000000     
  0.40000000596046448        10.000000000000000        5.9211106953356074E-002   0.0000000000000000        0.0000000000000000        0.0000000000000000        1.1381703410003279E-006   7.8060073825711676E-007  0.94099998474121094        0.0000000000000000     
  0.40000000596046448        10.000000000000000       0.10311232764514955        0.0000000000000000        0.0000000000000000        0.0000000000000000        9.7237426833082274E-007   6.7286199211108554E-007  0.94099998474121094        0.0000000000000000     
  0.40000000596046448        10.000000000000000       0.15911234335428404        0.0000000000000000        0.0000000000000000        0.0000000000000000        7.9502900768904382E-007   5.5597069860176446E-007  0.94099998474121094        0.0000000000000000     
  0.40000000596046448        10.000000000000000       0.22721107550197317        0.0000000000000000        0.0000000000000000        0.0000000000000000        6.2126665731925344E-007   4.3967438974011955E-007  0.94099998474121094        0.0000000000000000     
  0.40000000596046448        10.000000000000000       0.30740862846256789        0.0000000000000000        0.0000000000000000        0.0000000000000000        4.6259238395815121E-007   3.3169459851329088E-007  0.94099998474121094        0.0000000000000000     
  0.40000000596046448        10.000000000000000       0.39970487931805110        0.0000000000000000        0.0000000000000000        0.0000000000000000        3.2601740202474978E-007   2.3718578111297298E-007  0.94099998474121094        0.0000000000000000     
  0.40000000596046448        10.000000000000000       0.50409996953010605        0.0000000000000000        0.0000000000000000        0.0000000000000000        2.1437611108066577E-007   1.5871483140669170E-007  0.94099998474121094        0.0000000000000000     
