 gamma g3f pt DY-RATIO error R_dy tmp element 
   2.3030303030303032        0.0000000000000000       0.75000000000000000       0.97199999999999998        6.7000000000000004E-002  0.99019548791118728        7.3752679956819611E-002 W
   2.3030303030303032        5.0505050505050509E-003  0.75000000000000000       0.97199999999999998        6.7000000000000004E-002  0.99007297605124456        7.2762856615918955E-002 W
   2.3030303030303032        1.0101010101010102E-002  0.75000000000000000       0.97199999999999998        6.7000000000000004E-002  0.98979462213923231        7.0538778587225959E-002 W
   2.3030303030303032        1.5151515151515152E-002  0.75000000000000000       0.97199999999999998        6.7000000000000004E-002  0.98967216039407535        6.9571230339480122E-002 W
   2.3030303030303032        2.0202020202020204E-002  0.75000000000000000       0.97199999999999998        6.7000000000000004E-002  0.98954971713037443        6.8610508210327131E-002 W
   2.3030303030303032        2.5252525252525252E-002  0.75000000000000000       0.97199999999999998        6.7000000000000004E-002  0.98942729238853500        6.7656609488859570E-002 W
   2.3030303030303032        3.0303030303030304E-002  0.75000000000000000       0.97199999999999998        6.7000000000000004E-002  0.98946379478063484        6.7940327052824587E-002 W
   2.3030303030303032        3.5353535353535352E-002  0.75000000000000000       0.97199999999999998        6.7000000000000004E-002  0.98934138897599144        6.6991261220012990E-002 W
   2.3030303030303032        4.0404040404040407E-002  0.75000000000000000       0.97199999999999998        6.7000000000000004E-002  0.98921900181620315        6.6049013933260889E-002 W
   2.3030303030303032        4.5454545454545456E-002  0.75000000000000000       0.97199999999999998        6.7000000000000004E-002  0.98909663334112474        6.5113582446170409E-002 W
   2.3030303030303032        5.0505050505050504E-002  0.75000000000000000       0.97199999999999998        6.7000000000000004E-002  0.98897428359047224        6.4184964003068792E-002 W
   2.3030303030303032        5.5555555555555552E-002  0.75000000000000000       0.97199999999999998        6.7000000000000004E-002  0.98885195260382497        6.3263155839065263E-002 W
   2.3030303030303032        6.0606060606060608E-002  0.75000000000000000       0.97199999999999998        6.7000000000000004E-002  0.98872964042062306        6.2348155180072529E-002 W
   2.3030303030303032        6.5656565656565663E-002  0.75000000000000000       0.97199999999999998        6.7000000000000004E-002  0.98860734708017051        6.1439959242871156E-002 W
   2.3030303030303032        7.0707070707070704E-002  0.75000000000000000       0.97199999999999998        6.7000000000000004E-002  0.98848507262163454        6.0538565235144913E-002 W
   2.3030303030303032        7.5757575757575760E-002  0.75000000000000000       0.97199999999999998        6.7000000000000004E-002  0.98836281708404639        5.9643970355527078E-002 W
   2.3030303030303032        8.0808080808080815E-002  0.75000000000000000       0.97199999999999998        6.7000000000000004E-002  0.98824058050629870        5.8756171793622247E-002 W
   2.3030303030303032        8.5858585858585856E-002  0.75000000000000000       0.97199999999999998        6.7000000000000004E-002  0.98811836292715249        5.7875166730096822E-002 W
   2.3030303030303032        9.0909090909090912E-002  0.75000000000000000       0.97199999999999998        6.7000000000000004E-002  0.98799616438523075        5.7000952336673051E-002 W
   2.3030303030303032        9.5959595959595953E-002  0.75000000000000000       0.97199999999999998        6.7000000000000004E-002  0.98787398491902201        5.6133525776194897E-002 W
   2.3030303030303032       0.10101010101010101       0.75000000000000000       0.97199999999999998        6.7000000000000004E-002  0.98775182456688160        5.5272884202676627E-002 W
   2.3030303030303032       0.10606060606060606       0.75000000000000000       0.97199999999999998        6.7000000000000004E-002  0.98762968336702905        5.4419024761324437E-002 W
   2.3030303030303032       0.11111111111111110       0.75000000000000000       0.97199999999999998        6.7000000000000004E-002  0.98750756135755191        5.3571944588602802E-002 W
   2.3030303030303032       0.11616161616161616       0.75000000000000000       0.97199999999999998        6.7000000000000004E-002  0.98729191453262766        5.2092370254664656E-002 W
   2.3030303030303032       0.12121212121212122       0.75000000000000000       0.97199999999999998        6.7000000000000004E-002  0.98716983882036391        5.1263980805484652E-002 W
   2.3030303030303032       0.12626262626262627       0.75000000000000000       0.97199999999999998        6.7000000000000004E-002  0.98704778240676838        5.0442360294374856E-002 W
   2.3030303030303032       0.13131313131313133       0.75000000000000000       0.97199999999999998        6.7000000000000004E-002  0.98692574533867827        4.9627505884401180E-002 W
   2.3030303030303032       0.13636363636363635       0.75000000000000000       0.97199999999999998        6.7000000000000004E-002  0.98680372764887714        4.8819414636250863E-002 W
   2.3030303030303032       0.14141414141414141       0.75000000000000000       0.97199999999999998        6.7000000000000004E-002  0.98668172937465692        4.8018083633473978E-002 W
   2.3030303030303032       0.14646464646464646       0.75000000000000000       0.97199999999999998        6.7000000000000004E-002  0.98655975055317946        4.7223509951171819E-002 W
   2.3030303030303032       0.15151515151515152       0.75000000000000000       0.97199999999999998        6.7000000000000004E-002  0.98643779122147512        4.6435690656026922E-002 W
   2.3030303030303032       0.15656565656565657       0.75000000000000000       0.97199999999999998        6.7000000000000004E-002  0.98631585141644418        4.5654622806350513E-002 W
   2.3030303030303032       0.16161616161616163       0.75000000000000000       0.97199999999999998        6.7000000000000004E-002  0.98619393117485765        4.4880303452126659E-002 W
   2.3030303030303032       0.16666666666666666       0.75000000000000000       0.97199999999999998        6.7000000000000004E-002  0.98607203053335546        4.4112729635038761E-002 W
   2.3030303030303032       0.17171717171717171       0.75000000000000000       0.97199999999999998        6.7000000000000004E-002  0.98595014952845006        4.3351898388531089E-002 W
   2.3030303030303032       0.17676767676767677       0.75000000000000000       0.97199999999999998        6.7000000000000004E-002  0.98582828819652391        4.2597806737830923E-002 W
   2.3030303030303032       0.18181818181818182       0.75000000000000000       0.97199999999999998        6.7000000000000004E-002  0.98570644657383089        4.1850451699995780E-002 W
   2.3030303030303032       0.18686868686868688       0.75000000000000000       0.97199999999999998        6.7000000000000004E-002  0.98558462469649710        4.1109830283956254E-002 W
   2.3030303030303032       0.19191919191919191       0.75000000000000000       0.97199999999999998        6.7000000000000004E-002  0.98546282260052176        4.0375939490559169E-002 W
   2.3030303030303032       0.19696969696969696       0.75000000000000000       0.97199999999999998        6.7000000000000004E-002  0.98534104032177483        3.9648776312591331E-002 W
   2.3030303030303032       0.20202020202020202       0.75000000000000000       0.97199999999999998        6.7000000000000004E-002  0.98521927789600061        3.8928337734838711E-002 W
   2.3030303030303032       0.20707070707070707       0.75000000000000000       0.97199999999999998        6.7000000000000004E-002  0.98509753535881683        3.8214620734118479E-002 W
   2.3030303030303032       0.21212121212121213       0.75000000000000000       0.97199999999999998        6.7000000000000004E-002  0.98497581274571333        3.7507622279308782E-002 W
   2.3030303030303032       0.21717171717171718       0.75000000000000000       0.97199999999999998        6.7000000000000004E-002  0.98485411009205570        3.6807339331407625E-002 W
   2.3030303030303032       0.22222222222222221       0.75000000000000000       0.97199999999999998        6.7000000000000004E-002  0.98473242743308342        3.6113768843558915E-002 W
   2.3030303030303032       0.22727272727272727       0.75000000000000000       0.97199999999999998        6.7000000000000004E-002  0.98446399379523120        3.4607070912800700E-002 W
   2.3030303030303032       0.23232323232323232       0.75000000000000000       0.97199999999999998        6.7000000000000004E-002  0.98434236321268509        3.3934936438815504E-002 W
   2.3030303030303032       0.23737373737373738       0.75000000000000000       0.97199999999999998        6.7000000000000004E-002  0.98422075272901000        3.3269502620540396E-002 W
   2.3030303030303032       0.24242424242424243       0.75000000000000000       0.97199999999999998        6.7000000000000004E-002  0.98409916237894557        3.2610766378278540E-002 W
   2.3030303030303032       0.24747474747474749       0.75000000000000000       0.97199999999999998        6.7000000000000004E-002  0.98397759219710967        3.1958724624696615E-002 W
   2.3030303030303032       0.25252525252525254       0.75000000000000000       0.97199999999999998        6.7000000000000004E-002  0.98385604221799505        3.1313374264843312E-002 W
   2.3030303030303032       0.25757575757575757       0.75000000000000000       0.97199999999999998        6.7000000000000004E-002  0.98373451247597210        3.0674712196200809E-002 W
   2.3030303030303032       0.26262626262626265       0.75000000000000000       0.97199999999999998        6.7000000000000004E-002  0.98361300300528742        3.0042735308713583E-002 W
   2.3030303030303032       0.26767676767676768       0.75000000000000000       0.97199999999999998        6.7000000000000004E-002  0.98349151384006650        2.9417440484838599E-002 W
   2.3030303030303032       0.27272727272727271       0.75000000000000000       0.97199999999999998        6.7000000000000004E-002  0.98337004501431147        2.8798824599569967E-002 W
   2.3030303030303032       0.27777777777777779       0.75000000000000000       0.97199999999999998        6.7000000000000004E-002  0.98324859656190378        2.8186884520488748E-002 W
   2.3030303030303032       0.28282828282828282       0.75000000000000000       0.97199999999999998        6.7000000000000004E-002  0.98312716851660253        2.7581617107790415E-002 W
   2.3030303030303032       0.28787878787878790       0.75000000000000000       0.97199999999999998        6.7000000000000004E-002  0.98300576091204661        2.6983019214331383E-002 W
   2.3030303030303032       0.29292929292929293       0.75000000000000000       0.97199999999999998        6.7000000000000004E-002  0.98288437378175419        2.6391087685662427E-002 W
   2.3030303030303032       0.29797979797979796       0.75000000000000000       0.97199999999999998        6.7000000000000004E-002  0.98276300715912113        2.5805819360056392E-002 W
   2.3030303030303032       0.30303030303030304       0.75000000000000000       0.97199999999999998        6.7000000000000004E-002  0.98264166107742601        2.5227211068568546E-002 W
   2.3030303030303032       0.30808080808080807       0.75000000000000000       0.97199999999999998        6.7000000000000004E-002  0.98252033556982676        2.4655259635055184E-002 W
   2.3030303030303032       0.31313131313131315       0.75000000000000000       0.97199999999999998        6.7000000000000004E-002  0.98239903066936074        2.4089961876209796E-002 W
   2.3030303030303032       0.31818181818181818       0.75000000000000000       0.97199999999999998        6.7000000000000004E-002  0.98227774640894716        2.3531314601609881E-002 W
   2.3030303030303032       0.32323232323232326       0.75000000000000000       0.97199999999999998        6.7000000000000004E-002  0.98215648282138734        2.2979314613752889E-002 W
   2.3030303030303032       0.32828282828282829       0.75000000000000000       0.97199999999999998        6.7000000000000004E-002  0.98203523993936337        2.2433958708085140E-002 W
   2.3030303030303032       0.33333333333333331       0.75000000000000000       0.97199999999999998        6.7000000000000004E-002  0.98191401779543841        2.1895243673038526E-002 W
   2.3030303030303032       0.33838383838383840       0.75000000000000000       0.97199999999999998        6.7000000000000004E-002  0.98179281642205996        2.1363166290079665E-002 W
   2.3030303030303032       0.34343434343434343       0.75000000000000000       0.97199999999999998        6.7000000000000004E-002  0.98158378991204820        2.0460910910732301E-002 W
   2.3030303030303032       0.34848484848484851       0.75000000000000000       0.97199999999999998        6.7000000000000004E-002  0.98146263718742077        1.9946870692973701E-002 W
   2.3030303030303032       0.35353535353535354       0.75000000000000000       0.97199999999999998        6.7000000000000004E-002  0.98134150532953612        1.9439456854923647E-002 W
   2.3030303030303032       0.35858585858585856       0.75000000000000000       0.97199999999999998        6.7000000000000004E-002  0.98122039437037323        1.8938666149523446E-002 W
   2.3030303030303032       0.36363636363636365       0.75000000000000000       0.97199999999999998        6.7000000000000004E-002  0.98109930434179493        1.8444495322924599E-002 W
   2.3030303030303032       0.36868686868686867       0.75000000000000000       0.97199999999999998        6.7000000000000004E-002  0.98097823527554862        1.7956941114525723E-002 W
   2.3030303030303032       0.37373737373737376       0.75000000000000000       0.97199999999999998        6.7000000000000004E-002  0.98085718720326653        1.7476000257007990E-002 W
   2.3030303030303032       0.37878787878787878       0.75000000000000000       0.97199999999999998        6.7000000000000004E-002  0.98073616015646559        1.7001669476368289E-002 W
   2.3030303030303032       0.38383838383838381       0.75000000000000000       0.97199999999999998        6.7000000000000004E-002  0.98061515416654776        1.6533945491954940E-002 W
   2.3030303030303032       0.38888888888888890       0.75000000000000000       0.97199999999999998        6.7000000000000004E-002  0.98049416926480115        1.6072825016505449E-002 W
   2.3030303030303032       0.39393939393939392       0.75000000000000000       0.97199999999999998        6.7000000000000004E-002  0.98037320548239970        1.5618304756179287E-002 W
   2.3030303030303032       0.39898989898989901       0.75000000000000000       0.97199999999999998        6.7000000000000004E-002  0.98025226285040234        1.5170381410588334E-002 W
   2.3030303030303032       0.40404040404040403       0.75000000000000000       0.97199999999999998        6.7000000000000004E-002  0.98013134139975688        1.4729051672844872E-002 W
   2.3030303030303032       0.40909090909090912       0.75000000000000000       0.97199999999999998        6.7000000000000004E-002  0.98001044116129621        1.4294312229580962E-002 W
   2.3030303030303032       0.41414141414141414       0.75000000000000000       0.97199999999999998        6.7000000000000004E-002  0.97983637126466139        1.3679820583116752E-002 W
   2.3030303030303032       0.41919191919191917       0.75000000000000000       0.97199999999999998        6.7000000000000004E-002  0.97971551772612764        1.3261130270035681E-002 W
   2.3030303030303032       0.42424242424242425       0.75000000000000000       0.97199999999999998        6.7000000000000004E-002  0.97959468549134787        1.2849019316660779E-002 W
   2.3030303030303032       0.42929292929292928       0.75000000000000000       0.97199999999999998        6.7000000000000004E-002  0.97947387459070512        1.2443484383512577E-002 W
   2.3030303030303032       0.43434343434343436       0.75000000000000000       0.97199999999999998        6.7000000000000004E-002  0.97935308505447261        1.2044522124818166E-002 W
   2.3030303030303032       0.43939393939393939       0.75000000000000000       0.97199999999999998        6.7000000000000004E-002  0.97923231691281154        1.1652129188536467E-002 W
   2.3030303030303032       0.44444444444444442       0.75000000000000000       0.97199999999999998        6.7000000000000004E-002  0.97911157019577311        1.1266302216397569E-002 W
   2.3030303030303032       0.44949494949494950       0.75000000000000000       0.97199999999999998        6.7000000000000004E-002  0.97899084493329624        1.0887037843928296E-002 W
   2.3030303030303032       0.45454545454545453       0.75000000000000000       0.97199999999999998        6.7000000000000004E-002  0.97887014115521109        1.0514332700495777E-002 W
   2.3030303030303032       0.45959595959595961       0.75000000000000000       0.97199999999999998        6.7000000000000004E-002  0.97874945889123754        1.0148183409335236E-002 W
   2.3030303030303032       0.46464646464646464       0.75000000000000000       0.97199999999999998        6.7000000000000004E-002  0.97862879817098525        9.7885865875824672E-003 W
   2.3030303030303032       0.46969696969696972       0.75000000000000000       0.97199999999999998        6.7000000000000004E-002  0.97850815902395549        9.4355388463117900E-003 W
   2.3030303030303032       0.47474747474747475       0.75000000000000000       0.97199999999999998        6.7000000000000004E-002  0.97838754147953877        9.0890367905610697E-003 W
   2.3030303030303032       0.47979797979797978       0.75000000000000000       0.97199999999999998        6.7000000000000004E-002  0.97826694556701954        8.7490770193776306E-003 W
   2.3030303030303032       0.48484848484848486       0.75000000000000000       0.97199999999999998        6.7000000000000004E-002  0.97806209910425390        8.1864659277781811E-003 W
   2.3030303030303032       0.48989898989898989       0.75000000000000000       0.97199999999999998        6.7000000000000004E-002  0.97794155307178310        7.8641240598831489E-003 W
   2.3030303030303032       0.49494949494949497       0.75000000000000000       0.97199999999999998        6.7000000000000004E-002  0.97782102875801957        7.5483127203589146E-003 W
   2.3030303030303032       0.50000000000000000       0.75000000000000000       0.97199999999999998        6.7000000000000004E-002  0.97779499244019996        7.4809394925317418E-003 W
