 kt up dp u1 d1 u2 d2
   0.0000000000000000        0.0000000000000000        0.0000000000000000        0.0000000000000000        0.0000000000000000        0.0000000000000000        0.0000000000000000     
   9.9999997764825821E-003   2.5218768147335820E-002   1.4996894406697528E-004   1.9595105514343032E-002   5.0622649122596621E-005   1.6675902698974489E-002   4.3527746762950303E-005
   1.9999999552965164E-002   2.5211039492038369E-002   1.4992298392065706E-004   1.9590195933775093E-002   5.0609965548412867E-005   1.6672295128315653E-002   4.3518330215918241E-005
   2.9999999329447746E-002   2.5194129768534239E-002   1.4982242653563475E-004   1.9578645271121360E-002   5.0580125181274967E-005   1.6663277628429451E-002   4.3494792572495455E-005
   3.9999999105930328E-002   2.5166262755868755E-002   1.4965670922385620E-004   1.9558973133175537E-002   5.0529303523999713E-005   1.6647531937477724E-002   4.3453692881478631E-005
   4.9999997019767761E-002   2.5131212440337822E-002   1.4944827482378252E-004   1.9534318421768157E-002   5.0465609720264829E-005   1.6627850676848112E-002   4.3402320494380549E-005
   5.9999998658895493E-002   2.5088628028096360E-002   1.4919503726276232E-004   1.9504381229853641E-002   5.0388268980206299E-005   1.6603963343854253E-002   4.3339969340133117E-005
   7.0000000298023224E-002   2.5039649053710235E-002   1.4890377303338926E-004   1.9470101484738832E-002   5.0299709543377098E-005   1.6576702550322640E-002   4.3268812717381071E-005
   7.9999998211860657E-002   2.4981468794859015E-002   1.4855779134489099E-004   1.9429129062468832E-002   5.0193860021170712E-005   1.6543970278621426E-002   4.3183374342061570E-005
   8.9999996125698090E-002   2.4915986164535421E-002   1.4816838450047333E-004   1.9383033287699764E-002   5.0074774659243919E-005   1.6507158078310300E-002   4.3087286462331465E-005
   9.9999994039535522E-002   2.4843179868089808E-002   1.4773542586682444E-004   1.9331781962938631E-002   4.9942370277519526E-005   1.6466230678341204E-002   4.2980457013054894E-005
  0.10999999940395355        2.4763083477643534E-002   1.4725911508793848E-004   1.9275386912710163E-002   4.9796677423869064E-005   1.6421191208027271E-002   4.2862894162422386E-005
  0.11999999731779099        2.4676916046799995E-002   1.4674670153383179E-004   1.9214846315265956E-002   4.9640274825278968E-005   1.6372920483001742E-002   4.2736897031538153E-005
  0.12999999523162842        2.4582171072654507E-002   1.4618327973443059E-004   1.9148052320740426E-002   4.9467716992105362E-005   1.6319532595843261E-002   4.2597542990297188E-005
  0.14000000059604645        2.4480451831933803E-002   1.4557838392694887E-004   1.9076320395738932E-002   4.9282402344650130E-005   1.6262189580405206E-002   4.2447865200754454E-005
  0.14999999105930328        2.4371850305256508E-002   1.4493256109433849E-004   1.8999705035855401E-002   4.9084471668648061E-005   1.6200929760846985E-002   4.2287963697333133E-005
  0.15999999642372131        2.4256466477466310E-002   1.4424640581843422E-004   1.8918266254661920E-002   4.8874080005162922E-005   1.6135795853368259E-002   4.2117949978640115E-005
  0.17000000178813934        2.4134408659101977E-002   1.4352056219164508E-004   1.8832069790501386E-002   4.8651397184822242E-005   1.6066835115739576E-002   4.1937947397774003E-005
  0.17999999225139618        2.4005797460756293E-002   1.4275574745135298E-004   1.8741190293060664E-002   4.8416616060116792E-005   1.5994102090432154E-002   4.1748098322492496E-005
  0.18999999761581421        2.3871722572945810E-002   1.4195844168156423E-004   1.8646508805444155E-002   4.8172012747187060E-005   1.5918368884673361E-002   4.1550418121227122E-005
  0.19999998807907104        2.3730256048607345E-002   1.4111717992159575E-004   1.8546390909238080E-002   4.7913364834991672E-005   1.5838167137282456E-002   4.1341074050720372E-005
  0.20999999344348907        2.3582689895905236E-002   1.4023964538178524E-004   1.8441884093719513E-002   4.7643378442264997E-005   1.5754416136785139E-002   4.1122465654725415E-005
  0.21999999880790710        2.3429169627861814E-002   1.3932670338728172E-004   1.8333079632991751E-002   4.7362289369569611E-005   1.5667183243979178E-002   4.0894768759630741E-005
  0.22999998927116394        2.3269845978282001E-002   1.3837925030976472E-004   1.8220072394981118E-002   4.7070342701870471E-005   1.5576538658015194E-002   4.0658166600545516E-005
  0.23999999463558197        2.3104883004261306E-002   1.3739826175078744E-004   1.8102967502611710E-002   4.6767810017235620E-005   1.5482561269321959E-002   4.0412865098712303E-005
  0.25000000000000000        2.2934448172468182E-002   1.3638473358767834E-004   1.7981872191305082E-002   4.6454968351229822E-005   1.5385331485624825E-002   4.0159074135849179E-005
  0.25999999046325684        2.2758712778934605E-002   1.3533968446991599E-004   1.7856896267582779E-002   4.6132101381682995E-005   1.5284931683921981E-002   3.9897008733905994E-005
  0.26999998092651367        2.2577849369875027E-002   1.3426414048146453E-004   1.7728150164930501E-002   4.5799494406145289E-005   1.5181444582823205E-002   3.9626884806513671E-005
  0.28000000119209290        2.2392809262339785E-002   1.3316375883811956E-004   1.7596392725206977E-002   4.5459107841983464E-005   1.5075530022868686E-002   3.9350424681539834E-005
  0.28999999165534973        2.2202150609487895E-002   1.3202996528094110E-004   1.7460388059916891E-002   4.5107748853639309E-005   1.4966071203886542E-002   3.9064713266713776E-005
  0.29999998211860657        2.2006930043280953E-002   1.3086904330397676E-004   1.7320982169546868E-002   4.4747603026985873E-005   1.4853805232622934E-002   3.8771674571569561E-005
  0.31000000238418579        2.1807334542210462E-002   1.2968210481589589E-004   1.7178296106783075E-002   4.4378983093569863E-005   1.4738823453834997E-002   3.8471547025865975E-005
  0.31999999284744263        2.1603558347848630E-002   1.2847030491687262E-004   1.7032456633450703E-002   4.4002216534118316E-005   1.4621222080947138E-002   3.8164581767646246E-005
  0.32999998331069946        2.1395795381746092E-002   1.2723479680400260E-004   1.6883590406741578E-002   4.3617630559044885E-005   1.4501097272492219E-002   3.7851029791674621E-005
  0.34000000357627869        2.1184239031742737E-002   1.2597673050055322E-004   1.6731823646739665E-002   4.3225551249524110E-005   1.4378544749646277E-002   3.7531140951118660E-005
  0.34999999403953552        2.0969088672471874E-002   1.2469729163157393E-004   1.6577287495056246E-002   4.2826317401168458E-005   1.4253664530813790E-002   3.7205176315850307E-005
  0.35999998450279236        2.0750540351557982E-002   1.2339764603732506E-004   1.6420110652316269E-002   4.2420261503464835E-005   1.4126554564397419E-002   3.6873391552584725E-005
  0.37000000476837158        2.0528794825098368E-002   1.2207898755803537E-004   1.6260425981714940E-002   4.2007726799623069E-005   1.3997316561757572E-002   3.6536052150178480E-005
  0.37999999523162842        2.0304053758763482E-002   1.2074251544291000E-004   1.6098367182696780E-002   4.1589058693247180E-005   1.3866052947194311E-002   3.6193425458416196E-005
  0.38999998569488525        2.0077145709814340E-002   1.1939315688969308E-004   1.5934591031204790E-002   4.1165953921213162E-005   1.3733332247692086E-002   3.5846995456849365E-005
  0.39999997615814209        1.9846953541182048E-002   1.1802426859742655E-004   1.5768133287886087E-002   4.0735921435417471E-005   1.3598279515543085E-002   3.5494478340940048E-005
  0.40999999642372131        1.9614369546648507E-002   1.1664115678707589E-004   1.5599704710140773E-002   4.0300797430232690E-005   1.3461511627363403E-002   3.5137484293334187E-005
  0.41999998688697815        1.9379591695717010E-002   1.1524499872777626E-004   1.5429437864275669E-002   3.9860924381877264E-005   1.3323130681570842E-002   3.4776279813192528E-005
  0.42999997735023499        1.9142825184992086E-002   1.1383701466620788E-004   1.5257463838328732E-002   3.9416640947560492E-005   1.3183237860385371E-002   3.4411129008199488E-005
  0.43999999761581421        1.8904301162777550E-002   1.1241857917653066E-004   1.5083915072656147E-002   3.8968289278115666E-005   1.3041935761582362E-002   3.4042299680948226E-005
  0.44999998807907104        1.8664158275088865E-002   1.1099051674772911E-004   1.4908924310524364E-002   3.8516212306924633E-005   1.2899327451710841E-002   3.3670060857633285E-005
  0.45999997854232788        1.8422609903626992E-002   1.0955409630095715E-004   1.4732656309265745E-002   3.8060835673574812E-005   1.2755514128568089E-002   3.3294676686599431E-005
  0.46999999880790710        1.8179820661768771E-002   1.0811029674581736E-004   1.4555201863340589E-002   3.7602393939503065E-005   1.2610609905470483E-002   3.2916445028515817E-005
  0.47999998927116394        1.7935983897465518E-002   1.0666026786837073E-004   1.4376695058475299E-002   3.7141233506247042E-005   1.2464714588945717E-002   3.2535626400209615E-005
  0.48999997973442078        1.7691295008325919E-002   1.0520517164341647E-004   1.4197254590924272E-002   3.6677661017669158E-005   1.2317907698147659E-002   3.2152428364033318E-005
  0.50000000000000000        1.7445924332788042E-002   1.0374602102589104E-004   1.4017014162389039E-002   3.6212021883204326E-005   1.2170301087551943E-002   3.1767142884588631E-005
  0.50999999046325684        1.7200063279920061E-002   1.0228395427186126E-004   1.3836091223368421E-002   3.5744619528388445E-005   1.2021981961468848E-002   3.1379997584163963E-005
  0.51999998092651367        1.6953889386531969E-002   1.0082002714296347E-004   1.3654615746734062E-002   3.5275789729472962E-005   1.1873050019779023E-002   3.0991252701214489E-005
  0.52999997138977051        1.6707552638236509E-002   9.9355131561588094E-005   1.3472700676925846E-002   3.4805824270890830E-005   1.1723603492877306E-002   3.0601164638516674E-005
  0.53999996185302734        1.6461240126332304E-002   9.7890380107236755E-005   1.3290472278998350E-002   3.4335049349995169E-005   1.1573731196999506E-002   3.0209965225836471E-005
  0.55000001192092896        1.6215104328747898E-002   9.6426679523403368E-005   1.3108038446789559E-002   3.3863743703325592E-005   1.1423526298866424E-002   2.9817897648655595E-005
  0.56000000238418579        1.5969318372119724E-002   9.4965059345658429E-005   1.2925522912404622E-002   3.3392226984529203E-005   1.1273084676906169E-002   2.9425212170603715E-005
  0.56999999284744263        1.5724026992540989E-002   9.3506380278971258E-005   1.2743023440375494E-002   3.2920751761758519E-005   1.1122493572689811E-002   2.9032136511228105E-005
  0.57999998331069946        1.5479398404956608E-002   9.2051642650460195E-005   1.2560664466941911E-002   3.2449639507745506E-005   1.0971843275690250E-002   2.8638906345765247E-005
  0.58999997377395630        1.5235559887593338E-002   9.0601603348057098E-005   1.2378550282446174E-002   3.1979159649638731E-005   1.0821215010642265E-002   2.8245733688506072E-005
  0.59999996423721313        1.4992656775416939E-002   8.9157126638058682E-005   1.2196778083638770E-002   3.1509563288765064E-005   1.0670698224268861E-002   2.7852852014925806E-005
  0.61000001430511475        1.4750841995864730E-002   8.7719121937061270E-005   1.2015454792582108E-002   3.1041126651146774E-005   1.0520364388626153E-002   2.7460447882694871E-005
  0.62000000476837158        1.4510219974703101E-002   8.6288210235821710E-005   1.1834674372902802E-002   3.0574092485550511E-005   1.0370307240842530E-002   2.7068765966183231E-005
  0.62999999523162842        1.4270955584243997E-002   8.4865371983756970E-005   1.1654543036945367E-002   3.0108735184489649E-005   1.0220602319320446E-002   2.6678003437112981E-005
  0.63999998569488525        1.4033145573134403E-002   8.3451182517947233E-005   1.1475131264327683E-002   2.9645236827359595E-005   1.0071320504228046E-002   2.6288345308197712E-005
  0.64999997615814209        1.3796910961666436E-002   8.2046361512141424E-005   1.1296555706704429E-002   2.9183898775935626E-005   9.9225384667427675E-003   2.5899991707949498E-005
  0.65999996662139893        1.3562380383238391E-002   8.0651673913096806E-005   1.1118876142260387E-002   2.8724875463174036E-005   9.7743305459380338E-003   2.5513136677579947E-005
  0.66999995708465576        1.3329632610266120E-002   7.9267588158286518E-005   1.0942202352922519E-002   2.8268450503366390E-005   9.6267572142334275E-003   2.5127938063306556E-005
  0.68000000715255737        1.3098805013900145E-002   7.7894921155430508E-005   1.0766587529520975E-002   2.7814761311477342E-005   9.4798955665200205E-003   2.4744597099626560E-005
  0.68999999761581421        1.2869962941130353E-002   7.6534061504757582E-005   1.0592128801914260E-002   2.7364058816022803E-005   9.3338107000286406E-003   2.4363283704524595E-005
  0.69999998807907104        1.2643232568357855E-002   7.5185759541951638E-005   1.0418897022935206E-002   2.6916526060574206E-005   9.1885595610585683E-003   2.3984146520274381E-005
  0.70999997854232788        1.2418667367162926E-002   7.3850333247509414E-005   1.0246957050839039E-002   2.6472330602111249E-005   9.0442073005209955E-003   2.3607355604978060E-005
  0.71999996900558472        1.2196383836000451E-002   7.2528475405082035E-005   1.0076382234527264E-002   2.6031661932632450E-005   8.9008071343058930E-003   2.3233049863726662E-005
  0.72999995946884155        1.1976442759028172E-002   7.1220547481014488E-005   9.9072311635785767E-003   2.5594671414409461E-005   8.7584133356684770E-003   2.2861370961565323E-005
  0.74000000953674316        1.1758899252248305E-002   6.9926877234720229E-005   9.7395696544411419E-003   2.5161529079849598E-005   8.6170917507212823E-003   2.2492490771223459E-005
  0.75000000000000000        1.1543856506686236E-002   6.8648078314297373E-005   9.5734520340518409E-003   2.4732375278973495E-005   8.4768754621755878E-003   2.2126495645800174E-005
  0.75999999046325684        1.1331343869256289E-002   6.7384325237618064E-005   9.4089376168877727E-003   2.4307363246779609E-005   8.3378218890825129E-003   2.1763535461554746E-005
  0.76999998092651367        1.1121451461545301E-002   6.6136153932493574E-005   9.2460725200776972E-003   2.3886612123796388E-005   8.1999863469765389E-003   2.1403754604108740E-005
  0.77999997138977051        1.0914216787411756E-002   6.4903787423856057E-005   9.0849036887586838E-003   2.3470243189656733E-005   8.0633938433785132E-003   2.1047218348551313E-005
  0.78999996185302734        1.0709673213516383E-002   6.3687424133882490E-005   8.9254919108418887E-003   2.3058413485877680E-005   7.9280985988114117E-003   2.0694068222284988E-005
  0.79999995231628418        1.0507896079773749E-002   6.2487512087923091E-005   8.7678574260119501E-003   2.2651175300335558E-005   7.7941381710303660E-003   2.0344402259250270E-005
  0.81000000238418579        1.0308893392613540E-002   6.1304098897970808E-005   8.6120603193912716E-003   2.2248683858939608E-005   7.6615441735311783E-003   1.9998302977573210E-005
  0.81999999284744263        1.0112733322161617E-002   6.0137589952652360E-005   8.4581172438650525E-003   2.1850982183308743E-005   7.5303567446489651E-003   1.9655875147071484E-005
  0.82999998331069946        9.9194305056512101E-003   5.8988072295490353E-005   8.3060818986647033E-003   2.1458209001828489E-005   7.4006030616631550E-003   1.9317189706377850E-005
  0.83999997377395630        9.7289979881628949E-003   5.7855623501921691E-005   8.1559635792516714E-003   2.1070388328703910E-005   7.2723117707755537E-003   1.8982321428333093E-005
  0.84999996423721313        9.5414874252504143E-003   5.6740550753042817E-005   8.0078111006612503E-003   2.0687646274325227E-005   7.1455221271590486E-003   1.8651372777508716E-005
  0.85999995470046997        9.3568896609837141E-003   5.5642799601104554E-005   7.8616282257612993E-003   2.0309992559810880E-005   7.0202429926528873E-003   1.8324366885239931E-005
  0.87000000476837158        9.1752469193083514E-003   5.4562621140073617E-005   7.7174507740335055E-003   1.9937519722404428E-005   6.8965132435688760E-003   1.8001405227188074E-005
  0.87999999523162842        8.9965453417293981E-003   5.3499932957365975E-005   7.5752983300108479E-003   1.9570278357441562E-005   6.7743391702615192E-003   1.7682504222551754E-005
  0.88999998569488525        8.8208192945554709E-003   5.2454939419784241E-005   7.4351821009904992E-003   1.9208297418227619E-005   6.6537506005657299E-003   1.7367741728492104E-005
  0.89999997615814209        8.6480513912556740E-003   5.1427537134503624E-005   7.2971212385486584E-003   1.8851626381583249E-005   6.5347633405953348E-003   1.7057159002417145E-005
  0.90999996662139893        8.4782546598712160E-003   5.0417803575632693E-005   7.1611229230104578E-003   1.8500283797399906E-005   6.4173855562913093E-003   1.6750777359215522E-005
  0.91999995708465576        8.3114291833361210E-003   4.9425739236356789E-005   7.0272048107766294E-003   1.8154315279812114E-005   6.3016385576641284E-003   1.6448652422667102E-005
  0.93000000715255737        8.1475504187279741E-003   4.8451198166797066E-005   6.8953584415850254E-003   1.7813698972296479E-005   6.1875317242672655E-003   1.6150808675454182E-005
  0.93999999761581421        7.9866395211354510E-003   4.7494306170334883E-005   6.7656086075161201E-003   1.7478498923540551E-005   6.0750721288725766E-003   1.5857264579055422E-005
  0.94999998807907104        7.8286632433863280E-003   4.6554865535358028E-005   6.6379393139379969E-003   1.7148673812478791E-005   5.9642656856749698E-003   1.5568035570810776E-005
  0.95999997854232788        7.6736197649901559E-003   4.5632865435920179E-005   6.5123691918355315E-003   1.6824271771018904E-005   5.8551290684745981E-003   1.5283165172978870E-005
  0.96999996900558472        7.5214944724379066E-003   4.4728218969579932E-005   6.3888789417455303E-003   1.6505242940284005E-005   5.7476510583311614E-003   1.5002624101676214E-005
  0.97999995946884155        7.3722534014462335E-003   4.3840724160266231E-005   6.2674750022583391E-003   1.6191603953943133E-005   5.6418449948982810E-003   1.4726447176311072E-005
  0.98999994993209839        7.2258992821097948E-003   4.2970397243086675E-005   6.1481605394383193E-003   1.5883362991312535E-005   5.5377107882161256E-003   1.4454634162068664E-005
   1.0000000000000000        7.0823978719549317E-003   4.2117034587650218E-005   6.0309140557282970E-003   1.5580464514886059E-005   5.4352438345986361E-003   1.4187173042323246E-005
