 gamma g3f pt DY-RATIO error R_dy tmp element 
   3.5151515151515151        0.0000000000000000       0.25000000000000000        1.0049999999999999        1.6000000000000000E-002  0.99721989645907505       0.23644535588871596      C
   3.5151515151515151        5.0505050505050509E-003  0.25000000000000000        1.0049999999999999        1.6000000000000000E-002  0.99718657492180440       0.23847504473661801      C
   3.5151515151515151        1.0101010101010102E-002  0.25000000000000000        1.0049999999999999        1.6000000000000000E-002  0.99715325753469597       0.24051315358126529      C
   3.5151515151515151        1.5151515151515152E-002  0.25000000000000000        1.0049999999999999        1.6000000000000000E-002  0.99711994429684581       0.24255967923754401      C
   3.5151515151515151        2.0202020202020204E-002  0.25000000000000000        1.0049999999999999        1.6000000000000000E-002  0.99708663520735130       0.24461461852160268      C
   3.5151515151515151        2.5252525252525252E-002  0.25000000000000000        1.0049999999999999        1.6000000000000000E-002  0.99705333026531062       0.24667796825088459      C
   3.5151515151515151        3.0303030303030304E-002  0.25000000000000000        1.0049999999999999        1.6000000000000000E-002  0.99702002946982105       0.24874972524423006      C
   3.5151515151515151        3.5353535353535352E-002  0.25000000000000000        1.0049999999999999        1.6000000000000000E-002  0.99698673281998140       0.25082988632172459      C
   3.5151515151515151        4.0404040404040407E-002  0.25000000000000000        1.0049999999999999        1.6000000000000000E-002  0.99695344031488931       0.25291844830487115      C
   3.5151515151515151        4.5454545454545456E-002  0.25000000000000000        1.0049999999999999        1.6000000000000000E-002  0.99692015195364470       0.25501540801636685      C
   3.5151515151515151        5.0505050505050504E-002  0.25000000000000000        1.0049999999999999        1.6000000000000000E-002  0.99688686773534541       0.25712076228038150      C
   3.5151515151515151        5.5555555555555552E-002  0.25000000000000000        1.0049999999999999        1.6000000000000000E-002  0.99685358765909116       0.25923450792230540      C
   3.5151515151515151        6.0606060606060608E-002  0.25000000000000000        1.0049999999999999        1.6000000000000000E-002  0.99682031172398178       0.26135664176886025      C
   3.5151515151515151        6.5656565656565663E-002  0.25000000000000000        1.0049999999999999        1.6000000000000000E-002  0.99678703992911655       0.26348716064814132      C
   3.5151515151515151        7.0707070707070704E-002  0.25000000000000000        1.0049999999999999        1.6000000000000000E-002  0.99675377227359641       0.26562606138947514      C
   3.5151515151515151        7.5757575757575760E-002  0.25000000000000000        1.0049999999999999        1.6000000000000000E-002  0.99672050875652107       0.26777334082360343      C
   3.5151515151515151        8.0808080808080815E-002  0.25000000000000000        1.0049999999999999        1.6000000000000000E-002  0.99668724937699149       0.26992899578252572      C
   3.5151515151515151        8.5858585858585856E-002  0.25000000000000000        1.0049999999999999        1.6000000000000000E-002  0.99665399413410893       0.27209302309955591      C
   3.5151515151515151        9.0909090909090912E-002  0.25000000000000000        1.0049999999999999        1.6000000000000000E-002  0.99662074302697445       0.27426541960935724      C
   3.5151515151515151        9.5959595959595953E-002  0.25000000000000000        1.0049999999999999        1.6000000000000000E-002  0.99658749605468988       0.27644618214787708      C
   3.5151515151515151       0.10101010101010101       0.25000000000000000        1.0049999999999999        1.6000000000000000E-002  0.99655425321635660       0.27863530755242594      C
   3.5151515151515151       0.10606060606060606       0.25000000000000000        1.0049999999999999        1.6000000000000000E-002  0.99652101451107700       0.28083279266158229      C
   3.5151515151515151       0.11111111111111110       0.25000000000000000        1.0049999999999999        1.6000000000000000E-002  0.99648777993795323       0.28303863431527210      C
   3.5151515151515151       0.11616161616161616       0.25000000000000000        1.0049999999999999        1.6000000000000000E-002  0.99645454949608880       0.28525282935466523      C
   3.5151515151515151       0.12121212121212122       0.25000000000000000        1.0049999999999999        1.6000000000000000E-002  0.99642132318458587       0.28747537462235179      C
   3.5151515151515151       0.12626262626262627       0.25000000000000000        1.0049999999999999        1.6000000000000000E-002  0.99638810100254782       0.28970626696217194      C
   3.5151515151515151       0.13131313131313133       0.25000000000000000        1.0049999999999999        1.6000000000000000E-002  0.99635488294907870       0.29194550321925128      C
   3.5151515151515151       0.13636363636363635       0.25000000000000000        1.0049999999999999        1.6000000000000000E-002  0.99632166902328156       0.29419308024011298      C
   3.5151515151515151       0.14141414141414141       0.25000000000000000        1.0049999999999999        1.6000000000000000E-002  0.99628845922426112       0.29644899487249698      C
   3.5151515151515151       0.14646464646464646       0.25000000000000000        1.0049999999999999        1.6000000000000000E-002  0.99625525355112154       0.29871324396550974      C
   3.5151515151515151       0.15151515151515152       0.25000000000000000        1.0049999999999999        1.6000000000000000E-002  0.99622205200296754       0.30098582436954807      C
   3.5151515151515151       0.15656565656565657       0.25000000000000000        1.0049999999999999        1.6000000000000000E-002  0.99618885457890405       0.30326673293632139      C
   3.5151515151515151       0.16161616161616163       0.25000000000000000        1.0049999999999999        1.6000000000000000E-002  0.99615566127803623       0.30555596651885092      C
   3.5151515151515151       0.16666666666666666       0.25000000000000000        1.0049999999999999        1.6000000000000000E-002  0.99612247209946991       0.30785352197143845      C
   3.5151515151515151       0.17171717171717171       0.25000000000000000        1.0049999999999999        1.6000000000000000E-002  0.99608928704231037       0.31015939614975008      C
   3.5151515151515151       0.17676767676767677       0.25000000000000000        1.0049999999999999        1.6000000000000000E-002  0.99605610610566386       0.31247358591070834      C
   3.5151515151515151       0.18181818181818182       0.25000000000000000        1.0049999999999999        1.6000000000000000E-002  0.99602292928863723       0.31479608811252119      C
   3.5151515151515151       0.18686868686868688       0.25000000000000000        1.0049999999999999        1.6000000000000000E-002  0.99598975659033651       0.31712689961477541      C
   3.5151515151515151       0.19191919191919191       0.25000000000000000        1.0049999999999999        1.6000000000000000E-002  0.99595658800986864       0.31946601727831941      C
   3.5151515151515151       0.19696969696969696       0.25000000000000000        1.0049999999999999        1.6000000000000000E-002  0.99592342354634145       0.32181343796526152      C
   3.5151515151515151       0.20202020202020202       0.25000000000000000        1.0049999999999999        1.6000000000000000E-002  0.99589026319886165       0.32416915853911127      C
   3.5151515151515151       0.20707070707070707       0.25000000000000000        1.0049999999999999        1.6000000000000000E-002  0.99585587459816360       0.32662120845510817      C
   3.5151515151515151       0.21212121212121213       0.25000000000000000        1.0049999999999999        1.6000000000000000E-002  0.99582272248486658       0.32899383824129452      C
   3.5151515151515151       0.21717171717171718       0.25000000000000000        1.0049999999999999        1.6000000000000000E-002  0.99578957448494143       0.33137475847046849      C
   3.5151515151515151       0.22222222222222221       0.25000000000000000        1.0049999999999999        1.6000000000000000E-002  0.99575643059749719       0.33376396601126651      C
   3.5151515151515151       0.22727272727272727       0.25000000000000000        1.0049999999999999        1.6000000000000000E-002  0.99572329082164235       0.33616145773368405      C
   3.5151515151515151       0.23232323232323232       0.25000000000000000        1.0049999999999999        1.6000000000000000E-002  0.99569015515648629       0.33856723050897208      C
   3.5151515151515151       0.23737373737373738       0.25000000000000000        1.0049999999999999        1.6000000000000000E-002  0.99565702360113828       0.34098128120970750      C
   3.5151515151515151       0.24242424242424243       0.25000000000000000        1.0049999999999999        1.6000000000000000E-002  0.99562389615470825       0.34340360670973696      C
   3.5151515151515151       0.24747474747474749       0.25000000000000000        1.0049999999999999        1.6000000000000000E-002  0.99559077281630592       0.34583420388424041      C
   3.5151515151515151       0.25252525252525254       0.25000000000000000        1.0049999999999999        1.6000000000000000E-002  0.99555765358504222       0.34827306960962490      C
   3.5151515151515151       0.25757575757575757       0.25000000000000000        1.0049999999999999        1.6000000000000000E-002  0.99552453846002653       0.35072020076372801      C
   3.5151515151515151       0.26262626262626265       0.25000000000000000        1.0049999999999999        1.6000000000000000E-002  0.99549142744037056       0.35317559422553119      C
   3.5151515151515151       0.26767676767676768       0.25000000000000000        1.0049999999999999        1.6000000000000000E-002  0.99545832052518501       0.35563924687540449      C
   3.5151515151515151       0.27272727272727271       0.25000000000000000        1.0049999999999999        1.6000000000000000E-002  0.99542521771358194       0.35811115559493334      C
   3.5151515151515151       0.27777777777777779       0.25000000000000000        1.0049999999999999        1.6000000000000000E-002  0.99539127421270102       0.36065473146680638      C
   3.5151515151515151       0.28282828282828282       0.25000000000000000        1.0049999999999999        1.6000000000000000E-002  0.99535817960487782       0.36314336145231213      C
   3.5151515151515151       0.28787878787878790       0.25000000000000000        1.0049999999999999        1.6000000000000000E-002  0.99532508909797202       0.36564023813350738      C
   3.5151515151515151       0.29292929292929293       0.25000000000000000        1.0049999999999999        1.6000000000000000E-002  0.99529200269109752       0.36814535839709256      C
   3.5151515151515151       0.29797979797979796       0.25000000000000000        1.0049999999999999        1.6000000000000000E-002  0.99525892038336561       0.37065871913128107      C
   3.5151515151515151       0.30303030303030304       0.25000000000000000        1.0049999999999999        1.6000000000000000E-002  0.99522584217389065       0.37318031722536155      C
   3.5151515151515151       0.30808080808080807       0.25000000000000000        1.0049999999999999        1.6000000000000000E-002  0.99519276806178536       0.37571014957005938      C
   3.5151515151515151       0.31313131313131315       0.25000000000000000        1.0049999999999999        1.6000000000000000E-002  0.99515969804616322       0.37824821305735090      C
   3.5151515151515151       0.31818181818181818       0.25000000000000000        1.0049999999999999        1.6000000000000000E-002  0.99512663212613861       0.38079450458045344      C
   3.5151515151515151       0.32323232323232326       0.25000000000000000        1.0049999999999999        1.6000000000000000E-002  0.99509357030082524       0.38334902103394414      C
   3.5151515151515151       0.32828282828282829       0.25000000000000000        1.0049999999999999        1.6000000000000000E-002  0.99506051256933781       0.38591175931363125      C
   3.5151515151515151       0.33333333333333331       0.25000000000000000        1.0049999999999999        1.6000000000000000E-002  0.99502745893079070       0.38848271631665654      C
   3.5151515151515151       0.33838383838383840       0.25000000000000000        1.0049999999999999        1.6000000000000000E-002  0.99499440938429951       0.39106188894137373      C
   3.5151515151515151       0.34343434343434343       0.25000000000000000        1.0049999999999999        1.6000000000000000E-002  0.99496136392897916       0.39364927408749462      C
   3.5151515151515151       0.34848484848484851       0.25000000000000000        1.0049999999999999        1.6000000000000000E-002  0.99492832256394526       0.39624486865598491      C
   3.5151515151515151       0.35353535353535354       0.25000000000000000        1.0049999999999999        1.6000000000000000E-002  0.99489528528831317       0.39884866954913328      C
   3.5151515151515151       0.35858585858585856       0.25000000000000000        1.0049999999999999        1.6000000000000000E-002  0.99486225210120027       0.40146067367037552      C
   3.5151515151515151       0.36363636363636365       0.25000000000000000        1.0049999999999999        1.6000000000000000E-002  0.99482922300172127       0.40408087792466185      C
   3.5151515151515151       0.36868686868686867       0.25000000000000000        1.0049999999999999        1.6000000000000000E-002  0.99479619798899410       0.40670927921799155      C
   3.5151515151515151       0.37373737373737376       0.25000000000000000        1.0049999999999999        1.6000000000000000E-002  0.99476317706213546       0.40934587445776321      C
   3.5151515151515151       0.37878787878787878       0.25000000000000000        1.0049999999999999        1.6000000000000000E-002  0.99473016022026195       0.41199066055268707      C
   3.5151515151515151       0.38383838383838381       0.25000000000000000        1.0049999999999999        1.6000000000000000E-002  0.99469714746249172       0.41464363441265117      C
   3.5151515151515151       0.38888888888888890       0.25000000000000000        1.0049999999999999        1.6000000000000000E-002  0.99466413878794235       0.41730479294888895      C
   3.5151515151515151       0.39393939393939392       0.25000000000000000        1.0049999999999999        1.6000000000000000E-002  0.99463113419573157       0.41997413307392573      C
   3.5151515151515151       0.39898989898989901       0.25000000000000000        1.0049999999999999        1.6000000000000000E-002  0.99459813368497862       0.42265165170146152      C
   3.5151515151515151       0.40404040404040403       0.25000000000000000        1.0049999999999999        1.6000000000000000E-002  0.99456513725480056       0.42533734574667592      C
   3.5151515151515151       0.40909090909090912       0.25000000000000000        1.0049999999999999        1.6000000000000000E-002  0.99453154256652176       0.42808047279899802      C
   3.5151515151515151       0.41414141414141414       0.25000000000000000        1.0049999999999999        1.6000000000000000E-002  0.99449855429835488       0.43078266337733839      C
   3.5151515151515151       0.41919191919191917       0.25000000000000000        1.0049999999999999        1.6000000000000000E-002  0.99446557010812131       0.43349302010509771      C
   3.5151515151515151       0.42424242424242425       0.25000000000000000        1.0049999999999999        1.6000000000000000E-002  0.99443258999494089       0.43621153990242667      C
   3.5151515151515151       0.42929292929292928       0.25000000000000000        1.0049999999999999        1.6000000000000000E-002  0.99439961395793319       0.43893821969079116      C
   3.5151515151515151       0.43434343434343436       0.25000000000000000        1.0049999999999999        1.6000000000000000E-002  0.99436664199621883       0.44167305639287069      C
   3.5151515151515151       0.43939393939393939       0.25000000000000000        1.0049999999999999        1.6000000000000000E-002  0.99433367410891838       0.44441604693264042      C
   3.5151515151515151       0.44444444444444442       0.25000000000000000        1.0049999999999999        1.6000000000000000E-002  0.99430071029515232       0.44716718823537971      C
   3.5151515151515151       0.44949494949494950       0.25000000000000000        1.0049999999999999        1.6000000000000000E-002  0.99426775055404204       0.44992647722758849      C
   3.5151515151515151       0.45454545454545453       0.25000000000000000        1.0049999999999999        1.6000000000000000E-002  0.99423479488470834       0.45269391083710725      C
   3.5151515151515151       0.45959595959595961       0.25000000000000000        1.0049999999999999        1.6000000000000000E-002  0.99420184328627359       0.45546948599293924      C
   3.5151515151515151       0.46464646464646464       0.25000000000000000        1.0049999999999999        1.6000000000000000E-002  0.99416889575785938       0.45825319962544597      C
   3.5151515151515151       0.46969696969696972       0.25000000000000000        1.0049999999999999        1.6000000000000000E-002  0.99413595229858764       0.46104504866625307      C
   3.5151515151515151       0.47474747474747475       0.25000000000000000        1.0049999999999999        1.6000000000000000E-002  0.99410301290758107       0.46384503004821231      C
   3.5151515151515151       0.47979797979797978       0.25000000000000000        1.0049999999999999        1.6000000000000000E-002  0.99407007758396204       0.46665314070549496      C
   3.5151515151515151       0.48484848484848486       0.25000000000000000        1.0049999999999999        1.6000000000000000E-002  0.99403714632685403       0.46946937757346813      C
   3.5151515151515151       0.48989898989898989       0.25000000000000000        1.0049999999999999        1.6000000000000000E-002  0.99400421913538017       0.47229373758881715      C
   3.5151515151515151       0.49494949494949497       0.25000000000000000        1.0049999999999999        1.6000000000000000E-002  0.99397129600866385       0.47512621768949820      C
   3.5151515151515151       0.50000000000000000       0.25000000000000000        1.0049999999999999        1.6000000000000000E-002  0.99393837694582887       0.47796681481471814      C
