 x kt FF(p) FF(Pb) ratio
  0.34999999403953552        9.9999997764825821E-003  0.97694423787819062       0.58864667057353703       0.60253865855436051     
  0.35353535413742065        9.9999997764825821E-003  0.95375694182675219       0.57280958644303503       0.60058235104000390     
  0.35707071423530579        9.9999997764825821E-003  0.93081403676309349       0.55746640946001291       0.59890202279136528     
  0.36060604453086853        9.9999997764825821E-003  0.90827413275083058       0.54257118838236418       0.59736501218978266     
  0.36414140462875366        9.9999997764825821E-003  0.88611778906057159       0.52809647860953424       0.59596645629854927     
  0.36767676472663879        9.9999997764825821E-003  0.86435662200268915       0.51401798251443420       0.59468276106159690     
  0.37121212482452393        9.9999997764825821E-003  0.84298414825912960       0.50033712771348882       0.59353088518538477     
  0.37474745512008667        9.9999997764825821E-003  0.82200755967809358       0.48704718531708330       0.59250937486245969     
  0.37828281521797180        9.9999997764825821E-003  0.80257560886488055       0.47413611340677680       0.59076815713022879     
  0.38181817531585693        9.9999997764825821E-003  0.78353927346911667       0.46157854564855394       0.58909433295527991     
  0.38535353541374207        9.9999997764825821E-003  0.76479016635128072       0.44935690989325633       0.58755581552137703     
  0.38888889551162720        9.9999997764825821E-003  0.74634476965255803       0.43749299140263470       0.58618082311516506     
  0.39242422580718994        9.9999997764825821E-003  0.72819051465267937       0.42597465186484756       0.58497693020352248     
  0.39595958590507507        9.9999997764825821E-003  0.71033181900696096       0.41478913890236097       0.58393715134742707     
  0.39949494600296021        9.9999997764825821E-003  0.69275241081680605       0.40391359593627574       0.58305621117944850     
  0.40303030610084534        9.9999997764825821E-003  0.67655722795971485       0.39330906955449502       0.58133895153347526     
  0.40656566619873047        9.9999997764825821E-003  0.66073108639637712       0.38297770635867534       0.57962719515352779     
  0.41010099649429321        9.9999997764825821E-003  0.64509621805939010       0.37290644917019283       0.57806330083904101     
  0.41363635659217834        9.9999997764825821E-003  0.62966033513299968       0.36316744253073907       0.57676722236923061     
  0.41717171669006348        9.9999997764825821E-003  0.61442214226278735       0.35372430943907102       0.57570241224767527     
  0.42070704698562622        9.9999997764825821E-003  0.59940911363865479       0.34456124782899539       0.57483484983631594     
  0.42424243688583374        9.9999997764825821E-003  0.58461237293481927       0.33565373284214567       0.57414750077410526     
  0.42777776718139648        9.9999997764825821E-003  0.57104073118634535       0.32694195201615217       0.57253700858943202     
  0.43131312727928162        9.9999997764825821E-003  0.55789697465235843       0.31844934536295727       0.57080314077951788     
  0.43484848737716675        9.9999997764825821E-003  0.54489677654224467       0.31016770205719152       0.56922286093418450     
  0.43838381767272949        9.9999997764825821E-003  0.53204200704085425       0.30214239613817112       0.56789199375185861     
  0.44191917777061462        9.9999997764825821E-003  0.51933468945145134       0.29439611367922897       0.56687165263346007     
  0.44545453786849976        9.9999997764825821E-003  0.50677149866729077       0.28688436793351879       0.56610201774955415     
  0.44898989796638489        9.9999997764825821E-003  0.49437548762677574       0.27959801406177492       0.56555800410730495     
  0.45252525806427002        9.9999997764825821E-003  0.48309430808057618       0.27248319034524809       0.56403726102233465     
  0.45606058835983276        9.9999997764825821E-003  0.47228932087244968       0.26553439197239098       0.56222823645869258     
  0.45959594845771790        9.9999997764825821E-003  0.46157038707248071       0.25876377066974704       0.56061605752258359     
  0.46313130855560303        9.9999997764825821E-003  0.45093172960260924       0.25216716595959465       0.55921362238541295     
  0.46666666865348816        9.9999997764825821E-003  0.44037520162037402       0.24580021707695468       0.55816089591903739     
  0.47020202875137329        9.9999997764825821E-003  0.42991160707360154       0.23964725504764486       0.55743378663097332     
  0.47373735904693604        9.9999997764825821E-003  0.41954483908849732       0.23367993208941548       0.55698440385325265     
  0.47727271914482117        9.9999997764825821E-003  0.41017804528334906       0.22788982259112636       0.55558756791505293     
  0.48080807924270630        9.9999997764825821E-003  0.40133759082597481       0.22224436717641166       0.55375916001045544     
  0.48434340953826904        9.9999997764825821E-003  0.39251975644749681       0.21674057703084137       0.55217749800023752     
  0.48787879943847656        9.9999997764825821E-003  0.38372779139201846       0.21138884965923499       0.55088230355272594     
  0.49141412973403931        9.9999997764825821E-003  0.37497256101079401       0.20618796321166602       0.54987480325455240     
  0.49494948983192444        9.9999997764825821E-003  0.36626605001999568       0.20114968567029404       0.54919009189989787     
  0.49848484992980957        9.9999997764825821E-003  0.35760529995025098       0.19628012717522189       0.54887365260673660     
  0.50202018022537231        9.9999997764825821E-003  0.34985579538792044       0.19155225352381716       0.54751773744786436     
  0.50555557012557983        9.9999997764825821E-003  0.34271721064764171       0.18695758145594421       0.54551559025193264     
  0.50909090042114258        9.9999997764825821E-003  0.33554072042415817       0.18248850856911017       0.54386397078252025     
  0.51262629032135010        9.9999997764825821E-003  0.32833144740105097       0.17812115281203134       0.54250408915128845     
  0.51616162061691284        9.9999997764825821E-003  0.32111462035654847       0.17384600731300329       0.54138303363445117     
  0.51969695091247559        9.9999997764825821E-003  0.31380284961925592       0.16969816853879033       0.54077956508262737     
  0.52323234081268311        9.9999997764825821E-003  0.30647906691673704       0.16567386052526348       0.54057153786060386     
  0.52676767110824585        9.9999997764825821E-003  0.29995021994931770       0.16176734779160232       0.53931398289668198     
  0.53030300140380859        9.9999997764825821E-003  0.29413501581020024       0.15797364090244256       0.53707866255672176     
  0.53383839130401611        9.9999997764825821E-003  0.28824332131528041       0.15429016665724482       0.53527750774312755     
  0.53737372159957886        9.9999997764825821E-003  0.28227601378275408       0.15071345082774160       0.53392227277140891     
  0.54090905189514160        9.9999997764825821E-003  0.27625590396194066       0.14723995900339043       0.53298393587879822     
  0.54444444179534912        9.9999997764825821E-003  0.27019918177615126       0.14388438143335780       0.53251227663805434     
  0.54797983169555664        9.9999997764825821E-003  0.26410993176468323       0.14063364320848792       0.53248146432368826     
  0.55151516199111938        9.9999997764825821E-003  0.25868418556128220       0.13748347110885262       0.53147226920944812     
  0.55505049228668213        9.9999997764825821E-003  0.25407996678645756       0.13443069919172496       0.52908814847534880     
  0.55858588218688965        9.9999997764825821E-003  0.24935176775935886       0.13147060718569770       0.52724954936985102     
  0.56212121248245239        9.9999997764825821E-003  0.24451832552080233       0.12859002222310173       0.52589114516965707     
  0.56565654277801514        9.9999997764825821E-003  0.23958947938985176       0.12579376863069161       0.52503878280066008     
  0.56919193267822266        9.9999997764825821E-003  0.23457949869186387       0.12307922793401775       0.52468024111386946     
  0.57272726297378540        9.9999997764825821E-003  0.22950096895285046       0.12044399179163486       0.52480820600099221     
  0.57626259326934814        9.9999997764825821E-003  0.22497357402700133       0.11788861946430067       0.52401096428397265     
  0.57979798316955566        9.9999997764825821E-003  0.22140270941902032       0.11542036094994348       0.52131413049468278     
  0.58333331346511841        9.9999997764825821E-003  0.21765153724390418       0.11302879355989855       0.51931079831169058     
  0.58686870336532593        9.9999997764825821E-003  0.21374980748090971       0.11071140803599731       0.51794857427361707     
  0.59040403366088867        9.9999997764825821E-003  0.20971850031955094       0.10846594692625454       0.51719779972192959     
  0.59393942356109619        9.9999997764825821E-003  0.20557115527988395       0.10628793162395486       0.51703718587972347     
  0.59747475385665894        9.9999997764825821E-003  0.20132020836389744       0.10416332757422866       0.51740125057861885     
  0.60101008415222168        9.9999997764825821E-003  0.19747962723677420       0.10209978317459183       0.51701425915786337     
  0.60454547405242920        9.9999997764825821E-003  0.19472101131952985       0.10009555546602723       0.51404599220047287     
  0.60808080434799194        9.9999997764825821E-003  0.19177023163779289        9.8149070055625412E-002  0.51180555614598733     
  0.61161613464355469        9.9999997764825821E-003  0.18862765066994594        9.6258706371231378E-002  0.51031068896501020     
  0.61515152454376221        9.9999997764825821E-003  0.18531720310453575        9.4427141466395997E-002  0.50954331213994475     
  0.61868685483932495        9.9999997764825821E-003  0.18185944598298590        9.2649774838968052E-002  0.50945813860906641     
  0.62222218513488770        9.9999997764825821E-003  0.17826934249888396        9.0924569056168636E-002  0.51004041290351343     
  0.62575757503509521        9.9999997764825821E-003  0.17495417631119775        8.9249812596305739E-002  0.51013250714034775     
  0.62929296493530273        9.9999997764825821E-003  0.17286562808458089        8.7623930986304610E-002  0.50689042094262582     
  0.63282823562622070        9.9999997764825821E-003  0.17053436820916160        8.6039331058922308E-002  0.50452780845556289     
  0.63636362552642822        9.9999997764825821E-003  0.16798224358903194        8.4492911109087812E-002  0.50298715687950613     
  0.63989901542663574        9.9999997764825821E-003  0.16523250617985147        8.2988317553666271E-002  0.50225176312060260     
  0.64343434572219849        9.9999997764825821E-003  0.16229669981727982        8.1524546041372117E-002  0.50231795306470028     
  0.64696967601776123        9.9999997764825821E-003  0.15920004856828632        8.0100615233437769E-002  0.50314441455135539     
  0.65050506591796875        9.9999997764825821E-003  0.15623614881728382        7.8715539454108599E-002  0.50382411528951232     
  0.65404039621353149        9.9999997764825821E-003  0.15468559663798134        7.7360934582074117E-002  0.50011724597168472     
  0.65757572650909424        9.9999997764825821E-003  0.15285178760894719        7.6040192332494233E-002  0.49747663093763661     
  0.66111111640930176        9.9999997764825821E-003  0.15075976194085314        7.4752372011747656E-002  0.49583768937679074     
  0.66464650630950928        9.9999997764825821E-003  0.14843479202846513        7.3496434622592352E-002  0.49514290833174773     
  0.66818177700042725        9.9999997764825821E-003  0.14590425183990063        7.2271371771532256E-002  0.49533424050475894     
  0.67171716690063477        9.9999997764825821E-003  0.14318173347106949        7.1075142061959876E-002  0.49639811125991795     
  0.67525255680084229        9.9999997764825821E-003  0.14043485828630983        6.9904199395719929E-002  0.49776957265982785     
  0.67878788709640503        9.9999997764825821E-003  0.13930107900662589        6.8761001519119111E-002  0.49361427786103851     
  0.68232321739196777        9.9999997764825821E-003  0.13784396908803542        6.7644989840655506E-002  0.49073594070302312     
  0.68585860729217529        9.9999997764825821E-003  0.13609540000380560        6.6555632284370919E-002  0.48903660434158569     
  0.68939393758773804        9.9999997764825821E-003  0.13408630549003062        6.5492449319499574E-002  0.48843503503323066     
  0.69292926788330078        9.9999997764825821E-003  0.13184089940736005        6.4449294823911096E-002  0.48884143777551625     
  0.69646465778350830        9.9999997764825821E-003  0.12938216086709184        6.3414763561981488E-002  0.49013529482727120     
  0.69999998807907104        9.9999997764825821E-003  0.12673393687836179        6.2398686979746196E-002  0.49235973028783875     
