 kt up dp u1 d1 u2 d2
   0.0000000000000000        0.0000000000000000        0.0000000000000000        0.0000000000000000        0.0000000000000000        0.0000000000000000        0.0000000000000000     
   9.9999997764825821E-003   11.254372194666393        4.0250144673950441        10.073661030187615        3.3552438496784354        9.6074308078436399        3.1491836517751413     
   1.9999999552965164E-002   11.245754094356069        4.0219322893907501        10.066665176999786        3.3529137342108437        9.6010054193046699        3.1470774978045366     
   2.9999999329447746E-002   11.232172774601477        4.0170750652335059        10.055787034027158        3.3492905407963094        9.5910752655252978        3.1438225300023159     
   3.9999999105930328E-002   11.212493479640340        4.0100369607922604        10.039881545688020        3.3439928846843832        9.5764959065092849        3.1390436166814824     
   4.9999997019767761E-002   11.188281959021273        4.0013779508462815        10.020513305829354        3.3375418866341082        9.5588263659578914        3.1332517843642109     
   5.9999998658895493E-002   11.158446931733959        3.9907077495778815        9.9964579944268852        3.3295297612118455        9.5368059376329075        3.1260337908888367     
   7.0000000298023224E-002   11.123301409519241        3.9781383025281891        9.9682658286294838        3.3201397697660959        9.5110413172380923        3.1175885027608898     
   7.9999998211860657E-002   11.082888865424515        3.9636851574009482        9.9358255799183173        3.3093348653084202        9.4814043663445666        3.1078739179661548     
   8.9999996125698090E-002   11.037266414460509        3.9473687408126295        9.8991820259788668        3.2971299619850623        9.4479241740426883        3.0968995715082763     
   9.9999994039535522E-002   10.986488168731061        3.9292084054198799        9.8583912665869065        3.2835437450016389        9.4106436452443809        3.0846795270271525     
  0.10999999940395355        10.930634315440660        3.9092328293801839        9.8134963077200599        3.2685905383999732        9.3696023054339079        3.0712267404327829     
  0.11999999731779099        10.869769100588302        3.8874649896371598        9.7645444826873184        3.2522861075302583        9.3248487927626300        3.0565571546420811     
  0.12999999523162842        10.804001850463765        3.8639439856528148        9.7116157018443090        3.2346570682105602        9.2764486785260836        3.0406922630236721     
  0.14000000059604645        10.733394753572519        3.8386920585286415        9.6547659421100143        3.2157220647264650        9.2244376850421759        3.0236437748619482     
  0.14999999105930328        10.658067689568465        3.8117520820325357        9.5940658023782710        3.1955046115186136        9.1689033058285485        3.0054403693283640     
  0.15999999642372131        10.578112788985361        3.7831570057351116        9.5295790130413760        3.1740259353293179        9.1098911535312066        2.9860969976207974     
  0.17000000178813934        10.493645035429324        3.7529479523813811        9.4614075097820791        3.1513199879732774        9.0474807228850942        2.9656397170197732     
  0.17999999225139618        10.404770483438389        3.7211628513238315        9.3896230482699448        3.1274106691795120        8.9817402371891024        2.9440908901841372     
  0.18999999761581421        10.311625492750386        3.6878504702687360        9.3143127504665308        3.1023269967425358        8.9127486599850272        2.9214764002766085     
  0.19999998807907104        10.214316050047728        3.6530487143006889        9.2355679746433204        3.0760993994486232        8.8405969139498559        2.8978260504999063     
  0.20999999344348907        10.112981881526169        3.6168075551062202        9.1534832228350691        3.0487593531802712        8.7653378132091415        2.8731571525978259     
  0.21999999880790710        10.007770899972428        3.5791798922248250        9.0681518632149469        3.0203379561636221        8.6870908209481801        2.8475088649590981     
  0.22999998927116394        9.8987947190992553        3.5402056431926274        8.9796855454841928        2.9908723956707379        8.6059313285947052        2.8209058998565739     
  0.23999999463558197        9.7862094940639732        3.4999406553511321        8.8881832629238335        2.9603956434877756        8.5219511145940618        2.7933783410020818     
  0.25000000000000000        9.6701687430590368        3.4584398329575365        8.7937453921259774        2.9289411321416323        8.4352336135826551        2.7649535371216349     
  0.25999999046325684        9.5508072214852202        3.4157513699429032        8.6964963686644303        2.8965503075070940        8.3458988753323489        2.7356708388789590     
  0.26999998092651367        9.4282846200553401        3.3719323781050603        8.5965410280893710        2.8632580872604549        8.2540342387660672        2.7055588747714916     
  0.28000000119209290        9.3027659868174482        3.3270418852395767        8.4939935707686605        2.8291025082267378        8.1597343959502702        2.6746486835559504     
  0.28999999165534973        9.1743879123962060        3.2811287416271142        8.3889711387930888        2.7941225870334008        8.0631156182823087        2.6429783773968878     
  0.29999998211860657        9.0433261828456608        3.2342558154044725        8.2815880285196375        2.7583563924766641        7.9642722885692532        2.6105788936800511     
  0.31000000238418579        8.9097288744834131        3.1864760645963459        8.1719711530770365        2.7218461956328768        7.8633119517905197        2.5774854841702233     
  0.31999999284744263        8.7737652161627722        3.1378500122217932        8.0602329837716802        2.6846294574269089        7.7603503869785202        2.5437360996414875     
  0.32999998331069946        8.6355979545729031        3.0884358630182391        7.9465120639865416        2.6467523226349585        7.6554900400272254        2.5093643204485638     
  0.34000000357627869        8.4953904851988007        3.0382920537584863        7.8309093086230517        2.6082484030791102        7.5488317190082022        2.4744031900905226     
  0.34999999403953552        8.3533215111924672        2.9874824958504531        7.7135653656038592        2.5691645444965818        7.4405031266560551        2.4388945677669898     
  0.35999998450279236        8.2095270722696032        2.9360558425476815        7.5946036678976103        2.5295418588235101        7.3306060925395098        2.4028718318097497     
  0.37000000476837158        8.0641847755837794        2.8840756132851268        7.4741383545221289        2.4894183624509982        7.2192513377706122        2.3663712750761694     
  0.37999999523162842        7.9174588702091535        2.8316005501132877        7.3522874360515917        2.4488333612730955        7.1065432842271452        2.3294271256212795     
  0.38999998569488525        7.7695114423781595        2.7786886215637909        7.2291996917340340        2.4078364093352955        6.9926079421550655        2.2920806878702145     
  0.39999997615814209        7.6205038552377609        2.7253975375639228        7.1049909241621245        2.3664660771171575        6.8775486547244222        2.2543658362924477     
  0.40999999642372131        7.4706073594723019        2.6717885442205431        6.9797750856511369        2.3247603188245836        6.7614757317204459        2.2163187289180768     
  0.41999998688697815        7.3199572514028759        2.6179100289194910        6.8536800119496863        2.2827617128318156        6.6444931706736527        2.1779734547069336     
  0.42999997735023499        7.1687213891133128        2.5638220244377359        6.7268268857237770        2.2405106215645505        6.5267237551414343        2.1393702604200269     
  0.43999999761581421        7.0170533372263773        2.5095794516378223        6.5993357117979317        2.1980470151436973        6.4082687191304499        2.1005423291720966     
  0.44999998807907104        6.8651055463105575        2.4552368329518375        6.4713262867285595        2.1554107943221097        6.2892362583611776        2.0615251260318841     
  0.45999997854232788        6.7130304382243091        2.4008486805440210        6.3429157429733545        2.1126409725187569        6.1697323294978572        2.0223533821363144     
  0.46999999880790710        6.5609653263781276        2.3464641031922069        6.2142132954012768        2.0697739260337995        6.0498516570124199        1.9830581468641812     
  0.47999998927116394        6.4090642554965873        2.2921381934625877        6.0853462356594008        2.0268520520170559        5.9297221240393743        1.9436813385477223     
  0.48999997973442078        6.2574536021858380        2.2379161486935191        5.9564197907362937        1.9839103985215831        5.8094240599486202        1.9042492880493207     
  0.50000000000000000        6.1062691961319766        2.1838465470235371        5.8275433752071368        1.9409854083638836        5.6890719099546345        1.8647995089358842     
  0.50999999046325684        5.9556677051346654        2.1299854191355925        5.6988252594965259        1.8981131432771392        5.5687445789407990        1.8253578651427127     
  0.51999998092651367        5.8057439869849983        2.0763666899767999        5.5703701317926120        1.8553284718556315        5.4485600883343812        1.7859630424700759     
  0.52999997138977051        5.6566462513794944        2.0230433652734994        5.4422749527441825        1.8126636888747718        5.3286032565829693        1.7466428432382584     
  0.53999996185302734        5.5084781068611983        1.9700524995923521        5.3146525614245155        1.7701563777518960        5.2089606486966549        1.7074256422667238     
  0.55000001192092896        5.3613709123056674        1.9174410721308965        5.1875864072653926        1.7278343330685293        5.0897297915311626        1.6683434075171215     
  0.56000000238418579        5.2154347250260873        1.8652484437944030        5.0611854026211622        1.6857338303660052        4.9710069953690201        1.6294277081751483     
  0.56999999284744263        5.0707580049103713        1.8135062513834399        4.9355246027877522        1.6438798683830427        4.8528530429310193        1.5906984679805078     
  0.57999998331069946        4.9274639920184979        1.7622585704817699        4.8107072793972536        1.6023068439002552        4.7353623845018014        1.5521866464371763     
  0.58999997377395630        4.7856350794049298        1.7115348681472191        4.6868035577140104        1.5610381136060592        4.6186217120479078        1.5139206599791839     
  0.59999996423721313        4.6453843183372445        1.6613755760431133        4.5639028061045872        1.5201034435072078        4.5026932953588128        1.4759209197868917     
  0.61000001430511475        4.5067750358398344        1.6118033424509335        4.4420829184262596        1.4795287777847494        4.3876577186660759        1.4382138402628286     
  0.62000000476837158        4.3699120562128240        1.5628556567407894        4.3214274941904822        1.4393419610073837        4.2735874920309671        1.4008231892075762     
  0.62999999523162842        4.2348588470365582        1.5145552174626040        4.2019979773781806        1.3995634583802143        4.1605569930221433        1.3637733465649453     
  0.63999998569488525        4.1017038774084646        1.4669336647106319        4.0838682368319255        1.3602178734688128        4.0486178610742538        1.3270812390312228     
  0.64999997615814209        3.9705022557009730        1.4200107074470871        3.9670939603395459        1.3213237542575740        3.9378394052374652        1.2907695851595868     
  0.65999996662139893        3.8413324578286159        1.3738144118035938        3.8517437716339473        1.2829039573184178        3.8282810548089068        1.2548578650560815     
  0.66999995708465576        3.7142445994637545        1.3283627011527559        3.7378759244171920        1.2449778852672291        3.7200056897219769        1.2193666898978535     
  0.68000000715255737        3.5892981414509553        1.2836768410752284        3.6255510272775120        1.2075657250640732        3.6130531419361596        1.1843091160532602     
  0.68999999761581421        3.4665356686872379        1.2397720616365913        3.5148087745588068        1.1706806977417823        3.5074816463123946        1.1497042321085971     
  0.69999998807907104        3.3460153752126884        1.1966691753574572        3.4057092948774002        1.1343428303957190        3.4033379795807677        1.1155673708324894     
  0.70999997854232788        3.2277652459870634        1.1543781907808102        3.2982844173820922        1.0985627243907157        3.3006726803918967        1.0819150980993630     
  0.71999996900558472        3.1118450776661288        1.1129204935868482        3.1925816760500463        1.0633562119137026        3.1995148507457225        1.0487569531444487     
  0.72999995946884155        2.9982536173732224        1.0722956356966711        3.0886449271190894        1.0287379002034787        3.0999091459707260        1.0161075733701106     
  0.74000000953674316        2.8870348226483631        1.0325193380880004        2.9864958074143249       0.99471499585793788        3.0018964016528655       0.98398034411966206     
  0.75000000000000000        2.7782136448211925       0.99360052435613289        2.8861728691623676       0.96130033950382399        2.9054984700702788       0.95238242826925779     
  0.75999999046325684        2.6718148431538049       0.95554804940531546        2.7877034603525033       0.92850303996191053        2.8107504401190764       0.92132532747633500     
  0.76999998092651367        2.5678513891687373       0.91836655237178200        2.6911123361878264       0.89633134247120938        2.7176791528174014       0.89081783985739738     
  0.77999997138977051        2.4663272256899083       0.88205744336736136        2.5964268949491447       0.86479437260313941        2.6263142969284732       0.86086969698060323     
  0.78999996185302734        2.3672480083154048       0.84662274506055113        2.5036634081966240       0.83389754994170362        2.5366657686599079       0.83148414268667337     
  0.79999995231628418        2.2706237293576970       0.81206603110269071        2.4128247755400118       0.80364184026267549        2.4487578500633300       0.80266913629808645     
  0.81000000238418579        2.1764598295114825       0.77838924730421633        2.3239380577198441       0.77403625671261445        2.3626059377046991       0.77442972459735704     
  0.81999999284744263        2.0847430921929906       0.74558766688517164        2.2370029269585703       0.74508069011833822        2.2782297791105854       0.74677238055203432     
  0.82999998331069946        1.9954813474710762       0.71366409019193811        2.1520315760444944       0.71677920154343366        2.1956287441873639       0.71969689762609523     
  0.83999997377395630        1.9086525524289601       0.68261063379419962        2.0690284005294322       0.68913325501851874        2.1148166035578830       0.69320778964026908     
  0.84999996423721313        1.8242421226094312       0.65242208170564686        1.9880005397025793       0.66214522843342682        2.0357992526431765       0.66730698903247121     
  0.85999995470046997        1.7422403482663598       0.62309496133198972        1.9089365340121993       0.63581130494437699        1.9585854351951257       0.64199736188428214     
  0.87000000476837158        1.6626340910420725       0.59462457387005963        1.8318381851415779       0.61013208463973112        1.8831655906046374       0.61727577435956316     
  0.87999999523162842        1.5854013755238765       0.56700306003170653        1.7567061553828835       0.58510778810977038        1.8095449643970047       0.59314394586934405     
  0.88999998569488525        1.5105064785310607       0.54021764377605763        1.6835217703102205       0.56073219544572217        1.7377201017462742       0.56960074396920568     
  0.89999997615814209        1.4379380500511107       0.51426426588383289        1.6122804340818202       0.53700377590620185        1.6676910000098153       0.54664616779292852     
  0.90999996662139893        1.3676577330638433       0.48912920834762280        1.5429702263877625       0.51391855918225848        1.5994405634543636       0.52427461359433170     
  0.91999995708465576        1.2996411907346321       0.46480376734017192        1.4755823109019315       0.49147360215035851        1.5329650068409311       0.50248484062414656     
  0.93000000715255737        1.2338616204006787       0.44127835715525948        1.4100904346409779       0.46966016070439698        1.4682532929003285       0.48127323101737013     
  0.93999999761581421        1.1702843603682123       0.41854058138227757        1.3464909777922767       0.44847702918994281        1.4052986473262494       0.46063756424958774     
  0.94999998807907104        1.1088625378455821       0.39657367643270391        1.2847531638974579       0.42791395686276851        1.3440769933111281       0.44056994827449775     
  0.95999997854232788        1.0495731647621949       0.37536942085134795        1.2248544954758052       0.40796345046559884        1.2845776495517074       0.42106688190783270     
  0.96999996900558472       0.99236822395915181       0.35491064177810477        1.1667776860533339       0.38861975237612051        1.2267836040308970       0.40212278884442021     
  0.97999995946884155       0.93721378987290327       0.33518520607202951        1.1104991262312647       0.36987499898945231        1.1706811741525864       0.38373318411748408     
  0.98999994993209839       0.88407468081008023       0.31618053134981738        1.0559987004135758       0.35172249038491654        1.1162411773451884       0.36588850208151452     
   1.0000000000000000       0.83290749949569276       0.29788109700697252        1.0032404013753358       0.33415023360189750        1.0634547051123482       0.34858582265395843     
