 kt up dp u1 d1 u2 d2
   0.0000000000000000        0.0000000000000000        0.0000000000000000        0.0000000000000000        0.0000000000000000        0.0000000000000000        0.0000000000000000     
   9.9999997764825821E-003   1.0222865847727962        1.4426600226196580E-002  0.86369122214628258        1.0860213637639494E-002  0.79436147419454395        9.7506323095080047E-003
   1.9999999552965164E-002   1.0215037629342187        1.4415552974005536E-002  0.86308893102011375        1.0852640317297081E-002  0.79383924360942060        9.7442220308354578E-003
   2.9999999329447746E-002   1.0202701089597024        1.4398143538165438E-002  0.86215180792902568        1.0840856757718122E-002  0.79303456945425232        9.7343448123764827E-003
   3.9999999105930328E-002   1.0184825477445072        1.4372917313527843E-002  0.86078217927115219        1.0823634792914805E-002  0.79185077232686119        9.7198139333079334E-003
   4.9999997019767761E-002   1.0162833035487668        1.4341881381643069E-002  0.85911355276974011        1.0802653173764229E-002  0.79041938846706872        9.7022439753429446E-003
   5.9999998658895493E-002   1.0135732502801706        1.4303636866181272E-002  0.85704245930235767        1.0776610860327964E-002  0.78863202966182544        9.6803044942864614E-003
   7.0000000298023224E-002   1.0103808202402285        1.4258585006338479E-002  0.85461301877205109        1.0746062624450903E-002  0.78654373867768035        9.6546711293724607E-003
   7.9999998211860657E-002   1.0067099622865394        1.4206781528748292E-002  0.85181908658187833        1.0710931202831319E-002  0.78414162941453469        9.6251857062331463E-003
   8.9999996125698090E-002   1.0025658644392099        1.4148299647217040E-002  0.84866289190071897        1.0671244625452202E-002  0.78142644822414564        9.5918573861909096E-003
   9.9999994039535522E-002  0.99795344195045343        1.4083208726226039E-002  0.84514926633375653        1.0627063645813369E-002  0.77840381017348603        9.5547550930987196E-003
  0.10999999940395355       0.99287997859425692        1.4011611555048873E-002  0.84128169202749603        1.0578432049070895E-002  0.77507636140561809        9.5139113078470429E-003
  0.11999999731779099       0.98735131013131328        1.3933590488465278E-002  0.83706612798686686        1.0525424764858115E-002  0.77144762437397107        9.4693692678653549E-003
  0.12999999523162842       0.98137736717325319        1.3849285668159747E-002  0.83250729283816727        1.0468101126057408E-002  0.76752179960091504        9.4211805337472455E-003
  0.14000000059604645       0.97496379858913640        1.3758776811480460E-002  0.82761021824694991        1.0406524401764762E-002  0.76330337559063521        9.3694002010069957E-003
  0.14999999105930328       0.96812149360137623        1.3662217588113501E-002  0.82238238031529975        1.0340788597874592E-002  0.75879868197461753        9.3141059646376940E-003
  0.15999999642372131       0.96085882085169783        1.3559726097083537E-002  0.81682953134650760        1.0270966044915482E-002  0.75401091237460427        9.2553370257239496E-003
  0.17000000178813934       0.95318622483189008        1.3451449731998025E-002  0.81095853463565948        1.0197143043232951E-002  0.74894748086468754        9.1931843905805645E-003
  0.17999999225139618       0.94511333896526784        1.3337524440593215E-002  0.80477660993507316        1.0119410375331876E-002  0.74361275315870368        9.1277016474941956E-003
  0.18999999761581421       0.93665254943635423        1.3218125017819059E-002  0.79829050170019444        1.0037852847246100E-002  0.73801308117241593        9.0589667649931191E-003
  0.19999998807907104       0.92781348350482284        1.3093387324429953E-002  0.79150973476337771        9.9525902259844506E-003  0.73215590223542304        8.9870710348489476E-003
  0.20999999344348907       0.91860883314611341        1.2963490470724743E-002  0.78444164877180078        9.8637148016320012E-003  0.72604659691417450        8.9120805024664219E-003
  0.21999999880790710       0.90905203396151357        1.2828624061117202E-002  0.77709474780755683        9.7713335060944703E-003  0.71969227048390705        8.8340823837145706E-003
  0.22999998927116394       0.89915322433984346        1.2688931169462174E-002  0.76947781355507261        9.6755567619007925E-003  0.71310095279175201        8.7531752434022517E-003
  0.23999999463558197       0.88892658857496876        1.2544611965790375E-002  0.76159946732389228        9.5764929749963777E-003  0.70627926567764376        8.6694403633243589E-003
  0.25000000000000000       0.87838607143305958        1.2395863239896160E-002  0.75346979069285569        9.4742689130236524E-003  0.69923381280964136        8.5829588022195528E-003
  0.25999999046325684       0.86754391336929670        1.2242857730183932E-002  0.74509789439310004        9.3689991360059195E-003  0.69197426989291144        8.4938493274833767E-003
  0.26999998092651367       0.85641461982837530        1.2085800138793797E-002  0.73649347774437612        9.2608056049889136E-003  0.68450755533044783        8.4021968611644980E-003
  0.28000000119209290       0.84501318288647942        1.1924902035253209E-002  0.72766641142744992        9.1498124357435352E-003  0.67684087657417213        8.3080898733308255E-003
  0.28999999165534973       0.83335200970064882        1.1760338510478198E-002  0.71862630540061456        9.0361404656679554E-003  0.66898423116709871        8.2116510818747903E-003
  0.29999998211860657       0.82144706772972886        1.1592334898684050E-002  0.70938440900477084        8.9199311460613807E-003  0.66094459443975884        8.1129661076194768E-003
  0.31000000238418579       0.80931180742927367        1.1421081013909262E-002  0.69995051079974235        8.8013075600907459E-003  0.65273142093930447        8.0121510032888799E-003
  0.31999999284744263       0.79696160063731269        1.1246793784914584E-002  0.69033560679453343        8.6804079736129743E-003  0.64435256235071914        7.9093021467862446E-003
  0.32999998331069946       0.78441123038697969        1.1069681831193171E-002  0.68054853111916658        8.5573434686176623E-003  0.63581680852831446        7.8045274318604809E-003
  0.34000000357627869       0.77167553864452854        1.0889954603907631E-002  0.67060188110919772        8.4322724463388281E-003  0.62713350525581912        7.6979415761857647E-003
  0.34999999403953552       0.75877075784227765        1.0707841176602758E-002  0.66050565017523311        8.3053205657751660E-003  0.61831106297390592        7.5896478162825404E-003
  0.35999998450279236       0.74570924509566394        1.0523515934002955E-002  0.65027053688071323        8.1766223526478984E-003  0.60935767717863165        7.4797467502679691E-003
  0.37000000476837158       0.73250713328240769        1.0337206544729572E-002  0.63990725964951312        8.0463125824070565E-003  0.60028355232155628        7.3683636357965336E-003
  0.37999999523162842       0.71917934190420829        1.0149123554132397E-002  0.62942663015177047        7.9145272029984403E-003  0.59109698218495443        7.2556002774295655E-003
  0.38999998569488525       0.70574059400186451        9.9594747350873584E-003  0.61883934975429689        7.7814007753934213E-003  0.58180626628762699        7.1415585501431325E-003
  0.39999997615814209       0.69220554693498471        9.7684669335714770E-003  0.60815611497880473        7.6470677996401341E-003  0.57242154647111776        7.0263629430659903E-003
  0.40999999642372131       0.67858975619384454        9.5763196700625521E-003  0.59738693267474996        7.5116541037198647E-003  0.56295105346086127        6.9101144867490440E-003
  0.41999998688697815       0.66490551136791576        9.3832063763525011E-003  0.58654366303295824        7.3753088198720623E-003  0.55340371419968748        6.7929227576760398E-003
  0.42999997735023499       0.65116805978190562        9.1893422240589030E-003  0.57563614229683158        7.2381556308458387E-003  0.54378774173668776        6.6748885694242277E-003
  0.43999999761581421       0.63739135041946648        8.9949240624935898E-003  0.56467472184975687        7.1003246968560293E-003  0.53411262851511976        6.5561284398849397E-003
  0.44999998807907104       0.62358923106955555        8.8001473128997629E-003  0.55366973279006693        6.9619459230494396E-003  0.52438720607874134        6.4367507745368997E-003
  0.45999997854232788       0.60977554691326641        8.6052073597182206E-003  0.54263127470326789        6.8231463034876426E-003  0.51461916908775562        6.3168500238347742E-003
  0.46999999880790710       0.59596277076161230        8.4102802203797466E-003  0.53156929870030667        6.6840509652855724E-003  0.50481799137486538        6.1965424772289423E-003
  0.47999998927116394       0.58216489520810855        8.2155633596224954E-003  0.52049369283583624        6.5447842426766076E-003  0.49499157298203733        6.0759251061951762E-003
  0.48999997973442078       0.56839339962333779        8.0212187753565568E-003  0.50941406701079961        6.4054669723378034E-003  0.48514812619094261        5.9550987148907749E-003
  0.50000000000000000       0.55466062204477540        7.8274205830764238E-003  0.49833985425056654        6.2662177668799347E-003  0.47529523851740041        5.8341564385939433E-003
  0.50999999046325684       0.54098079333195803        7.6343696099517820E-003  0.48727988727636840        6.1271476905781913E-003  0.46544190348026360        5.7132086709961623E-003
  0.51999998092651367       0.52736252985598242        7.4421874509864594E-003  0.47624416475519504        5.9883824685260101E-003  0.45559540592587588        5.5923448321668007E-003
  0.52999997138977051       0.51381929418782668        7.2510640911929098E-003  0.46524101009137664        5.8500267607533765E-003  0.44576338905353119        5.4716587408878666E-003
  0.53999996185302734       0.50036049756978718        7.0611323428688413E-003  0.45427938898257098        5.7121933036057438E-003  0.43595332437326001        5.3512421084891152E-003
  0.55000001192092896       0.48699807193497913        6.8725605905274991E-003  0.44336653571732970        5.5749730623692751E-003  0.42617128775632890        5.2311695151064201E-003
  0.56000000238418579       0.47374201429726326        6.6854899129275827E-003  0.43251137257052857        5.4384782273832980E-003  0.41642717411006808        5.1115624187991785E-003
  0.56999999284744263       0.46060035987665354        6.5000337038166106E-003  0.42172167930568150        5.3028066228373505E-003  0.40672568274301535        4.9924785026640023E-003
  0.57999998331069946       0.44758430313676278        6.3163499404718841E-003  0.41100565679249895        5.1680613679883792E-003  0.39707416537714835        4.8740080076556383E-003
  0.58999997377395630       0.43470132821911495        6.1345442397716951E-003  0.40036933787822970        5.0343183209767706E-003  0.38748010057367466        4.7562427316556665E-003
  0.59999996423721313       0.42196170409226935        5.9547615183239170E-003  0.38982138964309010        4.9016864632768446E-003  0.37794743534043329        4.6392311234162171E-003
  0.61000001430511475       0.40937118304221587        5.7770829529057805E-003  0.37936648402615669        4.7702245407171837E-003  0.36848391926281343        4.5230683075878769E-003
  0.62000000476837158       0.39693928674407902        5.6016429142530053E-003  0.36901221657879829        4.6400280611696302E-003  0.35909513827972978        4.4078228504823751E-003
  0.62999999523162842       0.38467178025119458        5.4285227593167578E-003  0.35876528284175785        4.5111812156054792E-003  0.34978665661403485        4.2935630518510012E-003
  0.63999998569488525       0.37257669962011852        5.2578358936498986E-003  0.34863036516664475        4.3837428807824205E-003  0.34056442694803479        4.1803619797091546E-003
  0.64999997615814209       0.36065905059873904        5.0896529588168281E-003  0.33861364211432871        4.2577907470709164E-003  0.33143247707194035        4.0682690743968231E-003
  0.65999996662139893       0.34892596151667521        4.9240745504462342E-003  0.32872096206305207        4.1333983530638307E-003  0.32239630074087788        3.9573517706876877E-003
  0.66999995708465576       0.33738198461181762        4.7611649101286522E-003  0.31895616587939352        4.0106139945299945E-003  0.31346058530080367        3.8476676048400174E-003
  0.68000000715255737       0.32603252098719254        4.6010002587157433E-003  0.30932500932400919        3.8895100454715511E-003  0.30463025968685015        3.7392770785721150E-003
  0.68999999761581421       0.31488143882559816        4.4436351843510575E-003  0.29983088323788226        3.7701291429520184E-003  0.29590856921035269        3.6322200274482622E-003
  0.69999998807907104       0.30393402416036236        4.2891442840123223E-003  0.29047838133933873        3.6525290492377253E-003  0.28729997174775479        3.5265511710331566E-003
  0.70999997854232788       0.29319281899457839        4.1375634306758183E-003  0.28127129776784082        3.5367574725420773E-003  0.27880820012443702        3.4223163290309764E-003
  0.71999996900558472       0.28266325493455408        3.9889692756582612E-003  0.27221366121956830        3.4228650704381343E-003  0.27043725554685677        3.3195646154713350E-003
  0.72999995946884155       0.27234521817571777        3.8433602129393030E-003  0.26330794902188853        3.3108829932997461E-003  0.26218937587296914        3.2183234996245621E-003
  0.74000000953674316       0.26224270158436985        3.7007925902072828E-003  0.25455743663570801        3.2008524273799306E-003  0.25406804788412074        3.1186357810522669E-003
  0.75000000000000000       0.25235797160497481        3.5612983917303167E-003  0.24596416083927025        3.0927989835061380E-003  0.24607615637758301        3.0205368700788435E-003
  0.75999999046325684       0.24269327723561512        3.4249093555716219E-003  0.23753145739319892        2.9867646061512167E-003  0.23821698899060820        2.9240671218109405E-003
  0.76999998092651367       0.23324979673956847        3.2916421094885415E-003  0.22926040359114747        2.8827628414053934E-003  0.23049101207102279        2.8292322605772600E-003
  0.77999997138977051       0.22402788826173503        3.1615017076541164E-003  0.22115332980989133        2.7808229918585194E-003  0.22290170530538309        2.7360749988522403E-003
  0.78999996185302734       0.21502806552619910        3.0344953997888235E-003  0.21321179339881186        2.6809646399105960E-003  0.21545065256771667        2.6446147783809396E-003
  0.79999995231628418       0.20625123618083402        2.9106359947010845E-003  0.20543757392207798        2.5832101621315840E-003  0.20814026172819702        2.5548811553005573E-003
  0.81000000238418579       0.19769789442905758        2.7899304666339814E-003  0.19783071178571923        2.4875600665943882E-003  0.20096969772307682        2.4668638793663043E-003
  0.81999999284744263       0.18936683974754803        2.6723618736944278E-003  0.19039258230804343        2.3940316468065341E-003  0.19394370820835657        2.3806212271304818E-003
  0.82999998331069946       0.18125878337760926        2.5579402529836647E-003  0.18312370699372613        2.3026314602645451E-003  0.18705942290281824        2.2961179664504300E-003
  0.83999997377395630       0.17337172305934392        2.4466373484299457E-003  0.17602488082171433        2.2133695031811623E-003  0.18032105525363426        2.2134058165691694E-003
  0.84999996423721313       0.16570433401917112        2.3384344647093516E-003  0.16909528874627519        2.1262355270201586E-003  0.17372634283522656        2.1324570066535804E-003
  0.85999995470046997       0.15825573427602277        2.2333191552257278E-003  0.16233529092189639        2.0412340604308655E-003  0.16727789278458111        2.0533035388021524E-003
  0.87000000476837158       0.15102473041221515        2.1312745783613842E-003  0.15574571286803765        1.9583754836481025E-003  0.16097563987657218        1.9759446123891701E-003
  0.87999999523162842       0.14400932629955887        2.0322725645757871E-003  0.14932375222712785        1.8776245593079457E-003  0.15481887277161521        1.9003714958598476E-003
  0.88999998569488525       0.13720627703662630        1.9362673215281517E-003  0.14306985247603821        1.7989868637708353E-003  0.14880789831019806        1.8265879556213806E-003
  0.89999997615814209       0.13061455164938038        1.8432443000201413E-003  0.13698312316440753        1.7224512003487567E-003  0.14294245806684522        1.7545908195514132E-003
  0.90999996662139893       0.12423066599259414        1.7531543314809645E-003  0.13106293328311694        1.6480096346160004E-003  0.13722255001370803        1.6843800627584990E-003
  0.91999995708465576       0.11805240943922259        1.6659662193429378E-003  0.12530717403267350        1.5756356501365697E-003  0.13164676179514526        1.6159383488523467E-003
  0.93000000715255737       0.11207734737966214        1.5816456061763765E-003  0.11971485858214971        1.5053168383153319E-003  0.12621542461162291        1.5492697432541403E-003
  0.93999999761581421       0.10630233133224540        1.5001480603248204E-003  0.11428493067280822        1.4370399175589895E-003  0.12092574533229866        1.4843399608270517E-003
  0.94999998807907104       0.10072310362490700        1.4214134971371611E-003  0.10901482297524957        1.3707726057914482E-003  0.11577908865341202        1.4211657529514968E-003
  0.95999997854232788        9.5337576145065966E-002   1.3454124489808554E-003  0.10390313929311765        1.3064973469807408E-003  0.11077284934719950        1.3597151409643282E-003
  0.96999996900558472        9.0141387272497056E-002   1.2720833642790113E-003   9.8947932264432742E-002   1.2441896546361085E-003  0.10590682394284666        1.2999856273009434E-003
  0.97999995946884155        8.5131455391638577E-002   1.2013827549956714E-003   9.4147548019707344E-002   1.1838287326958281E-003  0.10117772170655387        1.2419368188451713E-003
  0.98999994993209839        8.0304584786857328E-002   1.1332655229044026E-003   8.9498985790899530E-002   1.1253768489459170E-003   9.6586378413114307E-002   1.1855789745697446E-003
   1.0000000000000000        7.5656833483312813E-002   1.0676760385017257E-003   8.5001010280103859E-002   1.0688184705213665E-003   9.2129760824931684E-002   1.1308748620742133E-003
