 x kt PDF(p) PDF(Pb) ratio
  0.40000000596046448        9.9999997764825821E-003  0.33895531998414258       0.30676001288975918       0.90501607381205995     
  0.40000000596046448        1.9999999552965164E-002  0.37120819621064038       0.32271796112010614       0.86937186305277947     
  0.40000000596046448        2.9999999329447746E-002  0.35104795095506308       0.31520929048643231       0.89790950104927858     
  0.40000000596046448        3.9999999105930328E-002  0.36064600733445817       0.31559515370065216       0.87508289924855187     
  0.40000000596046448        4.9999997019767761E-002  0.36036362726033483       0.31844584287177863       0.88367920284509227     
  0.40000000596046448        5.9999998658895493E-002  0.35362214901374461       0.31549675764156010       0.89218607635716096     
  0.40000000596046448        7.0000000298023224E-002  0.35639696068186860       0.31427739975689684       0.88181840595838012     
  0.40000000596046448        7.9999998211860657E-002  0.35684219535988460       0.31396987579492136       0.87985636193689087     
  0.40000000596046448        8.9999996125698090E-002  0.35422534805789535       0.31402976512870373       0.88652539082939386     
  0.40000000596046448        9.9999994039535522E-002  0.35297702364878891       0.31348210016279576       0.88810908121518273     
  0.40000000596046448       0.10999999940395355       0.35249974821142427       0.31183558189750787       0.88464058053872252     
  0.40000000596046448       0.11999999731779099       0.35156446982202744       0.31062397266517805       0.88354768279748319     
  0.40000000596046448       0.12999999523162842       0.34987625118091731       0.30966108213945548       0.88505887751533330     
  0.40000000596046448       0.14000000059604645       0.34797725795372653       0.30882354909097881       0.88748198921679444     
  0.40000000596046448       0.14999999105930328       0.34760827895957291       0.30861913402827218       0.88783597143313375     
  0.40000000596046448       0.15999999642372131       0.34579590760648710       0.30675432583942919       0.88709646092316707     
  0.40000000596046448       0.17000000178813934       0.34385869589984353       0.30501907883236412       0.88704773928767444     
  0.40000000596046448       0.17999999225139618       0.34169959895789109       0.30341247288984374       0.88795091892172340     
  0.40000000596046448       0.18999999761581421       0.33934542664523615       0.30188803430371852       0.88961869116133119     
  0.40000000596046448       0.19999998807907104       0.33812789437904411       0.30040779359673614       0.88844427978478635     
  0.40000000596046448       0.20999999344348907       0.33638420869241664       0.29893777384253728       0.88867956972344186     
  0.40000000596046448       0.21999999880790710       0.33465180458572436       0.29794163966446913       0.89030340067432223     
  0.40000000596046448       0.22999998927116394       0.33201356679020799       0.29582007860190951       0.89098792396285320     
  0.40000000596046448       0.23999999463558197       0.32928769204388153       0.29372469421875663       0.89200022143437507     
  0.40000000596046448       0.25000000000000000       0.32647821502368041       0.29166481282138396       0.89336684470732197     
  0.40000000596046448       0.25999999046325684       0.32452671898647284       0.28962696308780245       0.89245952996515798     
  0.40000000596046448       0.26999998092651367       0.32233827216583250       0.28759770769932191       0.89222327143133129     
  0.40000000596046448       0.28000000119209290       0.31989760336699441       0.28556587696414115       0.89267901340458922     
  0.40000000596046448       0.28999999165534973       0.31719757215223088       0.28352164433508215       0.89383295846606658     
  0.40000000596046448       0.29999998211860657       0.31471060752276009       0.28187449553411920       0.89566251914064843     
  0.40000000596046448       0.31000000238418579       0.31149335687933855       0.27950404800901779       0.89730339937004733     
  0.40000000596046448       0.31999999284744263       0.30834807135030573       0.27700927327094971       0.89836551290196698     
  0.40000000596046448       0.32999998331069946       0.30570770347404502       0.27452117411460719       0.89798579164006709     
  0.40000000596046448       0.34000000357627869       0.30295140317267311       0.27203467737974207       0.89794823371288546     
  0.40000000596046448       0.34999999403953552       0.30007186929253515       0.26954576849134587       0.89827070137177745     
  0.40000000596046448       0.35999998450279236       0.29706424943242898       0.26705042362269038       0.89896520410287328     
  0.40000000596046448       0.37000000476837158       0.29392587892522798       0.26454559903341512       0.90004187450507911     
  0.40000000596046448       0.37999999523162842       0.29065580563461274       0.26202885172105256       0.90150909302824145     
  0.40000000596046448       0.38999998569488525       0.28768513201970219       0.25987746450151533       0.90333992124319284     
  0.40000000596046448       0.39999997615814209       0.28435548915052511       0.25729575120001530       0.90483834853567535     
  0.40000000596046448       0.40999999642372131       0.28120363374003665       0.25447390335842518       0.90494528813122588     
  0.40000000596046448       0.41999998688697815       0.27799903526215142       0.25164646769888643       0.90520626253823266     
  0.40000000596046448       0.42999997735023499       0.27473858538056217       0.24881960592294350       0.90565948564626897     
  0.40000000596046448       0.43999999761581421       0.27142883517899752       0.24599323285591801       0.90628997723729077     
  0.40000000596046448       0.44999998807907104       0.26809450535121093       0.24316700350298673       0.90701972121521657     
  0.40000000596046448       0.45999997854232788       0.26473941731475897       0.24033986446271369       0.90783558753913962     
  0.40000000596046448       0.46999999880790710       0.26136653720108644       0.23751123497023013       0.90872855229932192     
  0.40000000596046448       0.47999998927116394       0.25797800225104484       0.23466727457495348       0.90964063806724460     
  0.40000000596046448       0.48999997973442078       0.25457686234770849       0.23180418883046522       0.91054696288094050     
  0.40000000596046448       0.50000000000000000       0.25116501506218819       0.22892546149488502       0.91145441349864476     
  0.40000000596046448       0.50999999046325684       0.24774556595812766       0.22603215252187853       0.91235599574799653     
  0.40000000596046448       0.51999998092651367       0.24432023316824736       0.22312791975547974       0.91326009664466123     
  0.40000000596046448       0.52999997138977051       0.24089207864645859       0.22021509382320406       0.91416494498517420     
  0.40000000596046448       0.53999996185302734       0.23746301217754223       0.21729182425480129       0.91505545331977978     
  0.40000000596046448       0.55000001192092896       0.23403523014997987       0.21436312472105151       0.91594382855811229     
  0.40000000596046448       0.56000000238418579       0.23061093516760156       0.21142928548492712       0.91682246260900957     
  0.40000000596046448       0.56999999284744263       0.22719240455154188       0.20849431147067718       0.91769930373432551     
  0.40000000596046448       0.57999998331069946       0.22378159616011140       0.20555717333886006       0.91856156567847469     
  0.40000000596046448       0.58999997377395630       0.22038060969203166       0.20262001155392340       0.91940943369324735     
  0.40000000596046448       0.59999996423721313       0.21699134404922524       0.19968572702232298       0.92024743151516486     
  0.40000000596046448       0.61000001430511475       0.21361569760117247       0.19675525662551752       0.92107115176931453     
  0.40000000596046448       0.62000000476837158       0.21025526911183340       0.19383110015021018       0.92188462609758759     
  0.40000000596046448       0.62999999523162842       0.20691217694727221       0.19091233888277034       0.92267328921594050     
  0.40000000596046448       0.63999998569488525       0.20358828220329789       0.18800257911130663       0.92344498944969833     
  0.40000000596046448       0.64999997615814209       0.20028462491261229       0.18510227816630392       0.92419614459705690     
  0.40000000596046448       0.65999996662139893       0.19700330995741103       0.18221361944348832       0.92492669023114382     
  0.40000000596046448       0.66999995708465576       0.19374470998471505       0.17933813083331765       0.92564143220976736     
  0.40000000596046448       0.68000000715255737       0.19051249371433462       0.17647517425370424       0.92631811600934288     
  0.40000000596046448       0.68999999761581421       0.18730525630639999       0.17362849039147918       0.92698140893308456     
  0.40000000596046448       0.69999998807907104       0.18412693079893136       0.17079838973411890       0.92761221290671825     
  0.40000000596046448       0.70999997854232788       0.18097616021194793       0.16798454097613852       0.92821364305334775     
  0.40000000596046448       0.71999996900558472       0.17785655796064159       0.16519042728243510       0.92878457323451957     
  0.40000000596046448       0.72999995946884155       0.17476681217868681       0.16241572189474737       0.92932817089258735     
  0.40000000596046448       0.74000000953674316       0.17171021901557901       0.15966161455250902       0.92983175647818117     
  0.40000000596046448       0.75000000000000000       0.16868551661197179       0.15692948533926226       0.93030799852395163     
  0.40000000596046448       0.75999999046325684       0.16569436294727038       0.15422030381743118       0.93075166272560139     
  0.40000000596046448       0.76999998092651367       0.16273956448481369       0.15153423346199713       0.93114562486209551     
  0.40000000596046448       0.77999997138977051       0.15981946188183527       0.14887289717536403       0.93150668524610147     
  0.40000000596046448       0.78999996185302734       0.15693515159059804       0.14623696075858542       0.93183049990023048     
  0.40000000596046448       0.79999995231628418       0.15408694622448985       0.14362660791910223       0.93211405273651204     
  0.40000000596046448       0.81000000238418579       0.15127746793790459       0.14104317681955419       0.93234755143739390     
  0.40000000596046448       0.81999999284744263       0.14850433143082070       0.13848709830663383       0.93254585218039043     
  0.40000000596046448       0.82999998331069946       0.14577029167351577       0.13595903099393294       0.93269368835758881     
  0.40000000596046448       0.83999997377395630       0.14307448379663823       0.13345953527649743       0.93279760118647570     
  0.40000000596046448       0.84999996423721313       0.14041793681181836       0.13098907873763174       0.93285146977467182     
  0.40000000596046448       0.85999995470046997       0.13780025523367601       0.12854848896171273       0.93286103675008070     
  0.40000000596046448       0.87000000476837158       0.13522229751665954       0.12613748889530813       0.93281575015221030     
  0.40000000596046448       0.87999999523162842       0.13268364669088042       0.12375706535636542       0.93272282186129774     
  0.40000000596046448       0.88999998569488525       0.13018501344748812       0.12140781398170250       0.93257903322853652     
  0.40000000596046448       0.89999997615814209       0.12772542061649450       0.11908919677303523       0.93238445564105676     
  0.40000000596046448       0.90999996662139893       0.12530616080423668       0.11680224811936235       0.93213491954190653     
  0.40000000596046448       0.91999995708465576       0.12292704463871730       0.11454716786424070       0.93183048694365778     
  0.40000000596046448       0.93000000715255737       0.12058740579819587       0.11232381114791806       0.93147215834374109     
  0.40000000596046448       0.93999999761581421       0.11828775376938366       0.11013282652126247       0.93105856702613343     
  0.40000000596046448       0.94999998807907104       0.11602741231627976       0.10797380776213712       0.93058877731247447     
  0.40000000596046448       0.95999997854232788       0.11380672108230801       0.10584665258555091       0.93005625308368067     
  0.40000000596046448       0.96999996900558472       0.11162465992563375       0.10375200355521468       0.92947206848680231     
  0.40000000596046448       0.97999995946884155       0.10948250118191626       0.10169085406810294       0.92883203224534749     
  0.40000000596046448       0.98999994993209839       0.10737822640003247        9.9661535383212457E-002  0.92813542116004177     
  0.40000000596046448        1.0000000000000000       0.10531313038005768        9.7664150081000975E-002  0.92736916781931367     
