 gamma g3f pt DY-RATIO error R_dy tmp element 
   2.0303030303030303        0.0000000000000000        1.2500000000000000       0.98299999999999998        1.0999999999999999E-002  0.99519275635637916        1.2286223765787174      Fe
   2.0303030303030303        5.0505050505050509E-003   1.2500000000000000       0.98299999999999998        1.0999999999999999E-002  0.99536551660168815        1.2636859572448400      Fe
   2.0303030303030303        1.0101010101010102E-002   1.2500000000000000       0.98299999999999998        1.0999999999999999E-002  0.99550878739724180        1.2931385301602951      Fe
   2.0303030303030303        1.5151515151515152E-002   1.2500000000000000       0.98299999999999998        1.0999999999999999E-002  0.99565470092996855        1.3234831043549362      Fe
   2.0303030303030303        2.0202020202020204E-002   1.2500000000000000       0.98299999999999998        1.0999999999999999E-002  0.99579875333691226        1.3537858428026697      Fe
   2.0303030303030303        2.5252525252525252E-002   1.2500000000000000       0.98299999999999998        1.0999999999999999E-002  0.99593149525766611        1.3820129718929051      Fe
   2.0303030303030303        3.0303030303030304E-002   1.2500000000000000       0.98299999999999998        1.0999999999999999E-002  0.99607391816766289        1.4126226136755875      Fe
   2.0303030303030303        3.5353535353535352E-002   1.2500000000000000       0.98299999999999998        1.0999999999999999E-002  0.99656727375536636        1.5212472491987863      Fe
   2.0303030303030303        4.0404040404040407E-002   1.2500000000000000       0.98299999999999998        1.0999999999999999E-002  0.99670953865827150        1.5533177704350505      Fe
   2.0303030303030303        4.5454545454545456E-002   1.2500000000000000       0.98299999999999998        1.0999999999999999E-002  0.99682660981558968        1.5799598263848047      Fe
   2.0303030303030303        5.0505050505050504E-002   1.2500000000000000       0.98299999999999998        1.0999999999999999E-002  0.99696336897161586        1.6113691986569008      Fe
   2.0303030303030303        5.5555555555555552E-002   1.2500000000000000       0.98299999999999998        1.0999999999999999E-002  0.99710033318699254        1.6431355040016826      Fe
   2.0303030303030303        6.0606060606060608E-002   1.2500000000000000       0.98299999999999998        1.0999999999999999E-002  0.99723753613839627        1.6752680602656227      Fe
   2.0303030303030303        6.5656565656565663E-002   1.2500000000000000       0.98299999999999998        1.0999999999999999E-002  0.99736649951127798        1.7057546132855450      Fe
   2.0303030303030303        7.0707070707070704E-002   1.2500000000000000       0.98299999999999998        1.0999999999999999E-002  0.99750252232265846        1.7382078819769202      Fe
   2.0303030303030303        7.5757575757575760E-002   1.2500000000000000       0.98299999999999998        1.0999999999999999E-002  0.99763180047002231        1.7693354131780628      Fe
   2.0303030303030303        8.0808080808080815E-002   1.2500000000000000       0.98299999999999998        1.0999999999999999E-002  0.99776198618836465        1.8009606299625542      Fe
   2.0303030303030303        8.5858585858585856E-002   1.2500000000000000       0.98299999999999998        1.0999999999999999E-002  0.99789417158674210        1.8333582417794714      Fe
   2.0303030303030303        9.0909090909090912E-002   1.2500000000000000       0.98299999999999998        1.0999999999999999E-002  0.99802761084446179        1.8663560966329422      Fe
   2.0303030303030303        9.5959595959595953E-002   1.2500000000000000       0.98299999999999998        1.0999999999999999E-002  0.99815057803579244        1.8970249158565011      Fe
   2.0303030303030303       0.10101010101010101        1.2500000000000000       0.98299999999999998        1.0999999999999999E-002  0.99828006383411316        1.9295896758229216      Fe
   2.0303030303030303       0.10606060606060606        1.2500000000000000       0.98299999999999998        1.0999999999999999E-002  0.99840092664958890        1.9602358815373406      Fe
   2.0303030303030303       0.11111111111111110        1.2500000000000000       0.98299999999999998        1.0999999999999999E-002  0.99851771596333716        1.9900785844529705      Fe
   2.0303030303030303       0.11616161616161616        1.2500000000000000       0.98299999999999998        1.0999999999999999E-002  0.99864298659652018        2.0223390880901686      Fe
   2.0303030303030303       0.12121212121212122        1.2500000000000000       0.98299999999999998        1.0999999999999999E-002  0.99876528998123593        2.0540856875409785      Fe
   2.0303030303030303       0.12626262626262627        1.2500000000000000       0.98299999999999998        1.0999999999999999E-002  0.99888678388248253        2.0858669597413826      Fe
   2.0303030303030303       0.13131313131313133        1.2500000000000000       0.98299999999999998        1.0999999999999999E-002  0.99900798045776518        2.1178135399685312      Fe
   2.0303030303030303       0.13636363636363635        1.2500000000000000       0.98299999999999998        1.0999999999999999E-002  0.99913106993156087        2.1505075796438646      Fe
   2.0303030303030303       0.14141414141414141        1.2500000000000000       0.98299999999999998        1.0999999999999999E-002  0.99925090004727768        2.1825764656744644      Fe
   2.0303030303030303       0.14646464646464646        1.2500000000000000       0.98299999999999998        1.0999999999999999E-002  0.99936329622328579        2.2128715974462771      Fe
   2.0303030303030303       0.15151515151515152        1.2500000000000000       0.98299999999999998        1.0999999999999999E-002  0.99947871978945857        2.2442000487561491      Fe
   2.0303030303030303       0.15656565656565657        1.2500000000000000       0.98299999999999998        1.0999999999999999E-002  0.99959509761421128        2.2760104531008389      Fe
   2.0303030303030303       0.16161616161616163        1.2500000000000000       0.98299999999999998        1.0999999999999999E-002  0.99971493579342174        2.3090006494067099      Fe
   2.0303030303030303       0.16666666666666666        1.2500000000000000       0.98299999999999998        1.0999999999999999E-002  0.99982996966135596        2.3408915603484495      Fe
   2.0303030303030303       0.17171717171717171        1.2500000000000000       0.98299999999999998        1.0999999999999999E-002  0.99994233293970047        2.3722532680963657      Fe
   2.0303030303030303       0.17676767676767677        1.2500000000000000       0.98299999999999998        1.0999999999999999E-002   1.0000552851625093        2.4039896857397558      Fe
   2.0303030303030303       0.18181818181818182        1.2500000000000000       0.98299999999999998        1.0999999999999999E-002   1.0001676767693299        2.4357778979850528      Fe
   2.0303030303030303       0.18686868686868688        1.2500000000000000       0.98299999999999998        1.0999999999999999E-002   1.0002799251205332        2.4677339848862410      Fe
   2.0303030303030303       0.19191919191919191        1.2500000000000000       0.98299999999999998        1.0999999999999999E-002   1.0003855793092826        2.4980030406558402      Fe
   2.0303030303030303       0.19696969696969696        1.2500000000000000       0.98299999999999998        1.0999999999999999E-002   1.0004910104699760        2.5283921261224065      Fe
   2.0303030303030303       0.20202020202020202        1.2500000000000000       0.98299999999999998        1.0999999999999999E-002   1.0005969455069434        2.5591114973085762      Fe
   2.0303030303030303       0.20707070707070707        1.2500000000000000       0.98299999999999998        1.0999999999999999E-002   1.0006928723600879        2.5870886971104254      Fe
   2.0303030303030303       0.21212121212121213        1.2500000000000000       0.98299999999999998        1.0999999999999999E-002   1.0007983846841577        2.6180371683079384      Fe
   2.0303030303030303       0.21717171717171718        1.2500000000000000       0.98299999999999998        1.0999999999999999E-002   1.0009008589790234        2.6482706792304302      Fe
   2.0303030303030303       0.22222222222222221        1.2500000000000000       0.98299999999999998        1.0999999999999999E-002   1.0010083036642865        2.6801570319434318      Fe
   2.0303030303030303       0.22727272727272727        1.2500000000000000       0.98299999999999998        1.0999999999999999E-002   1.0015444275906329        2.8421140054894796      Fe
   2.0303030303030303       0.23232323232323232        1.2500000000000000       0.98299999999999998        1.0999999999999999E-002   1.0016478779276285        2.8739119934193109      Fe
   2.0303030303030303       0.23737373737373738        1.2500000000000000       0.98299999999999998        1.0999999999999999E-002   1.0017378297924149        2.9017046721447213      Fe
   2.0303030303030303       0.24242424242424243        1.2500000000000000       0.98299999999999998        1.0999999999999999E-002   1.0018397680289959        2.9333624742675699      Fe
   2.0303030303030303       0.24747474747474749        1.2500000000000000       0.98299999999999998        1.0999999999999999E-002   1.0019373176097432        2.9638181673743174      Fe
   2.0303030303030303       0.25252525252525254        1.2500000000000000       0.98299999999999998        1.0999999999999999E-002   1.0020344413640268        2.9942971738890347      Fe
   2.0303030303030303       0.25757575757575757        1.2500000000000000       0.98299999999999998        1.0999999999999999E-002   1.0021309449782345        3.0247359980184880      Fe
   2.0303030303030303       0.26262626262626265        1.2500000000000000       0.98299999999999998        1.0999999999999999E-002   1.0022266549964385        3.0550765483642435      Fe
   2.0303030303030303       0.26767676767676768        1.2500000000000000       0.98299999999999998        1.0999999999999999E-002   1.0023203350869438        3.0849202303454062      Fe
   2.0303030303030303       0.27272727272727271        1.2500000000000000       0.98299999999999998        1.0999999999999999E-002   1.0024072762884635        3.1127468837748578      Fe
   2.0303030303030303       0.27777777777777779        1.2500000000000000       0.98299999999999998        1.0999999999999999E-002   1.0025065026351061        3.1446582235818337      Fe
   2.0303030303030303       0.28282828282828282        1.2500000000000000       0.98299999999999998        1.0999999999999999E-002   1.0025897698179840        3.1715626572032782      Fe
   2.0303030303030303       0.28787878787878790        1.2500000000000000       0.98299999999999998        1.0999999999999999E-002   1.0026802866318101        3.2009395199190345      Fe
   2.0303030303030303       0.29292929292929293        1.2500000000000000       0.98299999999999998        1.0999999999999999E-002   1.0027734243191269        3.2313083413573405      Fe
   2.0303030303030303       0.29797979797979796        1.2500000000000000       0.98299999999999998        1.0999999999999999E-002   1.0028623035675766        3.2604223389302880      Fe
   2.0303030303030303       0.30303030303030304        1.2500000000000000       0.98299999999999998        1.0999999999999999E-002   1.0029503942869722        3.2894068777326719      Fe
   2.0303030303030303       0.30808080808080807        1.2500000000000000       0.98299999999999998        1.0999999999999999E-002   1.0030359669614379        3.3176857196680407      Fe
   2.0303030303030303       0.31313131313131315        1.2500000000000000       0.98299999999999998        1.0999999999999999E-002   1.0031144069807587        3.3437137866743418      Fe
   2.0303030303030303       0.31818181818181818        1.2500000000000000       0.98299999999999998        1.0999999999999999E-002   1.0031942239029654        3.3703031325876083      Fe
   2.0303030303030303       0.32323232323232326        1.2500000000000000       0.98299999999999998        1.0999999999999999E-002   1.0032755501002624        3.3975035691590914      Fe
   2.0303030303030303       0.32828282828282829        1.2500000000000000       0.98299999999999998        1.0999999999999999E-002   1.0033590542437225        3.4255461958581521      Fe
   2.0303030303030303       0.33333333333333331        1.2500000000000000       0.98299999999999998        1.0999999999999999E-002   1.0034421861561942        3.4535783044999815      Fe
   2.0303030303030303       0.33838383838383840        1.2500000000000000       0.98299999999999998        1.0999999999999999E-002   1.0040043951669364        3.6461538539572067      Fe
   2.0303030303030303       0.34343434343434343        1.2500000000000000       0.98299999999999998        1.0999999999999999E-002   1.0040835098739860        3.6736726331112810      Fe
   2.0303030303030303       0.34848484848484851        1.2500000000000000       0.98299999999999998        1.0999999999999999E-002   1.0041538520436055        3.6982269114277209      Fe
   2.0303030303030303       0.35353535353535354        1.2500000000000000       0.98299999999999998        1.0999999999999999E-002   1.0042143572099878        3.7194128250657847      Fe
   2.0303030303030303       0.35858585858585856        1.2500000000000000       0.98299999999999998        1.0999999999999999E-002   1.0042868451947164        3.7448742011886234      Fe
   2.0303030303030303       0.36363636363636365        1.2500000000000000       0.98299999999999998        1.0999999999999999E-002   1.0043638468480371        3.7720161334412179      Fe
   2.0303030303030303       0.36868686868686867        1.2500000000000000       0.98299999999999998        1.0999999999999999E-002   1.0044420450898339        3.7996801457394365      Fe
   2.0303030303030303       0.37373737373737376        1.2500000000000000       0.98299999999999998        1.0999999999999999E-002   1.0045192375671754        3.8270874832440898      Fe
   2.0303030303030303       0.37878787878787878        1.2500000000000000       0.98299999999999998        1.0999999999999999E-002   1.0042430828714191        3.7294923130742017      Fe
   2.0303030303030303       0.38383838383838381        1.2500000000000000       0.98299999999999998        1.0999999999999999E-002   1.0043140641198247        3.7544572669752059      Fe
   2.0303030303030303       0.38888888888888890        1.2500000000000000       0.98299999999999998        1.0999999999999999E-002   1.0043848543623766        3.7794379842979899      Fe
   2.0303030303030303       0.39393939393939392        1.2500000000000000       0.98299999999999998        1.0999999999999999E-002   1.0044792122381141        3.8128641187599253      Fe
   2.0303030303030303       0.39898989898989901        1.2500000000000000       0.98299999999999998        1.0999999999999999E-002   1.0045487144711389        3.8375793004848959      Fe
   2.0303030303030303       0.40404040404040403        1.2500000000000000       0.98299999999999998        1.0999999999999999E-002   1.0046136616879107        3.8607468723922143      Fe
   2.0303030303030303       0.40909090909090912        1.2500000000000000       0.98299999999999998        1.0999999999999999E-002   1.0046803685058907        3.8846146987704002      Fe
   2.0303030303030303       0.41414141414141414        1.2500000000000000       0.98299999999999998        1.0999999999999999E-002   1.0047331750832502        3.9035611504066843      Fe
   2.0303030303030303       0.41919191919191917        1.2500000000000000       0.98299999999999998        1.0999999999999999E-002   1.0048007160758676        3.9278613340544957      Fe
   2.0303030303030303       0.42424242424242425        1.2500000000000000       0.98299999999999998        1.0999999999999999E-002   1.0048593278127471        3.9490100200424822      Fe
   2.0303030303030303       0.42929292929292928        1.2500000000000000       0.98299999999999998        1.0999999999999999E-002   1.0049251122406047        3.9728144360587838      Fe
   2.0303030303030303       0.43434343434343436        1.2500000000000000       0.98299999999999998        1.0999999999999999E-002   1.0049879629452141        3.9956240866124664      Fe
   2.0303030303030303       0.43939393939393939        1.2500000000000000       0.98299999999999998        1.0999999999999999E-002   1.0050520016272619        4.0189320311468091      Fe
   2.0303030303030303       0.44444444444444442        1.2500000000000000       0.98299999999999998        1.0999999999999999E-002   1.0051037845811703        4.0378288662048281      Fe
   2.0303030303030303       0.44949494949494950        1.2500000000000000       0.98299999999999998        1.0999999999999999E-002   1.0051668281473392        4.0608947943278357      Fe
   2.0303030303030303       0.45454545454545453        1.2500000000000000       0.98299999999999998        1.0999999999999999E-002   1.0057402437837653        4.2737081598766533      Fe
   2.0303030303030303       0.45959595959595961        1.2500000000000000       0.98299999999999998        1.0999999999999999E-002   1.0057946004770821        4.2941637265272217      Fe
   2.0303030303030303       0.46464646464646464        1.2500000000000000       0.98299999999999998        1.0999999999999999E-002   1.0058531879930879        4.3162661276645986      Fe
   2.0303030303030303       0.46969696969696972        1.2500000000000000       0.98299999999999998        1.0999999999999999E-002   1.0059107869220136        4.3380508874868742      Fe
   2.0303030303030303       0.47474747474747475        1.2500000000000000       0.98299999999999998        1.0999999999999999E-002   1.0059583853362193        4.3560946879861939      Fe
   2.0303030303030303       0.47979797979797978        1.2500000000000000       0.98299999999999998        1.0999999999999999E-002   1.0060095602370447        4.3755360520842048      Fe
   2.0303030303030303       0.48484848484848486        1.2500000000000000       0.98299999999999998        1.0999999999999999E-002   1.0060620193546703        4.3955102207866883      Fe
   2.0303030303030303       0.48989898989898989        1.2500000000000000       0.98299999999999998        1.0999999999999999E-002   1.0061054651186971        4.4120869285233963      Fe
   2.0303030303030303       0.49494949494949497        1.2500000000000000       0.98299999999999998        1.0999999999999999E-002   1.0061594793409023        4.4327395317494425      Fe
   2.0303030303030303       0.50000000000000000        1.2500000000000000       0.98299999999999998        1.0999999999999999E-002   1.0062116394194400        4.4527289631248177      Fe
