 kt up dp u1 d1 u2 d2
   0.0000000000000000        0.0000000000000000        0.0000000000000000        0.0000000000000000        0.0000000000000000        0.0000000000000000        0.0000000000000000     
   9.9999997764825821E-003   2.5218768147335820E-002   1.4996894406697528E-004   2.0133086261265361E-002   9.6205621198004580E-005   1.7255262882879464E-002   8.5703909721979364E-005
   1.9999999552965164E-002   2.5211039492038369E-002   1.4992298392065706E-004   2.0127838690268733E-002   9.6180545766401111E-005   1.7251262302465865E-002   8.5684039530204862E-005
   2.9999999329447746E-002   2.5194129768534239E-002   1.4982242653563475E-004   2.0115679396179618E-002   9.6122442779805184E-005   1.7241551413787498E-002   8.5635807223791448E-005
   3.9999999105930328E-002   2.5166262755868755E-002   1.4965670922385620E-004   2.0095106620141318E-002   9.6024136108247368E-005   1.7224794637592647E-002   8.5552579211330398E-005
   4.9999997019767761E-002   2.5131212440337822E-002   1.4944827482378252E-004   2.0069304827251819E-002   9.5900842665764491E-005   1.7203823166429780E-002   8.5448417537093414E-005
   5.9999998658895493E-002   2.5088628028096360E-002   1.4919503726276232E-004   2.0037971113990655E-002   9.5751115032871438E-005   1.7178364387192786E-002   8.5321968178879155E-005
   7.0000000298023224E-002   2.5039649053710235E-002   1.4890377303338926E-004   2.0002060371444787E-002   9.5579516140904580E-005   1.7149264021093125E-002   8.5177431687838079E-005
   7.9999998211860657E-002   2.4981468794859015E-002   1.4855779134489099E-004   1.9959190989501222E-002   9.5374665505153303E-005   1.7114398239997317E-002   8.5004259376543682E-005
   8.9999996125698090E-002   2.4915986164535421E-002   1.4816838450047333E-004   1.9910956763952159E-002   9.5144179052568070E-005   1.7075179879366784E-002   8.4809468554651412E-005
   9.9999994039535522E-002   2.4843179868089808E-002   1.4773542586682444E-004   1.9857327456728267E-002   9.4887912291032392E-005   1.7031576116030955E-002   8.4592896195143574E-005
  0.10999999940395355        2.4763083477643534E-002   1.4725911508793848E-004   1.9798317765686507E-002   9.4605935454013696E-005   1.6983593399592527E-002   8.4354574332082651E-005
  0.11999999731779099        2.4676916046799995E-002   1.4674670153383179E-004   1.9734943002475299E-002   9.4303100191506548E-005   1.6932127925992545E-002   8.4098954215881000E-005
  0.12999999523162842        2.4582171072654507E-002   1.4618327973443059E-004   1.9665068599253689E-002   9.3969206506229428E-005   1.6875272433202252E-002   8.3816562805540167E-005
  0.14000000059604645        2.4480451831933803E-002   1.4557838392694887E-004   1.9590032147947321E-002   9.3610646059175077E-005   1.6814208694833223E-002   8.3513269766425830E-005
  0.14999999105930328        2.4371850305256508E-002   1.4493256109433849E-004   1.9509892638862311E-002   9.3227700734549942E-005   1.6748980074714179E-002   8.3189290479183600E-005
  0.15999999642372131        2.4256466477466310E-002   1.4424640581843422E-004   1.9424714850869072E-002   9.2820680077119601E-005   1.6679634617785512E-002   8.2844863574732294E-005
  0.17000000178813934        2.4134408659101977E-002   1.4352056219164508E-004   1.9334569572605358E-002   9.2389922349224110E-005   1.6606225217614210E-002   8.2480251766281281E-005
  0.17999999225139618        2.4005797460756293E-002   1.4275574745135298E-004   1.9239536861663360E-002   9.1935810104749362E-005   1.6528812442324160E-002   8.2095755885237939E-005
  0.18999999761581421        2.3871722572945810E-002   1.4195844168156423E-004   1.9140514817330544E-002   9.1462634896353074E-005   1.6448184282232183E-002   8.1695289743372900E-005
  0.19999998807907104        2.3730256048607345E-002   1.4111717992159575E-004   1.9035850496782372E-002   9.0962498163964684E-005   1.6362858418011699E-002   8.1271490916676561E-005
  0.20999999344348907        2.3582689895905236E-002   1.4023964538178524E-004   1.8926611179978649E-002   9.0440499887298691E-005   1.6273772460699002E-002   8.0829016357184441E-005
  0.21999999880790710        2.3429169627861814E-002   1.3932670338728172E-004   1.8812894494645252E-002   8.9897106578835801E-005   1.6181000857012538E-002   8.0368235828885595E-005
  0.22999998927116394        2.3269845978282001E-002   1.3837925030976472E-004   1.8694801843373368E-002   8.9332802789188388E-005   1.6084621091548956E-002   7.9889534184385467E-005
  0.23999999463558197        2.3104883004261306E-002   1.3739826175078744E-004   1.8572445180975315E-002   8.8748123492583602E-005   1.5984719657324370E-002   7.9393341019552566E-005
  0.25000000000000000        2.2934448172468182E-002   1.3638473358767834E-004   1.8445938732731659E-002   8.8143614512643963E-005   1.5881384748845449E-002   7.8880094381264987E-005
  0.25999999046325684        2.2758712778934605E-002   1.3533968446991599E-004   1.8315399442355468E-002   8.7519834662976891E-005   1.5774706701538160E-002   7.8350242949977146E-005
  0.26999998092651367        2.2577849369875027E-002   1.3426414048146453E-004   1.8180944964227244E-002   8.6877346153102210E-005   1.5664776295303051E-002   7.7804237613772004E-005
  0.28000000119209290        2.2392809262339785E-002   1.3316375883811956E-004   1.8043350670453328E-002   8.6219854085863146E-005   1.5552269301579012E-002   7.7245434812640398E-005
  0.28999999165534973        2.2202150609487895E-002   1.3202996528094110E-004   1.7901368968406720E-002   8.5541396860433987E-005   1.5436061183338928E-002   7.6668249165443342E-005
  0.29999998211860657        2.2006930043280953E-002   1.3086904330397676E-004   1.7755863741869236E-002   8.4846102531241859E-005   1.5316906175455905E-002   7.6076426826494228E-005
  0.31000000238418579        2.1807334542210462E-002   1.2968210481589589E-004   1.7606963686173455E-002   8.4134586066814265E-005   1.5194904185037571E-002   7.5470464017136571E-005
  0.31999999284744263        2.1603558347848630E-002   1.2847030491687262E-004   1.7454803355351919E-002   8.3407490431380453E-005   1.5070160154079722E-002   7.4850881966133715E-005
  0.32999998331069946        2.1395795381746092E-002   1.2723479680400260E-004   1.7299517177140789E-002   8.2665457985664010E-005   1.4942778955267333E-002   7.4218201557994240E-005
  0.34000000357627869        2.1184239031742737E-002   1.2597673050055322E-004   1.7141239144449691E-002   8.1909129012577454E-005   1.4812865044284754E-002   7.3572941606056492E-005
  0.34999999403953552        2.0969088672471874E-002   1.2469729163157393E-004   1.6980108263310555E-002   8.1139167750155574E-005   1.4680527274612750E-002   7.2915642766753914E-005
  0.35999998450279236        2.0750540351557982E-002   1.2339764603732506E-004   1.6816261017631902E-002   8.0356226384507983E-005   1.4545872360671810E-002   7.2246835072177083E-005
  0.37000000476837158        2.0528794825098368E-002   1.2207898755803537E-004   1.6649838083036436E-002   7.9560977131781308E-005   1.4409010810528118E-002   7.1567067396799487E-005
  0.37999999523162842        2.0304053758763482E-002   1.2074251544291000E-004   1.6480980982795476E-002   7.8754096258597459E-005   1.4270053875385441E-002   7.0876892306130274E-005
  0.38999998569488525        2.0077145709814340E-002   1.1939315688969308E-004   1.6310361635245411E-002   7.7938794515663355E-005   1.4129585026233557E-002   7.0179207799775522E-005
  0.39999997615814209        1.9846953541182048E-002   1.1802426859742655E-004   1.6137007879556766E-002   7.7110426448462520E-005   1.3986724895776863E-002   6.9469646212297277E-005
  0.40999999642372131        1.9614369546648507E-002   1.1664115678707589E-004   1.5961646258835682E-002   7.6272463831264620E-005   1.3842105841149116E-002   6.8751348352333002E-005
  0.41999998688697815        1.9379591695717010E-002   1.1524499872777626E-004   1.5784416860207231E-002   7.5425576068090315E-005   1.3695838500813320E-002   6.8024863742014393E-005
  0.42999997735023499        1.9142825184992086E-002   1.1383701466620788E-004   1.5605458120529886E-002   7.4570424677188312E-005   1.3548032409940311E-002   6.7290736423611844E-005
  0.43999999761581421        1.8904301162777550E-002   1.1241857917653066E-004   1.5424909759140484E-002   7.3707677305109178E-005   1.3398798451154713E-002   6.6549517131965765E-005
  0.44999998807907104        1.8664158275088865E-002   1.1099051674772911E-004   1.5242930832534212E-002   7.2838094000696193E-005   1.3248247899732555E-002   6.5801758552148343E-005
  0.45999997854232788        1.8422609903626992E-002   1.0955409630095715E-004   1.5059654903339150E-002   7.1962312990768462E-005   1.3096495947197003E-002   6.5048032820554615E-005
  0.46999999880790710        1.8179820661768771E-002   1.0811029674581736E-004   1.4875203064870468E-002   7.1080912917738736E-005   1.2943661807143913E-002   6.4288932050519818E-005
  0.47999998927116394        1.7935983897465518E-002   1.0666026786837073E-004   1.4689703131727913E-002   7.0194504541567284E-005   1.2789843888602466E-002   6.3524945022690809E-005
  0.48999997973442078        1.7691295008325919E-002   1.0520517164341647E-004   1.4503297402694846E-002   6.9303767834647383E-005   1.2635136582310530E-002   6.2756540559555661E-005
  0.50000000000000000        1.7445924332788042E-002   1.0374602102589104E-004   1.4316109178305163E-002   6.8409291986550120E-005   1.2479652630936318E-002   6.1984278634470011E-005
  0.50999999046325684        1.7200063279920061E-002   1.0228395427186126E-004   1.4128278574935925E-002   6.7511746541076161E-005   1.2323491150845951E-002   6.1208651541300920E-005
  0.51999998092651367        1.6953889386531969E-002   1.0082002714296347E-004   1.3939925395220732E-002   6.6611703973137477E-005   1.2166758917789297E-002   6.0430189616751536E-005
  0.52999997138977051        1.6707552638236509E-002   9.9355131561588094E-005   1.3751184228460443E-002   6.5709807415492271E-005   1.2009561453681402E-002   5.9649416969943949E-005
  0.53999996185302734        1.6461240126332304E-002   9.7890380107236755E-005   1.3562171345381326E-002   6.4806612465891496E-005   1.1851992894030879E-002   5.8866801155686519E-005
  0.55000001192092896        1.6215104328747898E-002   9.6426679523403368E-005   1.3373011478928457E-002   6.3902715158659383E-005   1.1694157207790315E-002   5.8082858569805119E-005
  0.56000000238418579        1.5969318372119724E-002   9.4965059345658429E-005   1.3183829952219075E-002   6.2998714348248152E-005   1.1536148852839332E-002   5.7298058368269263E-005
  0.56999999284744263        1.5724026992540989E-002   9.3506380278971258E-005   1.2994734823981795E-002   6.2095126391513298E-005   1.1378058856501757E-002   5.6512852668070607E-005
  0.57999998331069946        1.5479398404956608E-002   9.2051642650460195E-005   1.2805847510614272E-002   6.1192531474711699E-005   1.1219994066612525E-002   5.5727772163946177E-005
  0.58999997377395630        1.5235559887593338E-002   9.0601603348057098E-005   1.2617271895466227E-002   6.0291426002719722E-005   1.1062034855010840E-002   5.4943216048936309E-005
  0.59999996423721313        1.4992656775416939E-002   8.9157126638058682E-005   1.2429123433933535E-002   5.9392361677245346E-005   1.0904276394478949E-002   5.4159657029808402E-005
  0.61000001430511475        1.4750841995864730E-002   8.7719121937061270E-005   1.2241499212117288E-002   5.8495802422624157E-005   1.0746798976082873E-002   5.3377493898416225E-005
  0.62000000476837158        1.4510219974703101E-002   8.6288210235821710E-005   1.2054510646967885E-002   5.7602280642919055E-005   1.0589692233439099E-002   5.2597171849447905E-005
  0.62999999523162842        1.4270955584243997E-002   8.4865371983756970E-005   1.1868248824426343E-002   5.6712231590799504E-005   1.0433039930885178E-002   5.1819106925896827E-005
  0.63999998569488525        1.4033145573134403E-002   8.3451182517947233E-005   1.1682816391485197E-002   5.5826145763229019E-005   1.0276917753107007E-002   5.1043675040522590E-005
  0.64999997615814209        1.3796910961666436E-002   8.2046361512141424E-005   1.1498299302584909E-002   5.4944433892086229E-005   1.0121408175692397E-002   5.0271285835321355E-005
  0.65999996662139893        1.3562380383238391E-002   8.0651673913096806E-005   1.1314793107188151E-002   5.4067552558905176E-005   9.9665778372592644E-003   4.9502270292795905E-005
  0.66999995708465576        1.3329632610266120E-002   7.9267588158286518E-005   1.1132378412942867E-002   5.3195886946004314E-005   9.8125092122028894E-003   4.8737038049019316E-005
  0.68000000715255737        1.3098805013900145E-002   7.7894921155430508E-005   1.0951141713350225E-002   5.2329850361154844E-005   9.6592700170009330E-003   4.7975925440037415E-005
  0.68999999761581421        1.2869962941130353E-002   7.6534061504757582E-005   1.0771159213872271E-002   5.1469806950902358E-005   9.5069256821067247E-003   4.7219257447608096E-005
  0.69999998807907104        1.2643232568357855E-002   7.5185759541951638E-005   1.0592511517598973E-002   5.0616141875785105E-005   9.3555447554124847E-003   4.6467374537269709E-005
  0.70999997854232788        1.2418667367162926E-002   7.3850333247509414E-005   1.0415264922976479E-002   4.9769171941836390E-005   9.2051850249509105E-003   4.5720563732197332E-005
  0.71999996900558472        1.2196383836000451E-002   7.2528475405082035E-005   1.0239487090790646E-002   4.8929220465007353E-005   9.0559111570383214E-003   4.4979146218812209E-005
  0.72999995946884155        1.1976442759028172E-002   7.1220547481014488E-005   1.0065259817881162E-002   4.8096678310149573E-005   8.9077755046196201E-003   4.4243382025147217E-005
  0.74000000953674316        1.1758899252248305E-002   6.9926877234720229E-005   9.8926207659844907E-003   4.7271725443250666E-005   8.7608304978466431E-003   4.3513531562708728E-005
  0.75000000000000000        1.1543856506686236E-002   6.8648078314297373E-005   9.7216539598138866E-003   4.6454763375019392E-005   8.6151435983720225E-003   4.2789929901870729E-005
  0.75999999046325684        1.1331343869256289E-002   6.7384325237618064E-005   9.5523908816268072E-003   4.5645942542904640E-005   8.4707434700078670E-003   4.2072719410836024E-005
  0.76999998092651367        1.1121451461545301E-002   6.6136153932493574E-005   9.3849061857763268E-003   4.4845619681503385E-005   8.3276966130611998E-003   4.1362230385140877E-005
  0.77999997138977051        1.0914216787411756E-002   6.4903787423856057E-005   9.2192259210319531E-003   4.4053919264431801E-005   8.1860276430802507E-003   4.0658585085960904E-005
  0.78999996185302734        1.0709673213516383E-002   6.3687424133882490E-005   9.0554186873206093E-003   4.3271169095311104E-005   8.0457916529332561E-003   3.9962057150054737E-005
  0.79999995231628418        1.0507896079773749E-002   6.2487512087923091E-005   8.8935078028418123E-003   4.2497480599773828E-005   7.9070261932269164E-003   3.9272833084798581E-005
  0.81000000238418579        1.0308893392613540E-002   6.1304098897970808E-005   8.7335412443185403E-003   4.1733083033800696E-005   7.7697625207797990E-003   3.8591068137410451E-005
  0.81999999284744263        1.0112733322161617E-002   6.0137589952652360E-005   8.5755513851353722E-003   4.0978131093076905E-005   7.6340407260880082E-003   3.7916961430458366E-005
  0.82999998331069946        9.9194305056512101E-003   5.8988072295490353E-005   8.4195753777505447E-003   4.0232802310012389E-005   7.4998871766886388E-003   3.7250643926943855E-005
  0.83999997377395630        9.7289979881628949E-003   5.7855623501921691E-005   8.2656376642963967E-003   3.9497213480934060E-005   7.3673353551448034E-003   3.6592281928973451E-005
  0.84999996423721313        9.5414874252504143E-003   5.6740550753042817E-005   8.1137702395324973E-003   3.8771517492273790E-005   7.2364077112692495E-003   3.5941986940888695E-005
  0.85999995470046997        9.3568896609837141E-003   5.5642799601104554E-005   7.9639917597492168E-003   3.8055803492807811E-005   7.1071274283092895E-003   3.5299874109873773E-005
  0.87000000476837158        9.1752469193083514E-003   5.4562621140073617E-005   7.8163273306593953E-003   3.7350191449771604E-005   6.9795280863139556E-003   3.4666110222230990E-005
  0.87999999523162842        8.9965453417293981E-003   5.3499932957365975E-005   7.6707921701937715E-003   3.6654754081796672E-005   6.8536133853764553E-003   3.4040713655684020E-005
  0.88999998569488525        8.8208192945554709E-003   5.2454939419784241E-005   7.5274057836158519E-003   3.5969584594463530E-005   6.7294177230484576E-003   3.3423855256929596E-005
  0.89999997615814209        8.6480513912556740E-003   5.1427537134503624E-005   7.3861760993596051E-003   3.5294720873663251E-005   6.6069391989356007E-003   3.2815525587037105E-005
  0.90999996662139893        8.4782546598712160E-003   5.0417803575632693E-005   7.2471121957786901E-003   3.4630206300159382E-005   6.4861999551497958E-003   3.2215834622051283E-005
  0.91999995708465576        8.3114291833361210E-003   4.9425739236356789E-005   7.1102356530278023E-003   3.3976143994365776E-005   6.3672196704656122E-003   3.1624880103045591E-005
  0.93000000715255737        8.1475504187279741E-003   4.8451198166797066E-005   6.9755311826488840E-003   3.3332460900637384E-005   6.2499933343981582E-003   3.1042637143807208E-005
  0.93999999761581421        7.9866395211354510E-003   4.7494306170334883E-005   6.8430236605976375E-003   3.2699275888318938E-005   6.1345369360795658E-003   3.0469185159593244E-005
  0.94999998807907104        7.8286632433863280E-003   4.6554865535358028E-005   6.7126931557853877E-003   3.2076493717031257E-005   6.0208482460807960E-003   2.9904513077214711E-005
  0.95999997854232788        7.6736197649901559E-003   4.5632865435920179E-005   6.5845583840445070E-003   3.1464203820071317E-005   5.9089392494277807E-003   2.9348680424224886E-005
  0.96999996900558472        7.5214944724379066E-003   4.4728218969579932E-005   6.4585963384356671E-003   3.0862296259158275E-005   5.7988137410319579E-003   2.8801706049293345E-005
  0.97999995946884155        7.3722534014462335E-003   4.3840724160266231E-005   6.3348213901052363E-003   3.0270839706578481E-005   5.6904589184303125E-003   2.8263526364798004E-005
  0.98999994993209839        7.2258992821097948E-003   4.2970397243086675E-005   6.2132106382856859E-003   2.9689724731391341E-005   5.5838815931427291E-003   2.7734175202381346E-005
   1.0000000000000000        7.0823978719549317E-003   4.2117034587650218E-005   6.0937627478883311E-003   2.9118944953897497E-005   5.4790860468481401E-003   2.7213673828402979E-005
