 Z Q2 pt2 MULT-RATIO STAT SYS fuu fuua DIS chi2
  0.34999999999999998        1.6388599999999998        5.9999999999999998E-002  0.55779220667070484        5.0000000000000001E-003   2.8999999999999998E-002   6.6839283157778869E-005   4.4722440220754987E-005   1.0733909047398593        4.9636787643723457     
  0.34999999999999998        1.6468099999999999        9.2499999999999999E-002  0.64698563542292520        4.0000000000000001E-003   2.7999999999999997E-002   5.7633448536193269E-005   4.0327886034778623E-005   1.0739180692478547        2.6246787871676225E-002
  0.34999999999999998        1.6274500000000001       0.14250000000000002       0.65956520602133295        4.0000000000000001E-003   2.8999999999999998E-002   4.6074698450339658E-005   3.4508415364406907E-005   1.0761804752034621        1.5446668491692270     
  0.34999999999999998        1.6306300000000000       0.22000000000000003       0.66736892542341908        4.0000000000000001E-003   2.8999999999999998E-002   2.9694592914426683E-005   2.5049777749655277E-005   1.0766040174076581        15.752194928685242     
  0.45000000000000001        1.6429400000000001        5.9999999999999998E-002  0.60484578846410586        6.0000000000000001E-003   2.7999999999999997E-002   3.6354469023434136E-005   2.4234294170381138E-005   1.0727957275251647       0.33329023427438204     
  0.45000000000000001        1.6319299999999999        9.2499999999999999E-002  0.57788552900862167        5.0000000000000001E-003   2.7999999999999997E-002   3.2105235481166323E-005   2.2310460216561235E-005   1.0739491242265113        5.9159654228263010     
  0.45000000000000001        1.6456900000000001       0.14250000000000002       0.60705642827121553        5.0000000000000001E-003   2.8999999999999998E-002   2.5476256044090218E-005   1.9000788592120228E-005   1.0735925249678147        8.8697268040195354     
  0.45000000000000001        1.6341800000000000       0.22000000000000003       0.56009210171803270        4.0000000000000001E-003   2.8999999999999998E-002   1.8110854414655554E-005   1.5129952533169684E-005   1.0752816418032507        54.859288094697369     
  0.55000000000000004        1.6793400000000001        5.9999999999999998E-002  0.63903600366514191        9.0000000000000011E-003   2.7999999999999997E-002   1.9312758113372762E-005   1.2227129723858156E-005   1.0703413026119128        2.6118603457451148     
  0.55000000000000004        1.6393200000000001        9.2499999999999999E-002  0.65606478111513566        6.9999999999999993E-003   2.7999999999999997E-002   1.7881023441237992E-005   1.1695539901002546E-005   1.0732254112987338        2.6087456762269552     
  0.55000000000000004        1.6351700000000000       0.14250000000000002       0.62053482354156664        6.0000000000000001E-003   2.8999999999999998E-002   1.4929214236574746E-005   1.0411736839302153E-005   1.0738824113463303       0.95175085096539791     
  0.55000000000000004        1.6525099999999999       0.22000000000000003       0.53417318121637025        5.0000000000000001E-003   2.8999999999999998E-002   1.0793159612557007E-005   8.3795699092922494E-006   1.0730457979083134        41.402944210621129     
  0.64999999999999991        1.6768299999999998        5.9999999999999998E-002  0.58025078341497782        1.1000000000000001E-002   2.7999999999999997E-002   1.0842758906560758E-005   6.0566592095129222E-006   1.0685794431416955        3.6545647633493670     
  0.64999999999999991        1.6648400000000001        9.2499999999999999E-002  0.57726320395708353        9.0000000000000011E-003   2.9999999999999999E-002   1.0034456406701865E-005   5.8054111342145919E-006   1.0699317090181495        1.3602832019013613     
  0.64999999999999991        1.6329700000000000       0.14250000000000002       0.59194292477318167        6.9999999999999993E-003   2.7999999999999997E-002   8.8241747982766177E-006   5.3785487050778121E-006   1.0721964366011352       0.66076777670605757     
  0.64999999999999991        1.6450599999999997       0.22000000000000003       0.55397798788197716        6.0000000000000001E-003   2.7999999999999997E-002   6.7179144136123838E-006   4.5127337413035719E-006   1.0714797407411545        6.4908112310630441     
