 x kt FF(p) FF(Pb) ratio
  0.15000000596046448        9.9999997764825821E-003   5.9601694178331392        4.2354404598553144       0.71062417239057918     
  0.15505051612854004        9.9999997764825821E-003   5.6915852604595427        4.0140441457654727       0.70525942458452706     
  0.16010101139545441        9.9999997764825821E-003   5.4363496503275419        3.8097455659962578       0.70079112107270713     
  0.16515152156352997        9.9999997764825821E-003   5.1939540896498029        3.6206154823287005       0.69708268880228330     
  0.17020203173160553        9.9999997764825821E-003   4.9652867023129046        3.4457822073321185       0.69397446993887013     
  0.17525252699851990        9.9999997764825821E-003   4.7487940362908780        3.2827162219268478       0.69127365744648428     
  0.18030303716659546        9.9999997764825821E-003   4.5627340300185564        3.1316864981604278       0.68636183427673769     
  0.18535354733467102        9.9999997764825821E-003   4.3851186580080386        2.9916012717896132       0.68221672093784635     
  0.19040404260158539        9.9999997764825821E-003   4.2166364572417647        2.8615295433507772       0.67862846901024854     
  0.19545455276966095        9.9999997764825821E-003   4.0557121003752368        2.7401991985241856       0.67563947605419550     
  0.20050504803657532        9.9999997764825821E-003   3.9034995699699917        2.6268858034602505       0.67295660121731349     
  0.20555555820465088        9.9999997764825821E-003   3.7705310298384580        2.5209165530353599       0.66858395623477052     
  0.21060606837272644        9.9999997764825821E-003   3.6422880738728005        2.4216734378205795       0.66487696434336230     
  0.21565657854080200        9.9999997764825821E-003   3.5180159080308475        2.3281935338538449       0.66179164469924567     
  0.22070707380771637        9.9999997764825821E-003   3.3986987594928348        2.2413762024798825       0.65948068984329400     
  0.22575758397579193        9.9999997764825821E-003   3.2878731303603974        2.1602695292901064       0.65704163258066783     
  0.23080807924270630        9.9999997764825821E-003   3.1909487599327604        2.0838410559411726       0.65304748296399573     
  0.23585858941078186        9.9999997764825821E-003   3.0964511438292064        2.0116787103990204       0.64967235617717223     
  0.24090909957885742        9.9999997764825821E-003   3.0047315517569961        1.9434674257680558       0.64680234899241718     
  0.24595960974693298        9.9999997764825821E-003   2.9155454412252562        1.8789273557929658       0.64445140494992514     
  0.25101011991500854        9.9999997764825821E-003   2.8308707667915476        1.8177008000472865       0.64209953395627184     
  0.25606060028076172        9.9999997764825821E-003   2.7560557468398197        1.7595603859913367       0.63843425083433236     
  0.26111111044883728        9.9999997764825821E-003   2.6828915030266653        1.7042661969523345       0.63523485576278105     
  0.26616162061691284        9.9999997764825821E-003   2.6113121454544461        1.6517231993001396       0.63252614291068998     
  0.27121213078498840        9.9999997764825821E-003   2.5411773178258827        1.6024151743380557       0.63057983521945260     
  0.27626264095306396        9.9999997764825821E-003   2.4744385205754891        1.5548252871002097       0.62835478601367656     
  0.28131312131881714        9.9999997764825821E-003   2.4145999469009181        1.5095176445534455       0.62516262641804321     
  0.28636366128921509        9.9999997764825821E-003   2.3555993865025484        1.4660204159935890       0.62235557726572832     
  0.29141414165496826        9.9999997764825821E-003   2.2973153925108760        1.4242201875645044       0.61994978669771905     
  0.29646465182304382        9.9999997764825821E-003   2.2393674301335356        1.3839661794833269       0.61801657059949278     
  0.30151516199111938        9.9999997764825821E-003   2.1840292494698232        1.3451395732009392       0.61589814949935950     
  0.30656564235687256        9.9999997764825821E-003   2.1333027973243590        1.3076833058857478       0.61298532375520087     
  0.31161618232727051        9.9999997764825821E-003   2.0829343287835593        1.2715263076322207       0.61044954229296144     
  0.31666666269302368        9.9999997764825821E-003   2.0329881925221267        1.2364968934046476       0.60821646576837651     
  0.32171717286109924        9.9999997764825821E-003   1.9835155588994269        1.2025956932941997       0.60629506428549107     
  0.32676768302917480        9.9999997764825821E-003   1.9361587821152793        1.1697559787460030       0.60416324815469369     
  0.33181819319725037        9.9999997764825821E-003   1.8921089595248510        1.1380600434608199       0.60147701205675341     
  0.33686870336532593        9.9999997764825821E-003   1.8485791746466420        1.1074330450943521       0.59907255273826143     
  0.34191918373107910        9.9999997764825821E-003   1.8051399621223931        1.0776194458278090       0.59697279348954080     
  0.34696972370147705        9.9999997764825821E-003   1.7617495133463212        1.0485939581007357       0.59520036767826556     
  0.35202020406723022        9.9999997764825821E-003   1.7201622099310052        1.0203353550371688       0.59316228966458573     
  0.35707071423530579        9.9999997764825821E-003   1.6810077530287624       0.99277237802524232       0.59058167711392806     
  0.36212122440338135        9.9999997764825821E-003   1.6415469441968287       0.96570186584727624       0.58828769366676381     
  0.36717170476913452        9.9999997764825821E-003   1.6023849482624146       0.93951342247603531       0.58632192189200216     
  0.37222224473953247        9.9999997764825821E-003   1.5632726216505048       0.91399842266992781       0.58466988419775900     
  0.37727272510528564        9.9999997764825821E-003   1.5259318114784781       0.88910436518804659       0.58266323468713310     
  0.38232323527336121        9.9999997764825821E-003   1.4905686980614461       0.86478655043144237       0.58017221987563372     
  0.38737374544143677        9.9999997764825821E-003   1.4550798086253833       0.84105452978943251       0.57801264563211718     
  0.39242425560951233        9.9999997764825821E-003   1.4196193141546527       0.81796595104081482       0.57618682902175977     
  0.39747476577758789        9.9999997764825821E-003   1.3841978563109294       0.79545616975271005       0.57466941313773312     
  0.40252524614334106        9.9999997764825821E-003   1.3507389825004208       0.77348296687205742       0.57263688758002984     
  0.40757575631141663        9.9999997764825821E-003   1.3190037352976762       0.75203996585230881       0.57015757099625386     
  0.41262626647949219        9.9999997764825821E-003   1.2871211195180583       0.73114850052322600       0.56804949389455495     
  0.41767677664756775        9.9999997764825821E-003   1.2552191695650925       0.71082920591256404       0.56629887683985236     
  0.42272728681564331        9.9999997764825821E-003   1.2232981857155518       0.69099092653121275       0.56485894821059257     
  0.42777779698371887        9.9999997764825821E-003   1.1934736955225267       0.67163737265955659       0.56275842121974906     
  0.43282827734947205        9.9999997764825821E-003   1.1651949505334938       0.65276730740040967       0.56022153812247044     
  0.43787878751754761        9.9999997764825821E-003   1.1367109129212816       0.63437945997868850       0.55808337262142560     
  0.44292929768562317        9.9999997764825821E-003   1.1080556980469387       0.61653180680981545       0.55640867863999588     
  0.44797980785369873        9.9999997764825821E-003   1.0793000342528993       0.59917141440386201       0.55514814730698459     
  0.45303031802177429        9.9999997764825821E-003   1.0530362820647032       0.58228810956704091       0.55296110825862554     
  0.45808082818984985        9.9999997764825821E-003   1.0281916417818600       0.56586371911917865       0.55034849158911148     
  0.46313130855560303        9.9999997764825821E-003   1.0030421248181480       0.54987725953740074       0.54820953769722658     
  0.46818181872367859        9.9999997764825821E-003  0.97764399200791641       0.53439929830339239       0.54661952885919762     
  0.47323232889175415        9.9999997764825821E-003  0.95206381301359522       0.51940574152988694       0.54555769732051562     
  0.47828283905982971        9.9999997764825821E-003  0.92931025135646517       0.50486596929051308       0.54326955777533592     
  0.48333334922790527        9.9999997764825821E-003  0.90777172309898513       0.49075482337484022       0.54061479432239090     
  0.48838382959365845        9.9999997764825821E-003  0.88584040787210949       0.47705777862397408       0.53853693552986781     
  0.49343433976173401        9.9999997764825821E-003  0.86358395506719732       0.46376107363421687       0.53701909456866948     
  0.49848484992980957        9.9999997764825821E-003  0.84097738913500342       0.45090393085772673       0.53616653275483295     
  0.50353538990020752        9.9999997764825821E-003  0.82179827874477751       0.43854246053090701       0.53363759924240883     
  0.50858587026596069        9.9999997764825821E-003  0.80355892758952974       0.42658672174933049       0.53087173460816495     
  0.51363635063171387        9.9999997764825821E-003  0.78476275283904817       0.41500735496255187       0.52883161625749109     
  0.51868689060211182        9.9999997764825821E-003  0.76551991247192919       0.40379978421495905       0.52748436407232702     
  0.52373737096786499        9.9999997764825821E-003  0.74587585004489110       0.39295427576006470       0.52683603542923996     
  0.52878785133361816        9.9999997764825821E-003  0.72997787787454582       0.38252691892009377       0.52402535818466944     
  0.53383839130401611        9.9999997764825821E-003  0.71475606422416471       0.37248877518438872       0.52114111908754268     
  0.53888893127441406        9.9999997764825821E-003  0.69883294461155276       0.36281019940148690       0.51916584957676182     
  0.54393941164016724        9.9999997764825821E-003  0.68235115960861792       0.35346539560349405       0.51801098397229117     
  0.54898989200592041        9.9999997764825821E-003  0.66536135863233536       0.34444068217799695       0.51767461050939634     
  0.55404043197631836        9.9999997764825821E-003  0.65256937143102878       0.33572941512155813       0.51447314235011099     
  0.55909091234207153        9.9999997764825821E-003  0.64006793645533588       0.32724802459235852       0.51127076666992832     
  0.56414139270782471        9.9999997764825821E-003  0.62663682957391353       0.31910957109041693       0.50924164688404594     
  0.56919193267822266        9.9999997764825821E-003  0.61244728972649654       0.31128127688799778       0.50825806907727211     
  0.57424247264862061        9.9999997764825821E-003  0.59760186451211739       0.30375373573698200       0.50828779790532741     
  0.57929289340972900        9.9999997764825821E-003  0.58757905356846951       0.29648725130647585       0.50459125373148916     
  0.58434343338012695        9.9999997764825821E-003  0.57736966550733593       0.28947491452029245       0.50136841578944091     
  0.58939397335052490        9.9999997764825821E-003  0.56614025411309210       0.28271453659181889       0.49937190393697722     
  0.59444445371627808        9.9999997764825821E-003  0.55402226938106014       0.27620398103856225       0.49854310251306405     
  0.59949493408203125        9.9999997764825821E-003  0.54109670935109433       0.26996446623155190       0.49892091666072874     
  0.60454547405242920        9.9999997764825821E-003  0.53351848993439155       0.26396949282350679       0.49477103006489609     
  0.60959595441818237        9.9999997764825821E-003  0.52529227545323420       0.25821166212876445       0.49155807955861053     
  0.61464643478393555        9.9999997764825821E-003  0.51585257980231403       0.25264811735233189       0.48976806018718017     
  0.61969697475433350        9.9999997764825821E-003  0.50536864571269702       0.24725404319285832       0.48925481485731642     
  0.62474751472473145        9.9999997764825821E-003  0.49394722360807664       0.24204519990788700       0.49002239174430146     
  0.62979799509048462        9.9999997764825821E-003  0.48850486441004115       0.23701553057393929       0.48518560989188680     
  0.63484847545623779        9.9999997764825821E-003  0.48189542720169615       0.23217920103970729       0.48180411751973162     
  0.63989901542663574        9.9999997764825821E-003  0.47390765326165141       0.22752644852959689       0.48010714105090885     
  0.64494949579238892        9.9999997764825821E-003  0.46466316362427906       0.22304735618276528       0.48001944988072831     
  0.64999997615814209        9.9999997764825821E-003  0.45433931410185474       0.21873655622269469       0.48143876048916578     
  0.15000000596046448       0.12500000000000000        5.4291627099998498        3.8916097452292320       0.71679740562230077     
  0.15505051612854004       0.12500000000000000        5.1848446042064884        3.6889640299897599       0.71148979604844598     
  0.16010101139545441       0.12500000000000000        4.9536823571030082        3.5015563612135869       0.70685928341625692     
  0.16515152156352997       0.12500000000000000        4.7338134417397013        3.3279849726833097       0.70302410807728366     
  0.17020203173160553       0.12500000000000000        4.5261362019943530        3.1672881890231719       0.69977748076329838     
  0.17525252699851990       0.12500000000000000        4.3294877701708083        3.0181923075851409       0.69712457172873965     
  0.18030303716659546       0.12500000000000000        4.1598399053514541        2.8795890158840454       0.69223553824260853     
  0.18535354733467102       0.12500000000000000        3.9979895810137638        2.7508517657105465       0.68805876302784597     
  0.19040404260158539       0.12500000000000000        3.8431601426315880        2.6309670748005343       0.68458429447568903     
  0.19545455276966095       0.12500000000000000        3.6952292568025644        2.5192542708486911       0.68175858540061740     
  0.20050504803657532       0.12500000000000000        3.5552547044563600        2.4149747401357078       0.67926912159307185     
  0.20555555820465088       0.12500000000000000        3.4339066325572527        2.3174877081072376       0.67488372751165615     
  0.21060606837272644       0.12500000000000000        3.3172910635815782        2.2263049832566422       0.67112138808011867     
  0.21565657854080200       0.12500000000000000        3.2051786199872416        2.1409922682193390       0.66797908075022083     
  0.22070707380771637       0.12500000000000000        3.0970622476180774        2.0607732362017712       0.66539613073217796     
  0.22575758397579193       0.12500000000000000        2.9947167613870729        1.9855860802999941       0.66302967475973373     
  0.23080807924270630       0.12500000000000000        2.9055605776328308        1.9147714159183780       0.65900240754173089     
  0.23585858941078186       0.12500000000000000        2.8185661921218514        1.8479385503353287       0.65563070879814167     
  0.24090909957885742       0.12500000000000000        2.7346999743135392        1.7850094105530636       0.65272586657376719     
  0.24595960974693298       0.12500000000000000        2.6531042561658915        1.7254289074249833       0.65034342446778570     
  0.25101011991500854       0.12500000000000000        2.5753122603168883        1.6690202454814629       0.64808461140789675     
  0.25606060028076172       0.12500000000000000        2.5067412057559992        1.6156070387698480       0.64450491939897037     
  0.26111111044883728       0.12500000000000000        2.4396305353361472        1.5647610952013209       0.64139265045955762     
  0.26616162061691284       0.12500000000000000        2.3740411537379975        1.5165052134489165       0.63878640480226490     
  0.27121213078498840       0.12500000000000000        2.3096517529399003        1.4703501513035206       0.63661119016403545     
  0.27626264095306396       0.12500000000000000        2.2484913691339905        1.4263191258412913       0.63434494142205222     
  0.28131312131881714       0.12500000000000000        2.1934174605291696        1.3842438731737585       0.63109002188749097     
  0.28636366128921509       0.12500000000000000        2.1389199431408388        1.3439652475710264       0.62833826571251528     
  0.29141414165496826       0.12500000000000000        2.0855583441556274        1.3052286754180780       0.62584136237460253     
  0.29646465182304382       0.12500000000000000        2.0325625071918338        1.2681183876657345       0.62390129857199472     
  0.30151516199111938       0.12500000000000000        1.9823427468401862        1.2323113355247539       0.62164392988499739     
  0.30656564235687256       0.12500000000000000        1.9361218353711549        1.1978245015668028       0.61867206891821436     
  0.31161618232727051       0.12500000000000000        1.8901978111449234        1.1645480567462212       0.61609851089650536     
  0.31666666269302368       0.12500000000000000        1.8447821969622433        1.1323829277673307       0.61383014733771679     
  0.32171717286109924       0.12500000000000000        1.7997090233504220        1.1012294016268278       0.61189302678314517     
  0.32676768302917480       0.12500000000000000        1.7565960065918567        1.0711542747943992       0.60978976997257905     
  0.33181819319725037       0.12500000000000000        1.7165639480023152        1.0418692896692834       0.60695046687994303     
  0.33686870336532593       0.12500000000000000        1.6764027266262733        1.0135417016382793       0.60459320755103485     
  0.34191918373107910       0.12500000000000000        1.6366308396964129       0.98599601739289500       0.60245474634694807     
  0.34696972370147705       0.12500000000000000        1.5968562566948730       0.95916055879193463       0.60065554101730956     
  0.35202020406723022       0.12500000000000000        1.5590098576931197       0.93316261632234965       0.59856107497816491     
  0.35707071423530579       0.12500000000000000        1.5233233153424566       0.90779072110888270       0.59592780597912876     
  0.36212122440338135       0.12500000000000000        1.4875836023282634       0.88306916492210719       0.59362657906418714     
  0.36717170476913452       0.12500000000000000        1.4519506602859735       0.85902424556068702       0.59163459823868614     
  0.37222224473953247       0.12500000000000000        1.4164346478051859       0.83561054183217776       0.58993935451027335     
  0.37727272510528564       0.12500000000000000        1.3825005912130466       0.81274241898127764       0.58787853267256374     
  0.38232323527336121       0.12500000000000000        1.3504373796013898       0.79046268843438361       0.58533827660169291     
  0.38737374544143677       0.12500000000000000        1.3182233449400560       0.76873119685564151       0.58315701948868026     
  0.39242425560951233       0.12500000000000000        1.2860905030522285       0.74758089109667425       0.58128171331836265     
  0.39747476577758789       0.12500000000000000        1.2540152710351260       0.72691595572812462       0.57967073648799539     
  0.40252524614334106       0.12500000000000000        1.2236949923961566       0.70680144385859933       0.57759609073384266     
  0.40757575631141663       0.12500000000000000        1.1948531557964268       0.68716967488860181       0.57510805537486342     
  0.41262626647949219       0.12500000000000000        1.1659322120871276       0.66802738622938895       0.57295559664961782     
  0.41767677664756775       0.12500000000000000        1.1369765836461532       0.64938064311319510       0.57114689295597099     
  0.42272728681564331       0.12500000000000000        1.1080010740189477       0.63124982610952218       0.56971950741875121     
  0.42777779698371887       0.12500000000000000        1.0809813237180945       0.61356737329035160       0.56760219610451079     
  0.43282827734947205       0.12500000000000000        1.0553405829569074       0.59633494618272209       0.56506397632495120     
  0.43787878751754761       0.12500000000000000        1.0295484535015540       0.57956529165580939       0.56293153535870433     
  0.44292929768562317       0.12500000000000000        1.0036250149916990       0.56325980602270609       0.56122535569459164     
  0.44797980785369873       0.12500000000000000       0.97764244523251931       0.54740636530982323       0.55992491731435601     
  0.45303031802177429       0.12500000000000000       0.95393733607216324       0.53199976961918172       0.55768838214225958     
  0.45808082818984985       0.12500000000000000       0.93143018041168613       0.51702653000633503       0.55508887394846129     
  0.46313130855560303       0.12500000000000000       0.90868756602397771       0.50247428170910458       0.55296704884794878     
  0.46818181872367859       0.12500000000000000       0.88572998248920765       0.48833455137723131       0.55133569037015351     
  0.47323232889175415       0.12500000000000000       0.86262583816112248       0.47460920200497858       0.55019126602643031     
  0.47828283905982971       0.12500000000000000       0.84209437628300043       0.46133727782673140       0.54784510005050902     
  0.48333334922790527       0.12500000000000000       0.82259935136272400       0.44847261396342847       0.54518960320171117     
  0.48838382959365845       0.12500000000000000       0.80274808205140324       0.43600230263332362       0.54313714648701539     
  0.49343433976173401       0.12500000000000000       0.78258433004292915       0.42384016269099756       0.54159040300199668     
  0.49848484992980957       0.12500000000000000       0.76224081288665591       0.41212861082806107       0.54068032550934009     
  0.50353538990020752       0.12500000000000000       0.74491394492173324       0.40079575911327836       0.53804303415932053     
  0.50858587026596069       0.12500000000000000       0.72842118003014367       0.38987229126152129       0.53522920797743345     
  0.51363635063171387       0.12500000000000000       0.71138177918548251       0.37930795886470037       0.53319886727911436     
  0.51868689060211182       0.12500000000000000       0.69395029358606797       0.36906507777451203       0.53183215164781583     
  0.52373737096786499       0.12500000000000000       0.67616038615069407       0.35911848725294521       0.53111435483135416     
  0.52878785133361816       0.12500000000000000       0.66173411555474904       0.34955899144009284       0.52824689436942263     
  0.53383839130401611       0.12500000000000000       0.64796146428964019       0.34036346449154070       0.52528349793869455     
  0.53888893127441406       0.12500000000000000       0.63352317243658485       0.33149222949717183       0.52325194076520376     
  0.54393941164016724       0.12500000000000000       0.61852574059028775       0.32295219868479658       0.52213218867267885     
  0.54898989200592041       0.12500000000000000       0.60308831109645167       0.31469204873623280       0.52180094182907188     
  0.55404043197631836       0.12500000000000000       0.59146084299794655       0.30667807132223185       0.51850950904504189     
  0.55909091234207153       0.12500000000000000       0.58010626935235432       0.29895790568328612       0.51535024094300941     
  0.56414139270782471       0.12500000000000000       0.56800531621239614       0.29156704903600922       0.51331746501996223     
  0.56919193267822266       0.12500000000000000       0.55521754093570896       0.28446840965400616       0.51235486756162485     
  0.57424247264862061       0.12500000000000000       0.54181999244599899       0.27764988678181385       0.51243935375730176     
  0.57929289340972900       0.12500000000000000       0.53273845538317177       0.27106773921462979       0.50881954639385751     
  0.58434343338012695       0.12500000000000000       0.52351251449860314       0.26468542522262350       0.50559522053857175     
  0.58939397335052490       0.12500000000000000       0.51338767606495883       0.25851177659740426       0.50354106389709052     
  0.59444445371627808       0.12500000000000000       0.50246748498562099       0.25257153271733512       0.50266244138078486     
  0.59949493408203125       0.12500000000000000       0.49081498074287616       0.24688684352476675       0.50301407498012707     
  0.60454547405242920       0.12500000000000000       0.48400089990366202       0.24143217567858843       0.49882588178378245     
  0.60959595441818237       0.12500000000000000       0.47661850426139890       0.23619613931327404       0.49556644822109869     
  0.61464643478393555       0.12500000000000000       0.46804678794333238       0.23114069251343275       0.49384099724110819     
  0.61969697475433350       0.12500000000000000       0.45853567831619357       0.22625231500208001       0.49342357792726144     
  0.62474751472473145       0.12500000000000000       0.44817186723267921       0.22149797536964830       0.49422552276056253     
  0.62979799509048462       0.12500000000000000       0.44323443342333929       0.21688262014062420       0.48931807591193310     
  0.63484847545623779       0.12500000000000000       0.43724908942454410       0.21245782737586874       0.48589655762458139     
  0.63989901542663574       0.12500000000000000       0.43004113233131325       0.20819881641622917       0.48413698310102155     
  0.64494949579238892       0.12500000000000000       0.42169738573993570       0.20410467940112503       0.48400745725039446     
  0.64999997615814209       0.12500000000000000       0.41237508497568498       0.20016692836345049       0.48540015063047032     
  0.15000000596046448       0.25000000000000000        4.0873072449996783        3.0056796790905662       0.73536915600549690     
  0.15505051612854004       0.25000000000000000        3.9048897313256385        2.8507131894733595       0.73003679632858531     
  0.16010101139545441       0.25000000000000000        3.7317508276320184        2.7072564828658896       0.72546550075632421     
  0.16515152156352997       0.25000000000000000        3.5675352790727324        2.5742453515306138       0.72157530344022480     
  0.17020203173160553       0.25000000000000000        3.4113669853407109        2.4509450606095022       0.71846420251520182     
  0.17525252699851990       0.25000000000000000        3.2638784944226131        2.3363298858333015       0.71581398934601059     
  0.18030303716659546       0.25000000000000000        3.1361781417211052        2.2297019577369062       0.71096151333841850     
  0.18535354733467102       0.25000000000000000        3.0140369828881237        2.1304515515872886       0.70684320188594296     
  0.19040404260158539       0.25000000000000000        2.8973268661414098        2.0378570834549925       0.70335767333319954     
  0.19545455276966095       0.25000000000000000        2.7854999701684005        1.9514542682315779       0.70057594296567183     
  0.20050504803657532       0.25000000000000000        2.6796061106520952        1.8706402609599573       0.69810270006614061     
  0.20555555820465088       0.25000000000000000        2.5874601237712920        1.7950471710571012       0.69374872855654768     
  0.21060606837272644       0.25000000000000000        2.4987391210246601        1.7241427797101807       0.69000511706206447     
  0.21565657854080200       0.25000000000000000        2.4132616586980675        1.6576862138924766       0.68690695346595076     
  0.22070707380771637       0.25000000000000000        2.3310281674726978        1.5952114449978911       0.68433812480585354     
  0.22575758397579193       0.25000000000000000        2.2529989554992222        1.5363770805976422       0.68192534082076839     
  0.23080807924270630       0.25000000000000000        2.1843689323452513        1.4809764970411967       0.67798826247320032     
  0.23585858941078186       0.25000000000000000        2.1179669570203363        1.4287355589072899       0.67457877667615163     
  0.24090909957885742       0.25000000000000000        2.0535134316272883        1.3792753142668042       0.67166607874281581     
  0.24595960974693298       0.25000000000000000        1.9911090253885073        1.3325413728230249       0.66924581016502493     
  0.25101011991500854       0.25000000000000000        1.9315651850069260        1.2882985875940052       0.66697132335680698     
  0.25606060028076172       0.25000000000000000        1.8785630447839186        1.2462027855149240       0.66338086921020445     
  0.26111111044883728       0.25000000000000000        1.8270030721604349        1.2061737815053830       0.66019253053530991     
  0.26616162061691284       0.25000000000000000        1.7766368088259608        1.1682032268276830       0.65753631863546513     
  0.27121213078498840       0.25000000000000000        1.7273219675776583        1.1318905667417349       0.65528638434967768     
  0.27626264095306396       0.25000000000000000        1.6804499280422445        1.0972424635004412       0.65294564580019898     
  0.28131312131881714       0.25000000000000000        1.6380155069880094        1.0641089536672883       0.64963301576062416     
  0.28636366128921509       0.25000000000000000        1.5961673728893524        1.0324330412271716       0.64682003827598644     
  0.29141414165496826       0.25000000000000000        1.5552934432606458        1.0019490364334473       0.64421864618221403     
  0.29646465182304382       0.25000000000000000        1.5149572866016079       0.97277429343760913       0.64211334672000031     
  0.30151516199111938       0.25000000000000000        1.4764634744872842       0.94466039269875779       0.63981291039170474     
  0.30656564235687256       0.25000000000000000        1.4410597688507998       0.91759409771552491       0.63674950723749479     
  0.31161618232727051       0.25000000000000000        1.4059977652871942       0.89150868220175716       0.63407546171999385     
  0.31666666269302368       0.25000000000000000        1.3714526446173101       0.86632136609833688       0.63168157464166397     
  0.32171717286109924       0.25000000000000000        1.3372204054560530       0.84196915997930355       0.62964127420128158     
  0.32676768302917480       0.25000000000000000        1.3045289228718664       0.81847549140122533       0.62741076648525773     
  0.33181819319725037       0.25000000000000000        1.2741150621540629       0.79562494427926278       0.62445297753104956     
  0.33686870336532593       0.25000000000000000        1.2436862771875397       0.77357517157201749       0.62200185509915973     
  0.34191918373107910       0.25000000000000000        1.2136683870843863       0.75209621052763664       0.61968839143483712     
  0.34696972370147705       0.25000000000000000        1.1837018912906156       0.73130287097933377       0.61781000466424740     
  0.35202020406723022       0.25000000000000000        1.1552240560581966       0.71113979070320243       0.61558603023704472     
  0.35707071423530579       0.25000000000000000        1.1283645520415562       0.69149613254115061       0.61283042903999674     
  0.36212122440338135       0.25000000000000000        1.1015446557090978       0.67238439534140837       0.61040139576418184     
  0.36717170476913452       0.25000000000000000        1.0748392561027553       0.65382307926437766       0.60829847398304526     
  0.37222224473953247       0.25000000000000000        1.0482948770224718       0.63576426347633419       0.60647464507518112     
  0.37727272510528564       0.25000000000000000        1.0229484406999116       0.61815168298751944       0.60428430055044990     
  0.38232323527336121       0.25000000000000000       0.99900137379618004       0.60102470464131752       0.60162550363413292     
  0.38737374544143677       0.25000000000000000       0.97498452235829858       0.58434126605546899       0.59933388956991929     
  0.39242425560951233       0.25000000000000000       0.95107916932246106       0.56811860064528064       0.59734101951786245     
  0.39747476577758789       0.25000000000000000       0.92725476671766360       0.55227323129122796       0.59560031516062040     
  0.40252524614334106       0.25000000000000000       0.90474324027720121       0.53688297155854259       0.59340921010257985     
  0.40757575631141663       0.25000000000000000       0.88332204115821678       0.52188145528123198       0.59081674741970447     
  0.41262626647949219       0.25000000000000000       0.86188789921459563       0.50726736552755269       0.58855376202613519     
  0.41767677664756775       0.25000000000000000       0.84045091910165792       0.49303645382456684       0.58663324962695518     
  0.42272728681564331       0.25000000000000000       0.81902286654967238       0.47921119922089067       0.58510112329302999     
  0.42777779698371887       0.25000000000000000       0.79904850505967040       0.46574482992293420       0.58287428982568945     
  0.43282827734947205       0.25000000000000000       0.78009190990934796       0.45263467210820746       0.58023249101609931     
  0.43787878751754761       0.25000000000000000       0.76104558405362177       0.43988805636310802       0.57800487326934458     
  0.44292929768562317       0.25000000000000000       0.74192155827251161       0.42749195853475191       0.57619562845716898     
  0.44797980785369873       0.25000000000000000       0.72276782978114262       0.41544764838713344       0.57480096826242655     
  0.45303031802177429       0.25000000000000000       0.70529455212480507       0.40375543851640905       0.57246357185098840     
  0.45808082818984985       0.25000000000000000       0.68869554917279807       0.39239956215563082       0.56977217672881353     
  0.46313130855560303       0.25000000000000000       0.67194316933067300       0.38137823684010014       0.56757513767123124     
  0.46818181872367859       0.25000000000000000       0.65504051339205305       0.37065686535541925       0.56585334460614456     
  0.47323232889175415       0.25000000000000000       0.63803844966426504       0.36025063050598310       0.56462213318891130     
  0.47828283905982971       0.25000000000000000       0.62292588834222085       0.35019858194522241       0.56218338087890085     
  0.48333334922790527       0.25000000000000000       0.60858458648865643       0.34046307073346904       0.55943426483709513     
  0.48838382959365845       0.25000000000000000       0.59394150783960220       0.33103155125556522       0.55734705671549467     
  0.49343433976173401       0.25000000000000000       0.57914393802785480       0.32182922131359637       0.55569816099519898     
  0.49848484992980957       0.25000000000000000       0.56418680316530323       0.31296660853420305       0.55472160422459538     
  0.50353538990020752       0.25000000000000000       0.55145118835318507       0.30439298497485717       0.55198536407886778     
  0.50858587026596069       0.25000000000000000       0.53932207439227009       0.29613326965990300       0.54908427398154980     
  0.51363635063171387       0.25000000000000000       0.52678974346839635       0.28815418548828370       0.54700037170630844     
  0.51868689060211182       0.25000000000000000       0.51397264699255285       0.28040357284718370       0.54556127546461941     
  0.52373737096786499       0.25000000000000000       0.50088981763543727       0.27288176552182808       0.54479399643224469     
  0.52878785133361816       0.25000000000000000       0.49028277662512343       0.26565853572293457       0.54184757937368977     
  0.53383839130401611       0.25000000000000000       0.48015742334445310       0.25870807373051025       0.53879844641060448     
  0.53888893127441406       0.25000000000000000       0.46953661698957810       0.25199957544969942       0.53669845190219279     
  0.54393941164016724       0.25000000000000000       0.45849853079309938       0.24555017049559383       0.53555279680143630     
  0.54898989200592041       0.25000000000000000       0.44714111911716781       0.23930563093263232       0.53519039225270904     
  0.55404043197631836       0.25000000000000000       0.43859157666431653       0.23324549855862658       0.53180569570569969     
  0.55909091234207153       0.25000000000000000       0.43024551079941520       0.22740476698490286       0.52854651885239834     
  0.56414139270782471       0.25000000000000000       0.42134120475488318       0.22181587820238335       0.52645190097518602     
  0.56919193267822266       0.25000000000000000       0.41192598931649149       0.21644880624047869       0.52545557176334523     
  0.57424247264862061       0.25000000000000000       0.40204143005825949       0.21129670023129493       0.52555951808418377     
  0.57929289340972900       0.25000000000000000       0.39536275206014115       0.20631931966865355       0.52184814728644191     
  0.58434343338012695       0.25000000000000000       0.38856659217342276       0.20148547261339209       0.51853524382113192     
  0.58939397335052490       0.25000000000000000       0.38111458585185343       0.19681175677798471       0.51641098001557262     
  0.59444445371627808       0.25000000000000000       0.37306656201782967       0.19231145844254366       0.51548832841618397     
  0.59949493408203125       0.25000000000000000       0.36448212495896221       0.18800775308023898       0.51582160058303861     
  0.60454547405242920       0.25000000000000000       0.35947649199049381       0.18387842259978146       0.51151723880916267     
  0.60959595441818237       0.25000000000000000       0.35403181106276105       0.17991799832290031       0.50819726561522272     
  0.61464643478393555       0.25000000000000000       0.34769603902573182       0.17609032242006528       0.50644903207261849     
  0.61969697475433350       0.25000000000000000       0.34067288540100049       0.17238731752610562       0.50602007061169929     
  0.62474751472473145       0.25000000000000000       0.33302642962081230       0.16878272773120606       0.50681481323684729     
  0.62979799509048462       0.25000000000000000       0.32937893479390712       0.16527407420472612       0.50177487612599858     
  0.63484847545623779       0.25000000000000000       0.32496615743277069       0.16191303810696445       0.49824584623234552     
  0.63989901542663574       0.25000000000000000       0.31964440365777524       0.15868474356542683       0.49644148857153592     
  0.64494949579238892       0.25000000000000000       0.31349055633769163       0.15557905255352497       0.49627987002560747     
  0.64999997615814209       0.25000000000000000       0.30661237423810916       0.15259259091408123       0.49767264381698051     
  0.15000000596046448       0.37500000000000000        2.5115821968076117        1.9323737032136425       0.76938501382507740     
  0.15505051612854004       0.37500000000000000        2.4017978003709830        1.8348846668932186       0.76396300579915655     
  0.16010101139545441       0.37500000000000000        2.2973349147232192        1.7444799125657553       0.75934941021689417     
  0.16515152156352997       0.37500000000000000        2.1980177180374993        1.6604365592559764       0.75542455623992766     
  0.17020203173160553       0.37500000000000000        2.1032901689122272        1.5823846688496217       0.75233778593088474     
  0.17525252699851990       0.37500000000000000        2.0135943985156710        1.5096927569144059       0.74975017710979019     
  0.18030303716659546       0.37500000000000000        1.9357216113368969        1.4418271000737206       0.74485250959094762     
  0.18535354733467102       0.37500000000000000        1.8609259030740486        1.3784996418540252       0.74076009129481868     
  0.19040404260158539       0.37500000000000000        1.7893497072844107        1.3192393514189584       0.73727306967908990     
  0.19545455276966095       0.37500000000000000        1.7206374306772476        1.2637781195209328       0.73448252199390218     
  0.20050504803657532       0.37500000000000000        1.6553591573976894        1.2117114181398949       0.73199306188317959     
  0.20555555820465088       0.37500000000000000        1.5979618003941394        1.1628738019719751       0.72772315438651336     
  0.21060606837272644       0.37500000000000000        1.5426137716527648        1.1168937744763294       0.72402684002988216     
  0.21565657854080200       0.37500000000000000        1.4892618618824491        1.0736476810563265       0.72092605641510210     
  0.22070707380771637       0.37500000000000000        1.4378808004462647        1.0328833709260092       0.71833727149388227     
  0.22575758397579193       0.37500000000000000        1.3889665323304696       0.99436326730902724       0.71590153122022349     
  0.23080807924270630       0.37500000000000000        1.3454170372139584       0.95799476835628139       0.71204298879703709     
  0.23585858941078186       0.37500000000000000        1.3031584944348182       0.92358336735766944       0.70872681358550249     
  0.24090909957885742       0.37500000000000000        1.2622928775213804       0.89093562845720531       0.70580737982664787     
  0.24595960974693298       0.37500000000000000        1.2226925259443380       0.85999103061396176       0.70335837699650106     
  0.25101011991500854       0.37500000000000000        1.1848720475915864       0.83061903513119384       0.70102002728441437     
  0.25606060028076172       0.37500000000000000        1.1508000341849420       0.80263725736486558       0.69746023072838725     
  0.26111111044883728       0.37500000000000000        1.1176748244128547       0.77604099557166606       0.69433522042454676     
  0.26616162061691284       0.37500000000000000        1.0854389003377987       0.75067434334424166       0.69158599632888118     
  0.27121213078498840       0.37500000000000000        1.0540385416288289       0.72643477141249069       0.68919184899056452     
  0.27626264095306396       0.37500000000000000        1.0240804598835067       0.70331654026607160       0.68677859584009315     
  0.28131312131881714       0.37500000000000000       0.99668054381193749       0.68116356460146454       0.68343218780639958     
  0.28636366128921509       0.37500000000000000       0.96980124618589969       0.66001868590047941       0.68057108453535797     
  0.29141414165496826       0.37500000000000000       0.94368436242819409       0.63966244652852766       0.67783516607461025     
  0.29646465182304382       0.37500000000000000       0.91793563288010271       0.62019111196094656       0.67563681999689140     
  0.30151516199111938       0.37500000000000000       0.89353753383799617       0.60147556807260893       0.67313967829543930     
  0.30656564235687256       0.37500000000000000       0.87087114273775990       0.58344013312824961       0.66995001268969290     
  0.31161618232727051       0.37500000000000000       0.84850582319534995       0.56611158921223803       0.66718645144984845     
  0.31666666269302368       0.37500000000000000       0.82667280019198375       0.54939102663914874       0.66458098840503765     
  0.32171717286109924       0.37500000000000000       0.80508736281421944       0.53328633287971450       0.66239560762149829     
  0.32676768302917480       0.37500000000000000       0.78453850542699644       0.51775858744786674       0.65995306013191679     
  0.33181819319725037       0.37500000000000000       0.76531728035825264       0.50268460436171525       0.65683163997865512     
  0.33686870336532593       0.37500000000000000       0.74621027682927488       0.48819603332566425       0.65423386474930367     
  0.34191918373107910       0.37500000000000000       0.72748595776798120       0.47416266567044130       0.65178256790719680     
  0.34696972370147705       0.37500000000000000       0.70889238843851932       0.46052017601515627       0.64963340490867205     
  0.35202020406723022       0.37500000000000000       0.69123910096179053       0.44735868682057756       0.64718371139323916     
  0.35707071423530579       0.37500000000000000       0.67458504239197536       0.43459065605582664       0.64423405315189719     
  0.36212122440338135       0.37500000000000000       0.65804553415596967       0.42219939923848132       0.64159602538752558     
  0.36717170476913452       0.37500000000000000       0.64165472477448104       0.41019926469403051       0.63928347888064108     
  0.37222224473953247       0.37500000000000000       0.62543576938329737       0.39854846214183914       0.63723324064887199     
  0.37727272510528564       0.37500000000000000       0.60997212280204305       0.38720773792245761       0.63479579385322149     
  0.38232323527336121       0.37500000000000000       0.59537210995244860       0.37622908776912867       0.63192259341670787     
  0.38737374544143677       0.37500000000000000       0.58077558633377069       0.36556473549309365       0.62944232522026888     
  0.39242425560951233       0.37500000000000000       0.56632198196405559       0.35520888023772579       0.62722071816077041     
  0.39747476577758789       0.37500000000000000       0.55197083653769907       0.34510659120054477       0.62522613217260858     
  0.40252524614334106       0.37500000000000000       0.53841846774876079       0.33533508314349897       0.62281497242396688     
  0.40757575631141663       0.37500000000000000       0.52551951525371632       0.32583879288407958       0.62003176556967132     
  0.41262626647949219       0.37500000000000000       0.51267391683417707       0.31660559781667730       0.61755745205793744     
  0.41767677664756775       0.37500000000000000       0.49985925031623379       0.30761512993105783       0.61540349555689211     
  0.42272728681564331       0.37500000000000000       0.48708297154365748       0.29890389017103552       0.61366113708256509     
  0.42777779698371887       0.37500000000000000       0.47518475304527130       0.29044194625375741       0.61121899301783100     
  0.43282827734947205       0.37500000000000000       0.46388815148894080       0.28222273880862170       0.60838531422449993     
  0.43787878751754761       0.37500000000000000       0.45257846163880450       0.27424460730743316       0.60596035947973004     
  0.44292929768562317       0.37500000000000000       0.44124603274650220       0.26648077244343676       0.60392786034754253     
  0.44797980785369873       0.37500000000000000       0.42991679336621241       0.25895622819341191       0.60234034164101002     
  0.45303031802177429       0.37500000000000000       0.41958589765602405       0.25166351301096301       0.59979020843373632     
  0.45808082818984985       0.37500000000000000       0.40975169182100152       0.24459654571793377       0.59693846444149601     
  0.46313130855560303       0.37500000000000000       0.39986311773055810       0.23774582229299815       0.59456802028237998     
  0.46818181872367859       0.37500000000000000       0.38989877226263214       0.23105514594814455       0.59260290717845088     
  0.47323232889175415       0.37500000000000000       0.37988044613793764       0.22460943217534637       0.59126347370295784     
  0.47828283905982971       0.37500000000000000       0.37099654751431982       0.21837072947194844       0.58860582648284543     
  0.48333334922790527       0.37500000000000000       0.36254400275073939       0.21234138510492154       0.58569824212735089     
  0.48838382959365845       0.37500000000000000       0.35392017427577338       0.20650238320315470       0.58347163629685816     
  0.49343433976173401       0.37500000000000000       0.34522366735467802       0.20080590411999452       0.58166899638919978     
  0.49848484992980957       0.37500000000000000       0.33643599077991654       0.19532024702737202       0.58055693320618307     
  0.50353538990020752       0.37500000000000000       0.32895405651362680       0.19001028117155555       0.57761951071633755     
  0.50858587026596069       0.37500000000000000       0.32183409319111295       0.18490636592668358       0.57453939728157288     
  0.51363635063171387       0.37500000000000000       0.31447482869593496       0.17997854791461676       0.57231463853864639     
  0.51868689060211182       0.37500000000000000       0.30694639436176668       0.17519038967599734       0.57075239486122831     
  0.52373737096786499       0.37500000000000000       0.29925994748870860       0.17054233128786889       0.56988024197358933     
  0.52878785133361816       0.37500000000000000       0.29302551256490467       0.16608088062637513       0.56677959257758659     
  0.53383839130401611       0.37500000000000000       0.28709311172825419       0.16179101884142569       0.56354894015906498     
  0.53888893127441406       0.37500000000000000       0.28083920860769757       0.15764694421316675       0.56134236025918560     
  0.54393941164016724       0.37500000000000000       0.27435049839186776       0.15367172432969947       0.56012919688668794     
  0.54898989200592041       0.37500000000000000       0.26767245803727735       0.14980777876010481       0.55966825970284129     
  0.55404043197631836       0.37500000000000000       0.26265289113317114       0.14606111520892712       0.55609940015802350     
  0.55909091234207153       0.37500000000000000       0.25774960640669881       0.14245095574999961       0.55267186528785084     
  0.56414139270782471       0.37500000000000000       0.25252186534332771       0.13899825811029823       0.55044048530734857     
  0.56919193267822266       0.37500000000000000       0.24697280178531980       0.13568336438616466       0.54938585708764365     
  0.57424247264862061       0.37500000000000000       0.24113744275502880       0.13249974017965602       0.54947808463848691     
  0.57929289340972900       0.37500000000000000       0.23719894378333625       0.12941962814358723       0.54561637619180348     
  0.58434343338012695       0.37500000000000000       0.23319615462447552       0.12642842370731891       0.54215483917782148     
  0.58939397335052490       0.37500000000000000       0.22880639286649310       0.12352752255291737       0.53987793350247337     
  0.59444445371627808       0.37500000000000000       0.22406540578266956       0.12074096574266277       0.53886482529915614     
  0.59949493408203125       0.37500000000000000       0.21899806357465720       0.11807494151689257       0.53915975141323758     
  0.60454547405242920       0.37500000000000000       0.21605436040294154       0.11551706115636129       0.53466665028616822     
  0.60959595441818237       0.37500000000000000       0.21284648910147075       0.11306565385012970       0.53120751170214364     
  0.61464643478393555       0.37500000000000000       0.20907926861578868       0.11069489041820242       0.52943982036602200     
  0.61969697475433350       0.37500000000000000       0.20491742880891664       0.10840247510737207       0.52900563772179787     
  0.62474751472473145       0.37500000000000000       0.20038493379639108       0.10615000411197922       0.52973046476556507     
  0.62979799509048462       0.37500000000000000       0.19822270976217263       0.10395980782705933       0.52445962398450807     
  0.63484847545623779       0.37500000000000000       0.19561249072951670       0.10186841054413737       0.52076638952977694     
  0.63989901542663574       0.37500000000000000       0.19247070492604748        9.9858688591316108E-002  0.51882539023112406     
  0.64494949579238892       0.37500000000000000       0.18881920393446699        9.7926511676189570E-002  0.51862580519181023     
  0.64999997615814209       0.37500000000000000       0.18474485523501741        9.6071554796293437E-002  0.52002289684375247     
  0.15000000596046448       0.50000000000000000        1.2100813473885534        1.0032265951290735       0.82905715164861604     
  0.15505051612854004       0.50000000000000000        1.1597562758601940       0.95479898937225882       0.82327555301572486     
  0.16010101139545441       0.50000000000000000        1.1116584092170658       0.90978232959971783       0.81840097826496172     
  0.16515152156352997       0.50000000000000000        1.0657719620945969       0.86777219695231922       0.81421939009059485     
  0.17020203173160553       0.50000000000000000        1.0217808029752455       0.82864481908583432       0.81098100167175458     
  0.17525252699851990       0.50000000000000000       0.97998702068646482       0.79211056500441923       0.80828679184909902     
  0.18030303716659546       0.50000000000000000       0.94358827696402203       0.75779611413144532       0.80310039095614927     
  0.18535354733467102       0.50000000000000000       0.90839271974327085       0.72566987121767812       0.79885038204925984     
  0.19040404260158539       0.50000000000000000       0.87462833504787851       0.69543804948353560       0.79512407912724004     
  0.19545455276966095       0.50000000000000000       0.84206378551463312       0.66701890077392434       0.79212396049816003     
  0.20050504803657532       0.50000000000000000       0.81097267596642564       0.64016263457378642       0.78937632986328776     
  0.20555555820465088       0.50000000000000000       0.78312190297562001       0.61485530958486478       0.78513358807690803     
  0.21060606837272644       0.50000000000000000       0.75614969810416877       0.59086010371727649       0.78140625487081572     
  0.21565657854080200       0.50000000000000000       0.73011417985715688       0.56814296636538475       0.77815632409240298     
  0.22070707380771637       0.50000000000000000       0.70493939961010799       0.54662854595513777       0.77542629374591676     
  0.22575758397579193       0.50000000000000000       0.68083393208257426       0.52615964607266841       0.77281642597222033     
  0.23080807924270630       0.50000000000000000       0.65881708599551603       0.50674022987730527       0.76916680008622940     
  0.23585858941078186       0.50000000000000000       0.63736657798555829       0.48821718995011421       0.76599120006128785     
  0.24090909957885742       0.50000000000000000       0.61670615254903760       0.47059079554731570       0.76307134865157111     
  0.24595960974693298       0.50000000000000000       0.59658385548240311       0.45376867322771769       0.76061172131585131     
  0.25101011991500854       0.50000000000000000       0.57730642750482297       0.43768642489857068       0.75815269681007347     
  0.25606060028076172       0.50000000000000000       0.55953074684332693       0.42232832615298077       0.75479020328303081     
  0.26111111044883728       0.50000000000000000       0.54220915012412019       0.40768106761615941       0.75188894824595787     
  0.26616162061691284       0.50000000000000000       0.52542014257987846       0.39364398769327524       0.74919850952122646     
  0.27121213078498840       0.50000000000000000       0.50918993330036244       0.38018604725450134       0.74664878936291945     
  0.27626264095306396       0.50000000000000000       0.49362070412773190       0.36733807319136158       0.74417071674592328     
  0.28131312131881714       0.50000000000000000       0.47899182972127236       0.35497446994124404       0.74108669065984989     
  0.28636366128921509       0.50000000000000000       0.46479479973584403       0.34318089674442703       0.73834926066183704     
  0.29141414165496826       0.50000000000000000       0.45109068538683322       0.33181286492739803       0.73557906575448706     
  0.29646465182304382       0.50000000000000000       0.43767865763340086       0.32092162160065296       0.73323571072879812     
  0.30151516199111938       0.50000000000000000       0.42491668219700740       0.31049500880802561       0.73071974299203535     
  0.30656564235687256       0.50000000000000000       0.41292342070396831       0.30041096307950377       0.72752221844755427     
  0.31161618232727051       0.50000000000000000       0.40113404109329198       0.29077765857325338       0.72488901161501540     
  0.31666666269302368       0.50000000000000000       0.38981954215091036       0.28146496155656503       0.72203912611338983     
  0.32171717286109924       0.50000000000000000       0.37865202586898672       0.27255650197733200       0.71980732534529290     
  0.32676768302917480       0.50000000000000000       0.36808657092900138       0.26395757779421974       0.71710732920254616     
  0.33181819319725037       0.50000000000000000       0.35806584573095629       0.25564594757715836       0.71396350873756820     
  0.33686870336532593       0.50000000000000000       0.34824004386837176       0.24769931991904859       0.71128902112324077     
  0.34191918373107910       0.50000000000000000       0.33871630721237750       0.24003695544865947       0.70866666392343081     
  0.34696972370147705       0.50000000000000000       0.32936628453945926       0.23260694975041618       0.70622574522362513     
  0.35202020406723022       0.50000000000000000       0.32048061298868202       0.22545831980909398       0.70350065080865343     
  0.35707071423530579       0.50000000000000000       0.31210047599311336       0.21858289756671154       0.70036066709342237     
  0.36212122440338135       0.50000000000000000       0.30387264413584381       0.21193240181713022       0.69743823903538860     
  0.36717170476913452       0.50000000000000000       0.29577659480860841       0.20553194607138653       0.69488914836004001     
  0.37222224473953247       0.50000000000000000       0.28786507105011910       0.19933617578444579       0.69246392088236408     
  0.37727272510528564       0.50000000000000000       0.28033853175796419       0.19332902773500271       0.68962702530637898     
  0.38232323527336121       0.50000000000000000       0.27323160223309106       0.18756540330792912       0.68647038547143979     
  0.38737374544143677       0.50000000000000000       0.26618532996853500       0.18199548587128789       0.68371719017273058     
  0.39242425560951233       0.50000000000000000       0.25928851372494832       0.17660155848224429       0.68110058538721907     
  0.39747476577758789       0.50000000000000000       0.25250130625955886       0.17135252426620678       0.67862034776986402     
  0.40252524614334106       0.50000000000000000       0.24609630357370610       0.16631884476315181       0.67582829302163472     
  0.40757575631141663       0.50000000000000000       0.23999979550909151       0.16145981571967261       0.67274980537871454     
  0.41262626647949219       0.50000000000000000       0.23399636281194849       0.15675244209701633       0.66989264368605017     
  0.41767677664756775       0.50000000000000000       0.22804605330997321       0.15217102508336777       0.66728199359156737     
  0.42272728681564331       0.50000000000000000       0.22215165763365430       0.14775478331843586       0.66510772367089521     
  0.42777779698371887       0.50000000000000000       0.21667824828348728       0.14349336680969099       0.66224167837075132     
  0.43282827734947205       0.50000000000000000       0.21147321516021905       0.13937590716360673       0.65907120699900912     
  0.43787878751754761       0.50000000000000000       0.20631318942954324       0.13539449845147020       0.65625711485453986     
  0.44292929768562317       0.50000000000000000       0.20116885824667108       0.13151282106314513       0.65374343827057735     
  0.44797980785369873       0.50000000000000000       0.19605433208012957       0.12777190282253495       0.65171680455555125     
  0.45303031802177429       0.50000000000000000       0.19138825268358342       0.12416114928332335       0.64873965639153064     
  0.45808082818984985       0.50000000000000000       0.18693670083440389       0.12068290142353959       0.64558163744659958     
  0.46313130855560303       0.50000000000000000       0.18249918926604064       0.11731629414653415       0.64283186472414811     
  0.46818181872367859       0.50000000000000000       0.17804258898163675       0.11404382472039341       0.64054238580048872     
  0.47323232889175415       0.50000000000000000       0.17357543392192998       0.11086411500166485       0.63870855740754673     
  0.47828283905982971       0.50000000000000000       0.16961607227260553       0.10781312178855260       0.63563034059223023     
  0.48333334922790527       0.50000000000000000       0.16585036071137133       0.10487552410492819       0.63235029248710906     
  0.48838382959365845       0.50000000000000000       0.16201187039631471       0.10203887824852997       0.62982346910088549     
  0.49343433976173401       0.50000000000000000       0.15816207110568631        9.9273538712798773E-002  0.62766969361739500     
  0.49848484992980957       0.50000000000000000       0.15427387313894658        9.6610055705685635E-002  0.62622434855624520     
  0.50353538990020752       0.50000000000000000       0.15097230365135503        9.4028597639799788E-002  0.62282018201790779     
  0.50858587026596069       0.50000000000000000       0.14782224269963642        9.1557315101687395E-002  0.61937441503796498     
  0.51363635063171387       0.50000000000000000       0.14457533239215778        8.9178710065186351E-002  0.61683212889520345     
  0.51868689060211182       0.50000000000000000       0.14124894744441568        8.6862623115811166E-002  0.61496120634805695     
  0.52373737096786499       0.50000000000000000       0.13782852480683716        8.4619925593365466E-002  0.61395074576875819     
  0.52878785133361816       0.50000000000000000       0.13509261752266652        8.2467773615820278E-002  0.61045359197354676     
  0.53383839130401611       0.50000000000000000       0.13247919648025874        8.0397986459503329E-002  0.60687253995750012     
  0.53888893127441406       0.50000000000000000       0.12971393408639068        7.8394822708810680E-002  0.60436701161649298     
  0.54393941164016724       0.50000000000000000       0.12684597318147689        7.6479303608780705E-002  0.60293048088615908     
  0.54898989200592041       0.50000000000000000       0.12389265864058840        7.4610389766110119E-002  0.60221800536668002     
  0.55404043197631836       0.50000000000000000       0.12167798868641283        7.2802949274720100E-002  0.59832472627688693     
  0.55909091234207153       0.50000000000000000       0.11951752289920690        7.1061253884606740E-002  0.59456765971074432     
  0.56414139270782471       0.50000000000000000       0.11718888596070300        6.9395036655288483E-002  0.59216397601525761     
  0.56919193267822266       0.50000000000000000       0.11474234622736534        6.7794599931103289E-002  0.59084202267196362     
  0.57424247264862061       0.50000000000000000       0.11212778091551599        6.6263377449814601E-002  0.59096306828493761     
  0.57929289340972900       0.50000000000000000       0.11037411007295342        6.4769494922074844E-002  0.58681782239752123     
  0.58434343338012695       0.50000000000000000       0.10860079878939691        6.3314933681656707E-002  0.58300615085198038     
  0.58939397335052490       0.50000000000000000       0.10665302438849457        6.1906210684282557E-002  0.58044496196172402     
  0.59444445371627808       0.50000000000000000       0.10454438239515559        6.0551906508505511E-002  0.57919808909131187     
  0.59949493408203125       0.50000000000000000       0.10228587915257588        5.9257141469394356E-002  0.57932866159367680     
  0.60454547405242920       0.50000000000000000       0.10097778536492846        5.8016319107070127E-002  0.57454537052285481     
  0.60959595441818237       0.50000000000000000        9.9541496675059488E-002   5.6826707329868983E-002  0.57088459816283976     
  0.61464643478393555       0.50000000000000000        9.7832248170695607E-002   5.5676465635790900E-002  0.56910136153313984     
  0.61969697475433350       0.50000000000000000        9.5958858073863160E-002   5.4558838916200753E-002  0.56856490386958081     
  0.62474751472473145       0.50000000000000000        9.3913162734547737E-002   5.3448363430393657E-002  0.56912536937414482     
  0.62979799509048462       0.50000000000000000        9.2934265789570772E-002   5.2368132914954416E-002  0.56349649367791366     
  0.63484847545623779       0.50000000000000000        9.1757226294052821E-002   5.1339762821610638E-002  0.55951737966754767     
  0.63989901542663574       0.50000000000000000        9.0347805578972651E-002   5.0353236607810388E-002  0.55732661446654430     
  0.64494949579238892       0.50000000000000000        8.8712683407809093E-002   4.9405977314454834E-002  0.55692123624913126     
  0.64999997615814209       0.50000000000000000        8.6871526103091234E-002   4.8496837064326254E-002  0.55825929668571284     
