 x kt PDF(p) PDF(Pb) ratio
   4.0000001899898052E-003   9.9999997764825821E-003   25.516149441003328        17.892309677320625       0.70121511549734350     
   8.0000003799796104E-003   9.9999997764825821E-003   13.318031845075696        10.105361734648891       0.75877290670282638     
   1.2000000104308128E-002   9.9999997764825821E-003   9.3716035449260318        7.5509650544436218       0.80572817856041945     
   1.6000000759959221E-002   9.9999997764825821E-003   7.3829954264609707        6.2448192398349880       0.84583815634685200     
   2.0000001415610313E-002   9.9999997764825821E-003   6.1652370147956317        5.4330193351605152       0.88123446383684756     
   2.4000000208616257E-002   9.9999997764825821E-003   5.3341812944844156        4.8696415846254570       0.91291265065563176     
   2.8000000864267349E-002   9.9999997764825821E-003   4.7260200933590824        4.4495300336150985       0.94149621578365639     
   3.2000001519918442E-002   9.9999997764825821E-003   4.2583437486801046        4.1188661349539615       0.96724604166364569     
   3.6000002175569534E-002   9.9999997764825821E-003   3.8871853476963882        3.8472075778180788       0.98971549686921900     
   4.0000002831220627E-002   9.9999997764825821E-003   3.5844479195956032        3.6162832251233876        1.0088815087405081     
   4.4000003486871719E-002   9.9999997764825821E-003   3.3318385100451491        3.4178481773923783        1.0258144766284196     
   4.8000000417232513E-002   9.9999997764825821E-003   3.1175512372870373        3.2404219779858723        1.0394125810120638     
   5.2000001072883606E-002   9.9999997764825821E-003   2.9333964078288823        3.0803256701498878        1.0500884442105638     
   5.6000001728534698E-002   9.9999997764825821E-003   2.7731582386246130        2.9327625756602957        1.0575532743904441     
   6.0000002384185791E-002   9.9999997764825821E-003   2.6323200676626999        2.7973635337055986        1.0626988594853684     
   6.4000003039836884E-002   9.9999997764825821E-003   2.5074704383004249        2.6727475601658983        1.0659138864973017     
   6.8000003695487976E-002   9.9999997764825821E-003   2.3959054325946783        2.5618147736872006        1.0692470323892744     
   7.2000004351139069E-002   9.9999997764825821E-003   2.2954601709423734        2.4593812868597675        1.0714110042040494     
   7.6000005006790161E-002   9.9999997764825821E-003   2.2044573988486187        2.3656881392587588        1.0731385149444712     
   8.0000005662441254E-002   9.9999997764825821E-003   2.1216747147679662        2.2785903106047440        1.0739583663530339     
   8.4000006318092346E-002   9.9999997764825821E-003   2.0458869225814773        2.1977926668640846        1.0742493353889444     
   8.8000006973743439E-002   9.9999997764825821E-003   1.9760767457251120        2.1228948368127010        1.0742977677386283     
   9.2000007629394531E-002   9.9999997764825821E-003   1.9114531191356960        2.0528881527558225        1.0739934619396154     
   9.6000000834465027E-002   9.9999997764825821E-003   1.8516243331966644        1.9867475424098309        1.0729754987502720     
  0.10000000149011612        9.9999997764825821E-003   1.7959754962492895        1.9247145246638149        1.0716819514984384     
  0.10400000214576721        9.9999997764825821E-003   1.7439153478688358        1.8663530909052675        1.0702085357446149     
  0.10800000280141830        9.9999997764825821E-003   1.6949684416020745        1.8111588746055303        1.0685502043292519     
  0.11200000345706940        9.9999997764825821E-003   1.6487632206404617        1.7588824276057518        1.0667889758739975     
  0.11600000411272049        9.9999997764825821E-003   1.6052062849118205        1.7091920737605046        1.0647803275043846     
  0.12000000476837158        9.9999997764825821E-003   1.5640757442081430        1.6617238324867858        1.0624318154924650     
  0.12400000542402267        9.9999997764825821E-003   1.5251124254942132        1.6166680649938427        1.0600320592561960     
  0.12800000607967377        9.9999997764825821E-003   1.4880969611814565        1.5739013344344961        1.0576604720601783     
  0.13199999928474426        9.9999997764825821E-003   1.4528420640079860        1.5333090022905196        1.0553858814223398     
  0.13600000739097595        9.9999997764825821E-003   1.4191839468668630        1.4942190266631850        1.0528719902462096     
  0.14000000059604645        9.9999997764825821E-003   1.3868822214177334        1.4562620971851576        1.0500257878397929     
  0.14400000870227814        9.9999997764825821E-003   1.3558323223998343        1.4197932005457874        1.0471746226205478     
  0.14800000190734863        9.9999997764825821E-003   1.3260088691919891        1.3848484286004439        1.0443734282443442     
  0.15200001001358032        9.9999997764825821E-003   1.2973204779092009        1.3512744084193486        1.0415887449777264     
  0.15600000321865082        9.9999997764825821E-003   1.2696435970865101        1.3188994473281159        1.0387950211812471     
  0.16000001132488251        9.9999997764825821E-003   1.2429585131566767        1.2877047607432552        1.0359997917170531     
  0.16400000452995300        9.9999997764825821E-003   1.2171533777905819        1.2573992444103665        1.0330655670469735     
  0.16800001263618469        9.9999997764825821E-003   1.1921388774023667        1.2277891027897909        1.0299044231030405     
  0.17200000584125519        9.9999997764825821E-003   1.1679146359741992        1.1990635199113366        1.0266705142462360     
  0.17600001394748688        9.9999997764825821E-003   1.1443872280444418        1.1712264777408716        1.0234529441072961     
  0.18000000715255737        9.9999997764825821E-003   1.1215127231664690        1.1444668658563528        1.0204671264228509     
  0.18400001525878906        9.9999997764825821E-003   1.0992892127170388        1.1188155632138614        1.0177627054563381     
  0.18800000846385956        9.9999997764825821E-003   1.0776456363378790        1.0935469598522083        1.0147556144414653     
  0.19200000166893005        9.9999997764825821E-003   1.0565539639080546        1.0684023077407923        1.0112141397765546     
  0.19600000977516174        9.9999997764825821E-003   1.0360200588642161        1.0440412874438454        1.0077423487228838     
  0.20000000298023224        9.9999997764825821E-003   1.0159739788825706        1.0206854418776241        1.0046373854970532     
  0.20400001108646393        9.9999997764825821E-003  0.99636977974011109       0.99784497758054447        1.0014805726452465     
  0.20800000429153442        9.9999997764825821E-003  0.97723611793010179       0.97528097517095325       0.99799931385744345     
  0.21200001239776611        9.9999997764825821E-003  0.95852606823424447       0.95329805169174919       0.99454577531508759     
  0.21600000560283661        9.9999997764825821E-003  0.94018803414162055       0.93217571430418811       0.99147796020957912     
  0.22000001370906830        9.9999997764825821E-003  0.92222669553459180       0.91157684163503572       0.98845202166547275     
  0.22400000691413879        9.9999997764825821E-003  0.90464467093978396       0.89123800702560885       0.98518018803974416     
  0.22800001502037048        9.9999997764825821E-003  0.88740807193634663       0.87123925372437716       0.98177972600960384     
  0.23200000822544098        9.9999997764825821E-003  0.87049122168730853       0.85168240450446109       0.97839286977944528     
  0.23600001633167267        9.9999997764825821E-003  0.85391471318227630       0.83260660553471944       0.97504656224021702     
  0.24000000953674316        9.9999997764825821E-003  0.83766211760996068       0.81396884401171743       0.97171499928175631     
  0.24400001764297485        9.9999997764825821E-003  0.82170424694078081       0.79573682120119815       0.96839808746728540     
  0.24800001084804535        9.9999997764825821E-003  0.80601968816040370       0.77788529656083671       0.96509465958110929     
  0.25200000405311584        9.9999997764825821E-003  0.79063051771292592       0.76042409796147770       0.96179451833098095     
  0.25600001215934753        9.9999997764825821E-003  0.77552309236342520       0.74334841546882902       0.95851229033484597     
  0.26000002026557922        9.9999997764825821E-003  0.76067283277443531       0.72665259822776429       0.95527612781622873     
  0.26399999856948853        9.9999997764825821E-003  0.74605833668079380       0.71030199850563236       0.95207299963399505     
  0.26800000667572021        9.9999997764825821E-003  0.73169004150210404       0.69426968098998110       0.94885763316485516     
  0.27200001478195190        9.9999997764825821E-003  0.71757097292502137       0.67853055525346251       0.94559364976481819     
  0.27600002288818359        9.9999997764825821E-003  0.70368518344703590       0.66309634002833884       0.94231959919935981     
  0.28000000119209290        9.9999997764825821E-003  0.69001841502102945       0.64796421052489483       0.93905350410850563     
  0.28400000929832458        9.9999997764825821E-003  0.67656159476804900       0.63312643851772032       0.93580014504781361     
  0.28800001740455627        9.9999997764825821E-003  0.66332462785686785       0.61859371870859281       0.93256558362261344     
  0.29200002551078796        9.9999997764825821E-003  0.65030385653010292       0.60435931624275330       0.92934911914485496     
  0.29600000381469727        9.9999997764825821E-003  0.63749361889250866       0.59040998739162809       0.92614258385413017     
  0.30000001192092896        9.9999997764825821E-003  0.62488825443374274       0.57673490463286592       0.92294086269150299     
  0.30400002002716064        9.9999997764825821E-003  0.61248800181646856       0.56332795112753364       0.91973712049356082     
  0.30800002813339233        9.9999997764825821E-003  0.60029895205581452       0.55019248324618852       0.91653080746180082     
  0.31200000643730164        9.9999997764825821E-003  0.58830904372440151       0.53732223571498783       0.91333329216455339     
  0.31600001454353333        9.9999997764825821E-003  0.57650599926207857       0.52470373156288641       0.91014444296243491     
  0.32000002264976501        9.9999997764825821E-003  0.56487886343983928       0.51232121413130083       0.90695766347409823     
  0.32400000095367432        9.9999997764825821E-003  0.55341944945690902       0.50017504865854545       0.90379015256761530     
  0.32800000905990601        9.9999997764825821E-003  0.54213211922490456       0.48827249034634074       0.90065220825586234     
  0.33200001716613770        9.9999997764825821E-003  0.53101796599413453       0.47662146520695431       0.89756184485143942     
  0.33600002527236938        9.9999997764825821E-003  0.52007639393174887       0.46520278949145971       0.89448933833460942     
  0.34000000357627869        9.9999997764825821E-003  0.50930663830353018       0.45400189411086644       0.89141169575782375     
  0.34400001168251038        9.9999997764825821E-003  0.49870747125109166       0.44301322930761661       0.88832282419239350     
  0.34800001978874207        9.9999997764825821E-003  0.48827649049644312       0.43224434539209983       0.88524504825662609     
  0.35200002789497375        9.9999997764825821E-003  0.47801017116348649       0.42170660209655403       0.88221261290342745     
  0.35600000619888306        9.9999997764825821E-003  0.46790602069692583       0.41138693892972616       0.87920847506296895     
  0.36000001430511475        9.9999997764825821E-003  0.45796129244534411       0.40127242023999971       0.87621470822862169     
  0.36400002241134644        9.9999997764825821E-003  0.44817345487453225       0.39134542092133989       0.87320080353910834     
  0.36800003051757812        9.9999997764825821E-003  0.43853989979800079       0.38162092029051525       0.87020797985838139     
  0.37200000882148743        9.9999997764825821E-003  0.42905458385716927       0.37210094627738322       0.86725782750582214     
  0.37600001692771912        9.9999997764825821E-003  0.41971461641159369       0.36278442621309326       0.86435976262815739     
  0.38000002503395081        9.9999997764825821E-003  0.41052148114535919       0.35365607568176471       0.86148007333272936     
  0.38400000333786011        9.9999997764825821E-003  0.40147628202726993       0.34470274362732367       0.85858806374995278     
  0.38800001144409180        9.9999997764825821E-003  0.39257957261625664       0.33592599165598880       0.85568892292914522     
  0.39200001955032349        9.9999997764825821E-003  0.38383179053863165       0.32733432629628634       0.85280670951444026     
  0.39600002765655518        9.9999997764825821E-003  0.37522982670089666       0.31893217533294876       0.84996488188871000     
  0.40000000596046448        9.9999997764825821E-003  0.36676436416647407       0.31070365848741999       0.84714789342617769     
