 z up dp u1 d1 u2 d2
   0.0000000000000000        0.0000000000000000        0.0000000000000000        0.0000000000000000        0.0000000000000000        0.0000000000000000        0.0000000000000000     
  0.20000000298023224        4.0358529611480343        2.6516736345339296        2.5529641768977740        1.4752931198437111        2.5529641768977740        1.4752931198437111     
  0.25000000000000000        3.0123208197797968        1.9724279042665391        1.8560118414818545        1.0882064185014828        1.8560118414818545        1.0882064185014828     
  0.30000001192092896        2.3037448502570093        1.3756992713328211        1.3619011174420335       0.75323196955634764        1.3619011174420335       0.75323196955634764     
  0.35000002384185791        1.7625825249057643       0.93837042022976291       0.99331588058151388       0.50894627316837371       0.99331588058151388       0.50894627316837371     
  0.40000000596046448        1.3378197367095892       0.64744683390458124       0.71853044065404237       0.34614276695980595       0.71853044065404237       0.34614276695980595     
  0.45000001788139343        1.0108159425033711       0.45977617538393628       0.51908803369180001       0.24093199613289742       0.51908803369180001       0.24093199613289742     
  0.50000000000000000       0.76914994422651384       0.33504206347708781       0.38040140097315639       0.17163549540285930       0.38040140097315639       0.17163549540285930     
  0.55000001192092896       0.59760069545989092       0.24587027271701811       0.28728572365306765       0.12314101259292104       0.28728572365306765       0.12314101259292104     
  0.60000002384185791       0.47789140361533233       0.17749035865832813       0.22541836795020737        8.6943655748615387E-002  0.22541836795020737        8.6943655748615387E-002
  0.64999997615814209       0.39266203991271365       0.12273185115037535       0.18295779947197058        5.8957561067628624E-002  0.18295779947197058        5.8957561067628624E-002
  0.70000004768371582       0.32719179408505999        7.9344908863829708E-002  0.15081345349912817        3.7379124637634466E-002  0.15081345349912817        3.7379124637634466E-002
  0.75000000000000000       0.27054208117169865        4.6461697834383676E-002  0.12310750887642752        2.1434126138659016E-002  0.12310750887642752        2.1434126138659016E-002
  0.80000007152557373       0.21595407814978154        2.3490415798080040E-002   9.6512350855803314E-002   1.0604109481216333E-002   9.6512350855803314E-002   1.0604109481216333E-002
  0.85000002384185791       0.16039779837303711        9.4390906366064418E-003   6.9841540407338254E-002   4.1515315803175431E-003   6.9841540407338254E-002   4.1515315803175431E-003
  0.89999997615814209       0.10365516725312530        2.5075690074736149E-003   4.3437487295455650E-002   1.0654775437955795E-003   4.3437487295455650E-002   1.0654775437955795E-003
