 x up dp u1 d1 u2 d2
   0.0000000000000000        0.0000000000000000        0.0000000000000000        0.0000000000000000        0.0000000000000000        0.0000000000000000        0.0000000000000000     
   4.0000001899898052E-003   86.598000305917481        65.505314250335886        64.891827821384382        48.858811294737819        56.087159674607832        42.057925989226447     
   8.0000003799796104E-003   44.354584307156927        28.776026911237189        34.439663034509785        22.174080334591817        30.203994155009649        19.312801072819195     
   1.2000000104308128E-002   30.779222524746217        17.848210645102395        24.641506165349178        14.148064771175695        21.875372079227354        12.445308071111070     
   1.6000000759959221E-002   23.990173675061108        12.700912259847941        19.735132006220450        10.326123971983961        17.701316708197808        9.1589009991384636     
   2.0000001415610313E-002   19.865947877984411        9.7229142676373357        16.745485360380059        8.0882495444266187        15.155335810951302        7.2256160606560886     
   2.4000000208616257E-002   17.070466935753458        7.7850395892924489        14.709109778049580        6.6131564440646651        13.416163709644024        5.9443988295554586     
   2.8000000864267349E-002   15.037622710166987        6.4243735904782877        13.216874805247679        5.5629403636167316        12.139010579867293        5.0278356677978193     
   3.2000001519918442E-002   13.484364778150260        5.4162560784097931        12.065045874711728        4.7732018424016855        11.147544548620498        4.3350401345366114     
   3.6000002175569534E-002   12.255769091313045        4.6404311710566999        11.142578787411690        4.1561167748873658        10.348081761148622        3.7907526272841059     
   4.0000002831220627E-002   11.257778206945579        4.0268446932234712        10.381741045235858        3.6608674726505006        9.6867001263351558        3.3511552679635654     
   4.4000003486871719E-002   10.428251528485514        3.5286405065801012        9.7374637749961028        3.2522559339835069        9.1240199380424798        2.9865804641772158     
   4.8000000417232513E-002   9.7279492323925645        3.1183718634948119        9.1824411396244940        2.9100407925638918        8.6351267423150659        2.6804664399968012     
   5.2000001072883606E-002   9.1276331760497396        2.7743863516590137        8.6959268823739055        2.6182441465889439        8.2022435740851147        2.4187680757839458     
   5.6000001728534698E-002   8.6063721362719203        2.4826559517363944        8.2623586501037192        2.3669545271568961        7.8127913426747053        2.1923332297047877     
   6.0000002384185791E-002   8.1501337286396343        2.2332658432816563        7.8708411737760535        2.1494584093668196        7.4581171044330139        1.9951811045500203     
   6.4000003039836884E-002   7.7460463219611562        2.0172276018893340        7.5144083909447819        1.9582693316608690        7.1323851124271034        1.8210262550153629     
   6.8000003695487976E-002   7.3855208519407540        1.8291601994517366        7.1885329894327130        1.7893097990912619        6.8319305811849000        1.6664929374613242     
   7.2000004351139069E-002   7.0621949934010866        1.6646113255241659        6.8887027232900380        1.6392309551357369        6.5520998298217457        1.5287520537452761     
   7.6000005006790161E-002   6.7697198812032733        1.5193376538996235        6.6118182207142064        1.5047841053282249        6.2914058206188432        1.4049619367441835     
   8.0000005662441254E-002   6.5035076095007343        1.3903431291652628        6.3560356917771639        1.3837565370798577        6.0494797201220711        1.2931961239482506     
   8.4000006318092346E-002   6.2602048779229387        1.2756859158293308        6.1196400539709401        1.2748025894034207        5.8252990468806196        1.1923125272591508     
   8.8000006973743439E-002   6.0370263679933638        1.1732592995305016        5.9020962266277355        1.1761153252534482        5.6197069767829424        1.1007065472780546     
   9.2000007629394531E-002   5.8308256974425055        1.0812534789846016        5.6998837847261381        1.0865109416806800        5.4285146485356224        1.0173511998020695     
   9.6000000834465027E-002   5.6396046885864966       0.99820536428984652        5.5112726989290692        1.0048789512768892        5.2499564376039318       0.94126511727162621     
  0.10000000149011612        5.4616607867766209       0.92320481343872818        5.3348809591835193       0.93056077442495233        5.0827135788952740       0.87187620242020059     
  0.10400000214576721        5.2956696443580062       0.85539836647604928        5.1695163444975583       0.86279169843826420        4.9255111929246018       0.80847867417655828     
  0.10800000280141830        5.1403260295078184       0.79380436847255464        5.0140911892115554       0.80076591301509548        4.7773511322288398       0.75035332201740768     
  0.11200000345706940        4.9939481319836911       0.73765070696009238        4.8672700140537248       0.74399131331320201        4.6372135712225839       0.69710181872137766     
  0.11600000411272049        4.8558578733601845       0.68622239822684261        4.7284979811008663       0.69185295567492888        4.5046283934912852       0.64816931214127183     
  0.12000000476837158        4.7253337189731486       0.63914580532900744        4.5971550801011309       0.64404857924256931        4.3790449213539491       0.60328723354523550     
  0.12400000542402267        4.6016056097238573       0.59612709026948263        4.4726263034675515       0.60037631265141722        4.2599040309658882       0.56227943653594559     
  0.12800000607967377        4.4841866733066906       0.55676350726348212        4.3545703767084758       0.56051664937346868        4.1469019070056756       0.52485704688380319     
  0.13199999928474426        4.3725244029369588       0.52056173545240769        4.2422031272698053       0.52384271698968965        4.0393239867056305       0.49042653610968234     
  0.13600000739097595        4.2660436168253018       0.48710547038377494        4.1349460444236419       0.48993617440050391        3.9366380301684258       0.45859792308563829     
  0.14000000059604645        4.1637700753762950       0.45616344246218382        4.0318456660966477       0.45856528230140275        3.8379472121138876       0.42915497196924823     
  0.14400000870227814        4.0658980805493332       0.42762621133977508        3.9330834339050851       0.42962087466108151        3.7434329516110805       0.40199546840800060     
  0.14800000190734863        3.9718658183514775       0.40118387081711654        3.8380584359742782       0.40278895686100141        3.6526127380331728       0.37682996995723694     
  0.15200001001358032        3.8814240327212586       0.37666999099473197        3.7464531783628683       0.37789899969594820        3.5653148461968467       0.35350460324743799     
  0.15600000321865082        3.7942889135360724       0.35392391490536523        3.6581417557378013       0.35479914740863844        3.4811487438091779       0.33186072824707091     
  0.16000001132488251        3.7102335387088319       0.33278612481398090        3.5729169854308056       0.33332990619128700        3.3998895274253620       0.31174726023630955     
  0.16400000452995300        3.6290299825298340       0.31312676517776444        3.4905690574100015       0.31336121036948794        3.3213147680666739       0.29304108535123008     
  0.16800001263618469        3.5504404962809120       0.29481773684383150        3.4108762552138288       0.29476449365402679        3.2451953220562695       0.27562085416167503     
  0.17200000584125519        3.4743263704349991       0.27774747604261968        3.3337103763581206       0.27742758156150765        3.1713948781529115       0.25938082769226950     
  0.17600001394748688        3.4005224503323923       0.26182146188361677        3.2589758054541051       0.26125674471685262        3.0996649163365393       0.24423095023631589     
  0.18000000715255737        3.3288610683029192       0.24694630276577983        3.1865369583723497       0.24615816571332075        3.0298110725611545       0.23008258030269457     
  0.18400001525878906        3.2592379964721472       0.23303931562563135        3.1161841663709429       0.23204546875292564        2.9619023052846156       0.21685796417513351     
  0.18800000846385956        3.1915240170988746       0.22002941386436639        3.0477823695970301       0.21884650415052898        2.8958355514725258       0.20448960887572454     
  0.19200000166893005        3.1255733619651549       0.20784457888972638        2.9811818593894235       0.20648826454974883        2.8314902987038741       0.19290921649039675     
  0.19600000977516174        3.0613277574101865       0.19642254357774105        2.9163178097893976       0.19490755736900162        2.7688235301239978       0.18205765238287677     
  0.20000000298023224        2.9986911759988506       0.18571171556436089        2.8530908495219904       0.18405189326884042        2.7077564495558435       0.17188577322438828     
  0.20400001108646393        2.9375424932951915       0.17565826146877381        2.7913785149097383       0.17386661836008074        2.6481859682337294       0.16234241921539885     
  0.20800000429153442        2.8778557523547534       0.16621193284595262        2.7310761449453267       0.16430044527742529        2.5901640348501815       0.15337825130837796     
  0.21200001239776611        2.8195418950621938       0.15733476637387836        2.6721295422913820       0.15531480215880686        2.5335802047501663       0.14495789217641952     
  0.21600000560283661        2.7625242202057305       0.14898694289046452        2.6145201170266557       0.14686940125786879        2.4783115727721676       0.13704466290112255     
  0.22000001370906830        2.7067523519536585       0.14112845006980049        2.5582032913206487       0.13892363154546630        2.4243071787523891       0.12960061084148236     
  0.22400000691413879        2.6521855058298680       0.13372737332765477        2.5031430444480982       0.13144495894030414        2.3715251433374274       0.12259529144819453     
  0.22800001502037048        2.5987709767048361       0.12675569078012405        2.4492915527884338       0.12440473629442653        2.3199132857637701       0.11600186367937639     
  0.23200000822544098        2.5464299513634825       0.12018354085303147        2.3965758184596848       0.11777256990475495        2.2693964884454156       0.10979184670031154     
  0.23600001633167267        2.4951591417095886       0.11398164239810224        2.3449933123307609       0.11151870535447263        2.2199672180539447       0.10393734957182781     
  0.24000000953674316        2.4449093252686587       0.10812851951859531        2.2944982036439701       0.10562112550673246        2.1715774815441433        9.8417687202070891E-002
  0.24400001764297485        2.3956456059545266       0.10260347049240819        2.2450943490344737       0.10005673434528282        2.1241454033882068        9.3214396009547396E-002
  0.24800001084804535        2.3473025022606611        9.7384196941960210E-002   2.1966839226137740        9.4804787347034222E-002   2.0776550306868020        8.8304585823407500E-002
  0.25200000405311584        2.2998856466603965        9.2449055309148681E-002   2.1492637453563019        8.9843633627993816E-002   2.0321173175109473        8.3667304395041248E-002
  0.25600001215934753        2.2533601932228691        8.7782371496829520E-002   2.1027980662346990        8.5157204390183233E-002   1.9875006458414404        7.9287315735453390E-002
  0.26000002026557922        2.2076983529971121        8.3369497029932751E-002   2.0572578733187523        8.0730448296277152E-002   1.9437794976274694        7.5150376747223330E-002
  0.26399999856948853        2.1628527802501654        7.9194046666564502E-002   2.0125959802484488        7.6546655894201773E-002   1.9009109625013916        7.1240741354138840E-002
  0.26800000667572021        2.1188177651998457        7.5239544096589811E-002   1.9688039241749387        7.2589072648845704E-002   1.8588885040240750        6.7542656069626075E-002
  0.27200001478195190        2.0755833898162628        7.1493443688263381E-002   1.9258695209890180        6.8844799412156668E-002   1.8177017987375783        6.4043983400623034E-002
  0.27600002288818359        2.0331186095491609        6.7945383914637503E-002   1.8837611213623529        6.5303076931286883E-002   1.7773219034689760        6.0734599271272859E-002
  0.28000000119209290        1.9913979732121312        6.4583884802754746E-002   1.8424454319971113        6.1952428673862941E-002   1.7377289479855065        5.7603046885908032E-002
  0.28400000929832458        1.9503897632659930        6.1396604644567768E-002   1.8018731069058296        5.8781024881660496E-002   1.6989038559351466        5.4636654283626164E-002
  0.28800001740455627        1.9101059495715469        5.8372496747161738E-002   1.7620799695531701        5.5776219920543657E-002   1.6608378097056034        5.1826391603110297E-002
  0.29200002551078796        1.8705249588521593        5.5503459518759658E-002   1.7230448890929613        5.2929533954666097E-002   1.6235088459107472        4.9164410546306943E-002
  0.29600000381469727        1.8316264110183975        5.2782188375979540E-002   1.6847477503305512        5.0233293640784583E-002   1.5868961487630155        4.6643590310148308E-002
  0.30000001192092896        1.7933852672764357        5.0199848775551614E-002   1.6471639740033104        4.7678406675738055E-002   1.5509748863933330        4.4255475356690797E-002
  0.30400002002716064        1.7557850011208926        4.7747436910874477E-002   1.6102767555994255        4.5255676191961289E-002   1.5157277411806944        4.1991501720394529E-002
  0.30800002813339233        1.7188333765348203        4.5417298134230698E-002   1.5740914502899841        4.2957239018107808E-002   1.4811583901824878        3.9844333432881088E-002
  0.31200000643730164        1.6825165866241696        4.3203676856730461E-002   1.5385936098377462        4.0777076729994297E-002   1.4472519658906293        3.7808337333304923E-002
  0.31600001454353333        1.6468148477526356        4.1101424938723929E-002   1.5037631788341075        3.8709775432816666E-002   1.4139884405162806        3.5878433135613882E-002
  0.32000002264976501        1.6117107452632840        3.9104231593351017E-002   1.4695822900425388        3.6748855596541452E-002   1.3813499996771630        3.4048548493764479E-002
  0.32400000095367432        1.5771925740703057        3.7205468082103316E-002   1.4360539323365953        3.4886488679732451E-002   1.3493109542346353        3.2312367421668819E-002
  0.32800000905990601        1.5432625811992793        3.5399299136220377E-002   1.4031710939224764        3.3117282002029937E-002   1.3178760612187419        3.0664302081363469E-002
  0.33200001716613770        1.5099139629518084        3.3681383966469178E-002   1.3709135250524862        3.1437542170939123E-002   1.2870463819935309        2.9100095216373731E-002
  0.33600002527236938        1.4771330509271945        3.2047954762822399E-002   1.3392656257138955        2.9843350976558800E-002   1.2568082719456206        2.7616006390185577E-002
  0.34000000357627869        1.4449007025314196        3.0495086115084561E-002   1.3082069556515188        2.8330651462269551E-002   1.2271434066464804        2.6208179719106297E-002
  0.34400001168251038        1.4132081979951450        2.9017747727294697E-002   1.2777265791719072        2.6894371041765425E-002   1.1980422538391404        2.4871831824480845E-002
  0.34800001978874207        1.3820501627048118        2.7611303944245998E-002   1.2478167232986745        2.5529829366926184E-002   1.1694981247920129        2.3602553777778229E-002
  0.35200002789497375        1.3514250223644955        2.6272205841667371E-002   1.2184731224804191        2.4233373842973444E-002   1.1415074759497579        2.2396896465167092E-002
  0.35600000619888306        1.3213303202401516        2.4997469310741080E-002   1.1896908043033783        2.3001889585814009E-002   1.1140659784561882        2.1251915951396642E-002
  0.36000001430511475        1.2917490435579553        2.3784638677080739E-002   1.1614517334236201        2.1832759814168868E-002   1.0871569463851616        2.0165135157929604E-002
  0.36400002241134644        1.2626669168474902        2.2630664997889929E-002   1.1337404855420437        2.0722834648725989E-002   1.0607660765157219        1.9133591012334167E-002
  0.36800003051757812        1.2340834291341722        2.1531911154060616E-002   1.1065527446563157        1.9668480873960965E-002   1.0348906421111446        1.8153836797538066E-002
  0.37200000882148743        1.2059921775010285        2.0485141417200564E-002   1.0798609888558397        1.8666964461152846E-002   1.0095233848390521        1.7222683970933097E-002
  0.37600001692771912        1.1783880833102380        1.9487871170794615E-002   1.0536808789668701        1.7715033448710150E-002  0.98465711939081368        1.6337859433942975E-002
  0.38000002503395081        1.1512714370542920        1.8537905295729892E-002   1.0280110882681488        1.6810376883174508E-002  0.96028969580126444        1.5497211052915311E-002
  0.38400000333786011        1.1246298923921381        1.7633513448966586E-002   1.0028389389093031        1.5951123196640056E-002  0.93640838381696034        1.4698989981040285E-002
  0.38800001144409180        1.0984450178666101        1.6772764008084570E-002  0.97814631414741393        1.5135232246178344E-002  0.91299541182857957        1.3941290450714112E-002
  0.39200001955032349        1.0727197581517733        1.5952931866320855E-002  0.95393415296510276        1.4359965534508011E-002  0.89005085899474889        1.3221563239085124E-002
  0.39600002765655518        1.0474511572310856        1.5171534223027619E-002  0.93019809017410349        1.3622825714500750E-002  0.86756987053676715        1.2537481717666246E-002
  0.40000000596046448        1.0226270376749742        1.4426750980323606E-002  0.90692556893127119        1.2921931503423257E-002  0.84553997426771133        1.1887286735858293E-002
  0.40400001406669617       0.99824910663656996        1.3716968209025189E-002  0.88411632364088333        1.2255600906372262E-002  0.82396018319765552        1.1269402500399142E-002
  0.40800002217292786       0.97431792794363148        1.3040709219363256E-002  0.86176906307242362        1.1622288794215159E-002  0.80282857943176167        1.0682379394794776E-002
  0.41200003027915955       0.95080941672964903        1.2397046795932268E-002  0.83986068183465568        1.1020951494946730E-002  0.78212293671432831        1.0125228713854989E-002
  0.41600000858306885       0.92772060253605471        1.1784222179643278E-002  0.81838678736878057        1.0449814696532526E-002  0.76183851323740592        9.5962908248776214E-003
  0.42000001668930054       0.90505660390315557        1.1200280297984829E-002  0.79735367798538126        9.9067382804123496E-003  0.74197722604469718        9.0936706583733158E-003
  0.42400002479553223       0.88280985227009656        1.0643594012813045E-002  0.77675117092502588        9.3902081551432200E-003  0.72253055120539134        8.6158965230106865E-003
  0.42800003290176392       0.86096768023518555        1.0113005738439606E-002  0.75656381967888775        8.8991697883169588E-003  0.70348581313968617        8.1619041918516207E-003
  0.43200001120567322       0.83953379896756175        9.6073531640582174E-003  0.73679294460076605        8.4324355201441988E-003  0.68484380365579611        7.7305748594491816E-003
  0.43600001931190491       0.81850894842537392        9.1255603201068885E-003  0.71743723288476857        7.9889010895466250E-003  0.66660285067189995        7.3208679846086776E-003
  0.44000002741813660       0.79786911823703333        8.6671204666696599E-003  0.69847373212105623        7.5679679583621874E-003  0.64874117343864501        6.9322079924183204E-003
  0.44400003552436829       0.77761141213407392        8.2307923729116415E-003  0.67989806094087102        7.1683999500908435E-003  0.63125426845242416        6.5634365989136190E-003
  0.44800001382827759       0.75774242344307219        7.8151340138416098E-003  0.66171415779784715        6.7887963153960510E-003  0.61414535939900450        6.2132469184605294E-003
  0.45200002193450928       0.73825963224320346        7.4188921844999100E-003  0.64391798370354869        6.4279315304641991E-003  0.59741024934698905        5.8804944663545513E-003
  0.45600003004074097       0.71914341496675693        7.0413194147786184E-003  0.62649063610696087        6.0850281930931180E-003  0.58103095468465393        5.5644464620524976E-003
  0.46000000834465027       0.70039628507529728        6.6815887243356206E-003  0.60943257512367477        5.7592462019770731E-003  0.56500746811069480        5.2643140461220454E-003
  0.46400001645088196       0.68202137450728750        6.3388872188262276E-003  0.59274478962647015        5.4497639992834458E-003  0.54934026354448129        4.9793265751571216E-003
  0.46800002455711365       0.66400920778658834        6.0127085934207052E-003  0.57641733266130835        5.1560302321151767E-003  0.53401967928659211        4.7089614873780227E-003
  0.47200003266334534       0.64633955513674013        5.7026405566117664E-003  0.56043018012882573        4.8775723078744535E-003  0.51902682228397623        4.4527601203120893E-003
  0.47600001096725464       0.62901908342540624        5.4076143609894265E-003  0.54478661531507488        4.6133608200212535E-003  0.50436442490699895        4.2097564765984953E-003
  0.48000001907348633       0.61205387523512911        5.1266003003898131E-003  0.52949225340579642        4.3624284960556963E-003  0.49003703266039655        3.9790734738762625E-003
  0.48400002717971802       0.59543391281762792        4.8588640449738129E-003  0.51453690525801632        4.1240544444547207E-003  0.47603478253867648        3.7600388083760495E-003
  0.48800003528594971       0.57914278259566432        4.6039655744341572E-003  0.49990489610580635        3.8977733231327482E-003  0.46234274644320261        3.5522139961518245E-003
  0.49200001358985901       0.56318397004659615        4.3613022832264614E-003  0.48559779159015043        3.6829863975305394E-003  0.44896196157229784        3.3550396735967237E-003
  0.49600002169609070       0.54756002850970653        4.1302947535152654E-003  0.47161633951234189        3.4791196195115685E-003  0.43589270484778764        3.1679797616340484E-003
  0.50000000000000000       0.53226220401761215        3.9106426673630136E-003  0.45795156847195534        3.2858389522882393E-003  0.42312627402000624        2.9907174282411924E-003
  0.50400000810623169       0.51727075154637281        3.7021619535396104E-003  0.44458508468034774        3.1029103704240907E-003  0.41064526984362010        2.8230272294554716E-003
  0.50800001621246338       0.50259155177639248        3.5040391008909146E-003  0.43152060823300781        2.9295756916713532E-003  0.39845274919210422        2.6642075009505788E-003
  0.51200002431869507       0.48823038321259138        3.3154875675844488E-003  0.41876176038056917        2.7651064299883442E-003  0.38655167426384329        2.5135846920560892E-003
  0.51600003242492676       0.47418467538079884        3.1358612091045772E-003  0.40630499932593295        2.6088978972619342E-003  0.37493839340099977        2.3705988010986291E-003
  0.52000004053115845       0.46043205424884270        2.9649396172599187E-003  0.39412984199629297        2.4607044754125064E-003  0.36359362650504856        2.2350167925600300E-003
  0.52400004863739014       0.44697326102658763        2.8023988600618006E-003  0.38223566948321352        2.3201970999928000E-003  0.35251644227368700        2.1065302580899345E-003
  0.52799999713897705       0.43381093354621003        2.6479107650436342E-003  0.37062333928973423        2.1870403630662692E-003  0.34170736766628257        1.9848262521994760E-003
  0.53200000524520874       0.42094616818363007        2.5012009693825858E-003  0.35929196708536493        2.0609316063361464E-003  0.33116555635352368        1.8696236876587285E-003
  0.53600001335144043       0.40836674391145572        2.3629201931077213E-003  0.34823071242081316        1.9423832944697242E-003  0.32088019059384087        1.7613749276943944E-003
  0.54000002145767212       0.39606235103767723        2.2322120656944459E-003  0.33742965108620920        1.8306367020003709E-003  0.31084178573106297        1.6593832651201827E-003
  0.54400002956390381       0.38402757140708332        2.1076094811972017E-003  0.32688309102540591        1.7244407862503856E-003  0.30104477858695350        1.5625071812395432E-003
  0.54800003767013550       0.37225709121104744        1.9877429986001629E-003  0.31658546124236919        1.6226359493529353E-003  0.29148372771158892        1.4696898111757788E-003
  0.55200004577636719       0.36076013333097939        1.8737839832882490E-003  0.30654348932036796        1.5261417974204773E-003  0.28216449254644704        1.3817580067993138E-003
  0.55600005388259888       0.34953858246555164        1.7670096075911650E-003  0.29675764885161615        1.4359554577192009E-003  0.27308717434160201        1.2996075319526633E-003
  0.56000000238418579       0.33857311536124440        1.6655152075801165E-003  0.28721054721629452        1.3504865906979911E-003  0.26423548215784493        1.2217925450335883E-003
  0.56400001049041748       0.32786481830327069        1.5691648520996446E-003  0.27790209249964992        1.2695894731396633E-003  0.25560903589208300        1.1481755756422836E-003
  0.56800001859664917       0.31740871183083447        1.4777602573755038E-003  0.26882708050626059        1.1930696899081969E-003  0.24720276344863149        1.0785754308713594E-003
  0.57200002670288086       0.30720073131123354        1.3911614576225849E-003  0.25998110476207603        1.1207816657994275E-003  0.23901233452843812        1.0128553649334728E-003
  0.57600003480911255       0.29723862474680712        1.3091015841897983E-003  0.25136132434654734        1.0524793862631313E-003  0.23103486882943716        9.5078818145381816E-004
  0.58000004291534424       0.28751691754070441        1.2313652088138513E-003  0.24296219538685782        9.8796045452776045E-004  0.22326500927822354        8.9218645457191787E-004
  0.58400005102157593       0.27803226676296211        1.1577595441574782E-003  0.23478000403545221        9.2704258497996398E-004  0.21569908997164161        8.3688123780648223E-004
  0.58799999952316284       0.26878178729150748        1.0880848362004637E-003  0.22681128834005077        8.6953743823548531E-004  0.20833361776887868        7.8469650507905257E-004
  0.59200000762939453       0.25976015390066803        1.0221438169963383E-003  0.21905043690385298        8.1525915484679753E-004  0.20116308642591318        7.3545772019635266E-004
  0.59600001573562622       0.25096445179614185        9.5975091194516716E-004  0.21149467325565760        7.6404386966894087E-004  0.19418492336809354        6.8901938821457661E-004
  0.60000002384185791       0.24239040214403393        9.0076109379127111E-004  0.20413960655389607        7.1575439325580442E-004  0.18739487823375975        6.4525441979856803E-004
