 pt up dp u1 d1 u2 d2
   0.0000000000000000        0.0000000000000000        0.0000000000000000        0.0000000000000000        0.0000000000000000        0.0000000000000000        0.0000000000000000     
   9.9999997764825821E-003   1.3378197830411287       0.64744686274028063       0.78023861610011225       0.37620865441589357       0.78023861610011225       0.37620865441589357     
   1.9999999552965164E-002   1.3353595589004592       0.64625622075568245       0.77908271633723591       0.37565131274443825       0.77908271633723591       0.37565131274443825     
   2.9999999329447746E-002   1.3311234560215746       0.64420613033696794       0.77705413000354917       0.37467318666965177       0.77705413000354917       0.37467318666965177     
   3.9999999105930328E-002   1.3254335387215499       0.64145245667191086       0.77433191450391403       0.37336061253013175       0.77433191450391403       0.37336061253013175     
   4.9999997019767761E-002   1.3179841475703808       0.63784727382793693       0.77078663384662660       0.37165118000771763       0.77078663384662660       0.37165118000771763     
   5.9999998658895493E-002   1.3089360907565899       0.63346840600713927       0.76647565333484491       0.36957254900422187       0.76647565333484491       0.36957254900422187     
   7.0000000298023224E-002   1.2983194983325939       0.62833043485060314       0.76140994815422547       0.36713001143899054       0.76140994815422547       0.36713001143899054     
   7.9999998211860657E-002   1.2861709825356042       0.62245107909624953       0.75560535655204897       0.36433120406003322       0.75560535655204897       0.36433120406003322     
   8.9999996125698090E-002   1.2725359211128027       0.61585229960937671       0.74907867251225335       0.36118422444412790       0.74907867251225335       0.36118422444412790     
   9.9999994039535522E-002   1.2574599035870888       0.60855615974556643       0.74184598531090584       0.35769683037815575       0.74184598531090584       0.35769683037815575     
  0.10999999940395355        1.2409973682649114       0.60058900528858394       0.73393146480134674       0.35388067587130634       0.73393146480134674       0.35388067587130634     
  0.11999999731779099        1.2232054223084234       0.59197847363282774       0.72535419510601939       0.34974496273937988       0.72535419510601939       0.34974496273937988     
  0.12999999523162842        1.2041404411114369       0.58275184802849433       0.71614120112348845       0.34530272161238490       0.71614120112348845       0.34530272161238490     
  0.14000000059604645        1.1838722555814736       0.57294292361194632       0.70631534886838687       0.34056497782592904       0.70631534886838687       0.34056497782592904     
  0.14999999105930328        1.1624677906960432       0.56258408917521552       0.69590629154392625       0.33554602930304445       0.69590629154392625       0.33554602930304445     
  0.15999999642372131        1.1399942251870918       0.55170785631649455       0.68494005394201141       0.33025842445102832       0.68494005394201141       0.33025842445102832     
  0.17000000178813934        1.1165278123725051       0.54035112834074639       0.67344850540158618       0.32471752974992096       0.67344850540158618       0.32471752974992096     
  0.17999999225139618        1.0921477342762980       0.52855222591992068       0.66146029746917456       0.31893716015266460       0.66146029746917456       0.31893716015266460     
  0.18999999761581421        1.0669239336933638       0.51634499833902514       0.64900902081621636       0.31293351211639697       0.64900902081621636       0.31293351211639697     
  0.19999998807907104        1.0409389930570936       0.50376941192094948       0.63612532051756954       0.30672136181617488       0.63612532051756954       0.30672136181617488     
  0.20999999344348907        1.0142756053450013       0.49086548648715167       0.62284538654473764       0.30031815901698133       0.62284538654473764       0.30031815901698133     
  0.21999999880790710       0.98700779164725150       0.47766904504100843       0.60919724164519951       0.29373741548291649       0.60919724164519951       0.29373741548291649     
  0.22999998927116394       0.95921926660213930       0.46422060184357028       0.59522175691208523       0.28699883808138454       0.59522175691208523       0.28699883808138454     
  0.23999999463558197       0.93099018757411922       0.45055894958933901       0.58094785606362309       0.28011637299870706       0.58094785606362309       0.28011637299870706     
  0.25000000000000000       0.90240444490589256       0.43672468757269228       0.56641271469512011       0.27310794523936166       0.56641271469512011       0.27310794523936166     
  0.25999999046325684       0.87353226688463559       0.42275180324454448       0.55164933510396053       0.26598946756341352       0.55164933510396053       0.26598946756341352     
  0.26999998092651367       0.84445540432786204       0.40867986046169891       0.53669161631100415       0.25877728510523679       0.53669161631100415       0.25877728510523679     
  0.28000000119209290       0.81524959159885824       0.39454551137755756       0.52157720640979832       0.25148955069439149       0.52157720640979832       0.25148955069439149     
  0.28999999165534973       0.78599115482385629       0.38038569453317067       0.50633537532013773       0.24414037744565312       0.50633537532013773       0.24414037744565312     
  0.29999998211860657       0.75674713193216003       0.36623285338434786       0.49100137378975001       0.23674676225727320       0.49100137378975001       0.23674676225727320     
  0.31000000238418579       0.72758898894506918       0.35212157439173947       0.47560637819524304       0.22932373748275336       0.47560637819524304       0.22932373748275336     
  0.31999999284744263       0.69858502347393459       0.33808491064273555       0.46018417132114736       0.22188759221064791       0.46018417132114736       0.22188759221064791     
  0.32999998331069946       0.66979509545489591       0.32415183175517953       0.44476177039454390       0.21445135337199556       0.44476177039454390       0.21445135337199556     
  0.34000000357627869       0.64128272126843688       0.31035307690769459       0.42937358365982459       0.20703161163413411       0.42937358365982459       0.20703161163413411     
  0.34999999403953552       0.61310580789096081       0.29671667057015250       0.41404380527983253       0.19964003272759798       0.41404380527983253       0.19964003272759798     
  0.35999998450279236       0.58531192854116609       0.28326563612102806       0.39880562333750136       0.19229261899290848       0.39880562333750136       0.19229261899290848     
  0.37000000476837158       0.55795997683367782       0.27002847552038173       0.38368078463437721       0.18499985611326439       0.38368078463437721       0.18499985611326439     
  0.37999999523162842       0.53109070684536963       0.25702491197723709       0.36869666574522836       0.17777494428684029       0.36869666574522836       0.17777494428684029     
  0.38999998569488525       0.50474763494706754       0.24427600553131337       0.35387731878257095       0.17062948075158230       0.35387731878257095       0.17062948075158230     
  0.39999997615814209       0.47881256286075491       0.23172455333268038       0.33924655525412978       0.16357494673271514       0.33924655525412978       0.16357494673271514     
  0.40999999642372131       0.45363927867960380       0.21954177350346735       0.32482362018091382       0.15662062162670679       0.32482362018091382       0.15662062162670679     
  0.41999998688697815       0.42909680740715289       0.20766427981510138       0.31062966892231780       0.14977670594033407       0.31062966892231780       0.14977670594033407     
  0.42999997735023499       0.40521821521518131       0.19610807486333837       0.29668323642424715       0.14305213669224126       0.29668323642424715       0.14305213669224126     
  0.43999999761581421       0.38202415477953006       0.18488315364926097       0.28300142338380269       0.13645515934748628       0.28300142338380269       0.13645515934748628     
  0.44999998807907104       0.35953733313496100       0.17400050539473969       0.26960000747750990       0.12999338144859893       0.26960000747750990       0.12999338144859893     
  0.45999997854232788       0.33777144906913931       0.16346675972000441       0.25649558883658818       0.12367480710214393       0.25649558883658818       0.12367480710214393     
  0.46999999880790710       0.31674501903604896       0.15329087778723302       0.24369611122372484       0.11750326656236654       0.24369611122372484       0.11750326656236654     
  0.47999998927116394       0.29646382283739064       0.14347565677024968       0.23121547480917481       0.11148546209218968       0.23121547480917481       0.11148546209218968     
  0.48999997973442078       0.27693972060794642       0.13402683646088104       0.21906361425544746       0.10562618390057978       0.21906361425544746       0.10562618390057978     
  0.50000000000000000       0.25817226600146803       0.12494420084686450       0.20724909137554742        9.9929560247896121E-002  0.20724909137554742        9.9929560247896121E-002
  0.50999999046325684       0.24016878091014707       0.11623129340706723       0.19577921349880503        9.4399114518496127E-002  0.19577921349880503        9.4399114518496127E-002
  0.51999998092651367       0.22292059530394015       0.10788391822226062       0.18466202347586563        8.9038724743992576E-002  0.18466202347586563        8.9038724743992576E-002
  0.52999997138977051       0.20642951354930703        9.9902948527703275E-002  0.17389781265027734        8.3848531401877896E-002  0.17389781265027734        8.3848531401877896E-002
  0.53999996185302734       0.19068484773828601        9.2283211838605134E-002  0.16349218406868510        7.8831236120340445E-002  0.16349218406868510        7.8831236120340445E-002
  0.55000001192092896       0.17568218276050174        8.5022571432668420E-002  0.15344729980303881        7.3987881388385870E-002  0.15344729980303881        7.3987881388385870E-002
  0.56000000238418579       0.16140686944306820        7.8113937744357445E-002  0.14376436435680140        6.9319047982993987E-002  0.14376436435680140        6.9319047982993987E-002
  0.56999999284744263       0.14785170623273219        7.1553825533642146E-002  0.13444208648018774        6.4824113300599506E-002  0.13444208648018774        6.4824113300599506E-002
  0.57999998331069946       0.13499589850470414        6.5332171102293390E-002  0.12548192361851696        6.0503780079481484E-002  0.12548192361851696        6.0503780079481484E-002
  0.58999997377395630       0.12282902699009884        5.9443931975205241E-002  0.11688256845830308        5.6357417970619550E-002  0.11688256845830308        5.6357417970619550E-002
  0.59999996423721313       0.11133009268000223        5.3878945541079720E-002  0.10863721507040280        5.2381745350427791E-002  0.10863721507040280        5.2381745350427791E-002
  0.61000001430511475       0.10048468150479102        4.8630236014182940E-002  0.10074402983355789        4.8575878099392143E-002  0.10074402983355789        4.8575878099392143E-002
  0.62000000476837158        9.0269835432020787E-002   4.3686692700631413E-002   9.3198565224535665E-002   4.4937671749530075E-002   9.3198565224535665E-002   4.4937671749530075E-002
  0.62999999523162842        8.0669212842503793E-002   3.9040406964142856E-002   8.5995504271797168E-002   4.1464562609854143E-002   8.5995504271797168E-002   4.1464562609854143E-002
  0.63999998569488525        7.1659363371860157E-002   3.4680029843489175E-002   7.9130713439714756E-002   3.8154557608188172E-002   7.9130713439714756E-002   3.8154557608188172E-002
  0.64999997615814209        6.3220369035692586E-002   3.0595921896442439E-002   7.2594018233351043E-002   3.5002750895256389E-002   7.2594018233351043E-002   3.5002750895256389E-002
  0.65999996662139893        5.5327916225415941E-002   2.6776316388947681E-002   6.6380165008781897E-002   3.2006609314828599E-002   6.6380165008781897E-002   3.2006609314828599E-002
  0.66999995708465576        4.7963606417310137E-002   2.3212309231969472E-002   6.0481596721587351E-002   2.9162489077102470E-002   6.0481596721587351E-002   2.9162489077102470E-002
  0.68000000715255737        4.1101528879126971E-002   1.9891360752737269E-002   5.4890271260050534E-002   2.6466512506755260E-002   5.4890271260050534E-002   2.6466512506755260E-002
  0.68999999761581421        3.4723089055252114E-002   1.6804471991264600E-002   4.9597884512459160E-002   2.3914675599589891E-002   4.9597884512459160E-002   2.3914675599589891E-002
  0.69999998807907104        2.8803533084917024E-002   1.3939663150497794E-002   4.4595713982101402E-002   2.1502772618177800E-002   4.4595713982101402E-002   2.1502772618177800E-002
  0.70999997854232788        2.3322126037031560E-002   1.1286899421373902E-002   3.9874806582135498E-002   1.9226486641151331E-002   3.9874806582135498E-002   1.9226486641151331E-002
  0.71999996900558472        1.8254641087420528E-002   8.8344560697357476E-003   3.5427650474558051E-002   1.7082195675944264E-002   3.5427650474558051E-002   1.7082195675944264E-002
  0.72999995946884155        1.3583039522477228E-002   6.5736031390670321E-003   3.1241583796565622E-002   1.5063794535926010E-002   3.1241583796565622E-002   1.5063794535926010E-002
  0.74000000953674316        9.2827155430397126E-003   4.4924324877222161E-003   2.7308802337942049E-002   1.3167520255045371E-002   2.7308802337942049E-002   1.3167520255045371E-002
  0.75000000000000000        5.3347933246324954E-003   2.5818090337620062E-003   2.3619804805069755E-002   1.1388791582370486E-002   2.3619804805069755E-002   1.1388791582370486E-002
  0.75999999046325684        1.7234965290153111E-003   8.3409771241245369E-004   2.0164051538323409E-002   9.7225265966995288E-003   2.0164051538323409E-002   9.7225265966995288E-003
  0.76999998092651367       -1.5796046619747102E-003  -7.6446027763219545E-004   1.6933923696986476E-002   8.1650517118307779E-003   1.6933923696986476E-002   8.1650517118307779E-003
  0.77999997138977051       -4.5890577689952387E-003  -2.2209053066294449E-003   1.3921440141507750E-002   6.7125186514685681E-003   1.3921440141507750E-002   6.7125186514685681E-003
  0.78999996185302734       -7.3215560707210322E-003  -3.5433161988303809E-003   1.1109549301277843E-002   5.3567056379384597E-003   1.1109549301277843E-002   5.3567056379384597E-003
  0.79999995231628418       -9.7981095079157487E-003  -4.7418608560752104E-003   8.4980155215636718E-003   4.0974990452954585E-003   8.4980155215636718E-003   4.0974990452954585E-003
  0.81000000238418579       -1.2034060863687477E-002  -5.8239645212216822E-003   6.0719790814829254E-003   2.9277339428596615E-003   6.0719790814829254E-003   2.9277339428596615E-003
  0.81999999284744263       -1.4041428646493371E-002  -6.7954436320995524E-003   3.8239330215505542E-003   1.8437906903462633E-003   3.8239330215505542E-003   1.8437906903462633E-003
  0.82999998331069946       -1.5844343497455678E-002  -7.6679763744319446E-003   1.7449660764124514E-003   8.4137253150807243E-004   1.7449660764124514E-003   8.4137253150807243E-004
  0.83999997377395630       -1.7453392843471718E-002  -8.4466866045230411E-003  -1.7363633014013725E-004  -8.3722452044547569E-005  -1.7363633014013725E-004  -8.3722452044547569E-005
  0.84999996423721313       -1.8881118163030907E-002  -9.1376438550595535E-003  -1.9389184237778591E-003  -9.3489078363951186E-004  -1.9389184237778591E-003  -9.3489078363951186E-004
  0.85999995470046997       -2.0144180802689364E-002  -9.7489114965294780E-003  -3.5620718830709618E-003  -1.7175287692897986E-003  -3.5620718830709618E-003  -1.7175287692897986E-003
  0.87000000476837158       -2.1253697390189830E-002  -1.0285869495537775E-002  -5.0496681462049919E-003  -2.4348049677751639E-003  -5.0496681462049919E-003  -2.4348049677751639E-003
  0.87999999523162842       -2.2220102006337811E-002  -1.0753567495518314E-002  -6.4094685294553769E-003  -3.0904616629203537E-003  -6.4094685294553769E-003  -3.0904616629203537E-003
  0.88999998569488525       -2.3055361885568559E-002  -1.1157797119893736E-002  -7.6490013353290838E-003  -3.6881287860024365E-003  -7.6490013353290838E-003  -3.6881287860024365E-003
  0.89999997615814209       -2.3773709603387171E-002  -1.1505446319101314E-002  -8.7740948794664160E-003  -4.2306165834503006E-003  -8.7740948794664160E-003  -4.2306165834503006E-003
  0.90999996662139893       -2.4381005611735476E-002  -1.1799351298190505E-002  -9.7945969324357597E-003  -4.7226733674316053E-003  -9.7945969324357597E-003  -4.7226733674316053E-003
  0.91999995708465576       -2.4889820094279910E-002  -1.2045595481911094E-002  -1.0715757581233713E-002  -5.1668305791283450E-003  -1.0715757581233713E-002  -5.1668305791283450E-003
  0.93000000715255737       -2.5307362679493781E-002  -1.2247668018349965E-002  -1.1544017868460399E-002  -5.5661939043135924E-003  -1.1544017868460399E-002  -5.5661939043135924E-003
  0.93999999761581421       -2.5640260836460062E-002  -1.2408776315649819E-002  -1.2284115245349902E-002  -5.9230476059260826E-003  -1.2284115245349902E-002  -5.9230476059260826E-003
  0.94999998807907104       -2.5896775348748288E-002  -1.2532918235461220E-002  -1.2944744147165441E-002  -6.2415838909699204E-003  -1.2944744147165441E-002  -6.2415838909699204E-003
  0.95999997854232788       -2.6087514589073251E-002  -1.2625227770957164E-002  -1.3530095376548845E-002  -6.5238234441308864E-003  -1.3530095376548845E-002  -6.5238234441308864E-003
  0.96999996900558472       -2.6214960641355270E-002  -1.2686906143309440E-002  -1.4045466860157237E-002  -6.7723207735014010E-003  -1.4045466860157237E-002  -6.7723207735014010E-003
  0.97999995946884155       -2.6288355633899776E-002  -1.2722426142539657E-002  -1.4498145683192668E-002  -6.9905895023012537E-003  -1.4498145683192668E-002  -6.9905895023012537E-003
  0.98999994993209839       -2.6311771145138739E-002  -1.2733758236356236E-002  -1.4888485903646203E-002  -7.1788003471262010E-003  -1.4888485903646203E-002  -7.1788003471262010E-003
   1.0000000000000000       -2.6288852151012048E-002  -1.2722666435328491E-002  -1.5221893130379029E-002  -7.3395597373350835E-003  -1.5221893130379029E-002  -7.3395597373350835E-003
