 Z Q2 pt2 MULT-RATIO STAT SYS fuu fuua DIS chi2
  0.34999999999999998        1.6388599999999998        5.9999999999999998E-002  0.60119966439298800        1.4999999999999999E-002   2.1000000000000001E-002   4.7772477980882538E-005   3.2530975210741230E-005   1.0733909047398593        1.6547904811815188     
  0.34999999999999998        1.6468099999999999        9.2499999999999999E-002  0.60994949843863966        1.0000000000000000E-002   2.2000000000000002E-002   4.1286712822733488E-005   2.9409124707084949E-005   1.0739180692478547        4.8711503135815413     
  0.34999999999999998        1.6274500000000001       0.14250000000000002       0.63208883234258206        6.9999999999999993E-003   2.2000000000000002E-002   3.3160533915459927E-005   2.5273312940428061E-005   1.0761804752034621        10.868326228485925     
  0.34999999999999998        1.6306300000000000       0.22000000000000003       0.67459236157374969        6.0000000000000001E-003   2.3000000000000000E-002   2.1517806773667686E-005   1.8457767525591941E-005   1.0766040174076581        26.413943800734639     
  0.45000000000000001        1.6429400000000001        5.9999999999999998E-002  0.58193471330105107        2.5000000000000001E-002   1.9000000000000000E-002   2.4063008679698399E-005   1.5248388271637180E-005   1.0727957275251647        7.7679707986358981E-002
  0.45000000000000001        1.6319299999999999        9.2499999999999999E-002  0.60276531682446000        1.8000000000000002E-002   2.0000000000000000E-002   2.1294069309890228E-005   1.4100217912189944E-005   1.0739491242265113       0.26327480245132756     
  0.45000000000000001        1.6456900000000001       0.14250000000000002       0.60560450430243407        1.2000000000000000E-002   2.0000000000000000E-002   1.6929884035914334E-005   1.2089594181557727E-005   1.0735925249678147        6.5173209320516463     
  0.45000000000000001        1.6341800000000000       0.22000000000000003       0.58114363854229933        9.0000000000000011E-003   2.1000000000000001E-002   1.2098731661342349E-005   9.7439755371040155E-006   1.0752816418032507        53.967998479597149     
  0.55000000000000004        1.6793400000000001        5.9999999999999998E-002  0.66343775029740992        5.2000000000000005E-002   2.2000000000000002E-002   1.2451085753304233E-005   7.4532156394509694E-006   1.0703413026119128        3.4042945650479690     
  0.55000000000000004        1.6393200000000001        9.2499999999999999E-002  0.60165984185163301        2.7999999999999997E-002   1.9000000000000000E-002   1.1549541031961767E-005   7.1570312273795336E-006   1.0732254112987338       0.51398279173466266     
  0.55000000000000004        1.6351700000000000       0.14250000000000002       0.48064958741122443        1.8000000000000002E-002   1.8000000000000002E-002   9.6473025726249235E-006   6.4118890029073536E-006   1.0738824113463303        29.497396532393147     
  0.55000000000000004        1.6525099999999999       0.22000000000000003       0.58290706522381885        1.3999999999999999E-002   1.9000000000000000E-002   6.9667614175524002E-006   5.2123043899332802E-006   1.0730457979083134        23.467483565973090     
  0.64999999999999991        1.6768299999999998        5.9999999999999998E-002  0.62501670975313117        7.4000000000000010E-002   1.9000000000000000E-002   6.3233078344091342E-006   3.5688691650322212E-006   1.0685794431416955        1.6066350934341465     
  0.64999999999999991        1.6648400000000001        9.2499999999999999E-002  0.46675176094588788        3.3000000000000002E-002   1.6000000000000000E-002   5.8572596199320564E-006   3.4336040398154712E-006   1.0699317090181495        4.8956911253547091     
  0.64999999999999991        1.6329700000000000       0.14250000000000002       0.49525144732321941        2.3000000000000000E-002   1.7000000000000001E-002   5.1555416926635352E-006   3.1980541684310908E-006   1.0721964366011352        8.4814397379109181     
  0.64999999999999991        1.6450599999999997       0.22000000000000003       0.53141797608259544        1.9000000000000000E-002   1.8000000000000002E-002   3.9161631935953800E-006   2.7056371820971606E-006   1.0714797407411545        18.767023054954468     
