 x up dp u1 d1 u2 d2
   0.0000000000000000        0.0000000000000000        0.0000000000000000        0.0000000000000000        0.0000000000000000        0.0000000000000000        0.0000000000000000     
   4.0000001899898052E-003   86.580791020384140        65.494187286463898        56.392179282699772        40.695247960597413        49.851443368333264        35.476942858275585     
   8.0000003799796104E-003   44.337708905056950        28.763152548074309        30.692950547987657        18.727010448318975        27.560895997199445        16.530152758200199     
   1.2000000104308128E-002   30.766034893172240        17.838100729467833        22.292823086499673        12.085002189092544        20.236420911752717        10.775062575736388     
   1.6000000759959221E-002   23.980171897957732        12.693628660517211        18.026822904223465        8.8965772597855981        16.500483930968922        7.9981852784767220     
   2.0000001415610313E-002   19.858049373448008        9.7174370623829098        15.397291426245873        7.0146425900718201        14.187195462306445        6.3493374151743707     
   2.4000000208616257E-002   17.064009128998403        7.7807673958400754        13.587884679763839        5.7639247703360637        12.589742278179182        5.2478218999351176     
   2.8000000864267349E-002   15.032312215055237        6.4210106228999955        12.253397218702620        4.8672293906745985        11.405928186527486        4.4536953467472058     
   3.2000001519918442E-002   13.479924682775509        5.4136192787886861        11.214963287554323        4.1887507692624277        10.480496388894315        3.8494214984522768     
   3.6000002175569534E-002   12.251929265044327        4.6382886807112307        10.377034383795429        3.6556718465326221        9.7304358783623215        3.3721115983913750     
   4.0000002831220627E-002   11.254371554370675        4.0250140784526165        9.6842290050573201        3.2255352291053896        9.1072291240050216        2.9852243053063932     
   4.4000003486871719E-002   10.425356829973774        3.5272621501101105        9.0965925182857479        2.8691986356254562        8.5759342272559529        2.6632716547272266     
   4.8000000417232513E-002   9.7254133953190820        3.1172361454210065        8.5886625640617069        2.5701418767764510        8.1146522610127114        2.3918866836880768     
   5.2000001072883606E-002   9.1254134082657004        2.7734889477313280        8.1420353105811767        2.3147085534079297        7.7071449038531243        2.1591155501152461     
   5.6000001728534698E-002   8.6044114117061170        2.4819099068984456        7.7434267639902341        2.0941271217646729        7.3411778177884788        1.9573275987502787     
   6.0000002384185791E-002   8.1483010419814299        2.2326094814072621        7.3838629268581908        1.9024783611769716        7.0082678561383416        1.7814334146596753     
   6.4000003039836884E-002   7.7444742532371187        2.0167692728293534        7.0564127971729640        1.7336414690268422        6.7032018289164883        1.6259440769276499     
   6.8000003695487976E-002   7.3841121493435464        1.8287575507072233        6.7565949712593074        1.5842524497288846        6.4225586750718096        1.4879108974345261     
   7.2000004351139069E-002   7.0609066834648093        1.6642996159026617        6.4798674452280176        1.4515339258016224        6.1625823213590989        1.3649013355994564     
   7.6000005006790161E-002   6.7685417420855307        1.5190508238993783        6.2236482146927523        1.3325960895277638        5.9211568292453016        1.2543388662973598     
   8.0000005662441254E-002   6.5024472444352996        1.3901862260543814        5.9865452113832536        1.2254502265373519        5.6971927774653963        1.1544622456717661     
   8.4000006318092346E-002   6.2592985461404380        1.2755292818085882        5.7670576825191509        1.1289154299910853        5.4894559972132635        1.0642475194927061     
   8.8000006973743439E-002   6.0361852709478674        1.1731564684893339        5.5649971660301292        1.0413648958349837        5.2980323810590573       0.98218216555048088     
   9.2000007629394531E-002   5.8300544178508886        1.0811361612218744        5.3769115058012309       0.96182104192878615        5.1196156741602739       0.90747369356904617     
   9.6000000834465027E-002   5.6388964016596237       0.99819339118281925        5.2011830167236157       0.88932477865338622        4.9527091966721430       0.83927893852147595     
  0.10000000149011612        5.4610291196301386       0.92319360088195523        5.0365190040562045       0.82330359728440350        4.7961230853401782       0.77709741225810536     
  0.10400000214576721        5.2951946364993390       0.85539129474450537        4.8817143505369733       0.76309999057674593        4.6486820541762333       0.72033733379691445     
  0.10800000280141830        5.1398588668628848       0.79381542477488587        4.7357947141503445       0.70800288404346789        4.5094958260136204       0.66834941473227338     
  0.11200000345706940        4.9935425961340032       0.73761875204378513        4.5976967539023628       0.65756009878665722        4.3776754738215677       0.62072351732459585     
  0.11600000411272049        4.8554997466717476       0.68627293473878281        4.4669706055122038       0.61122791639199470        4.2528312421666303       0.57695806295208096     
  0.12000000476837158        4.7250129143045818       0.63922706303637888        4.3430725707093947       0.56873803427974789        4.1344727980099414       0.53680805201686310     
  0.12400000542402267        4.6013708293737228       0.59617712688908631        4.2255022257479986       0.52990504649259373        4.0221924308298185       0.50010597619311481     
  0.12800000607967377        4.4840916052338269       0.55682099886480074        4.1140486661802758       0.49443921050750489        3.9158752978323608       0.46658457763894817     
  0.13199999928474426        4.3724055619936983       0.52062642288296579        4.0078429295772962       0.46180723987300704        3.8145415422384352       0.43573791607501289     
  0.13600000739097595        4.2657454201472520       0.48716503181671178        3.9063471115144934       0.43164152325866517        3.7176670581014974       0.40722070560678980     
  0.14000000059604645        4.1637390935794212       0.45623835946714120        3.8086546753591657       0.40373758201033294        3.6243778538327045       0.38084101957829719     
  0.14400000870227814        4.0658575108974082       0.42768101621101329        3.7149345654294237       0.37799785116200763        3.5348261223822597       0.35650733028390380     
  0.14800000190734863        3.9719287992678338       0.40124477872923303        3.6246074813199294       0.35415125642651135        3.4484113189738701       0.33396658131085438     
  0.15200001001358032        3.8814978604264212       0.37674558790564583        3.5373425868891619       0.33205460084922406        3.3647449953523818       0.31308686836738631     
  0.15600000321865082        3.7944270580750969       0.35399830148239414        3.4530930773262170       0.31155136305014264        3.2839275337488663       0.29371279013233720     
  0.16000001132488251        3.7104342774539667       0.33285718077691262        3.3716771010889293       0.29249821313979452        3.2058009548789861       0.27570851446834177     
  0.16400000452995300        3.6291978742124944       0.31319962599533757        3.2929079690093785       0.27477830690798410        3.1302002108516866       0.25896334875770327     
  0.16800001263618469        3.5506930487344985       0.29488646662974527        3.2165874549276046       0.25827671254900664        3.0569473841244088       0.24336856062004097     
  0.17200000584125519        3.4746258120961668       0.27781618000011848        3.1426048244846321       0.24289330422523581        2.9859460209480999       0.22882947896688288     
  0.17600001394748688        3.4008034175347825       0.26189245602613764        3.0708467660952925       0.22853976167655388        2.9171509059981182       0.21526002791448462     
  0.18000000715255737        3.3292265133887788       0.24701380713503995        3.0011819580207155       0.21513148152604400        2.8504651515014143       0.20257965726355875     
  0.18400001525878906        3.2596383270372513       0.23310556158733761        2.9334795514591403       0.20260061247513172        2.7856654175138482       0.19072925014665562     
  0.18800000846385956        3.1918915240857975       0.22009560427210043        2.8676245896016042       0.19088363892098975        2.7226347333243441       0.17964918582399000     
  0.19200000166893005        3.1260202438980595       0.20790764712745033        2.8034869444091668       0.17991623612535274        2.6612428843678959       0.16927897797247154     
  0.19600000977516174        3.0618250574207488       0.19648485855158912        2.7410148951906428       0.16964258325076703        2.6014351061873420       0.15956606543696089     
  0.20000000298023224        2.9991528203079438       0.18577444183379177        2.6801221708269147       0.16001613502344753        2.5431246330603434       0.15046655267914180     
  0.20400001108646393        2.9380648091710082       0.17571807914462445        2.6206999850384758       0.15098847275353805        2.4862041434714395       0.14193473705113527     
  0.20800000429153442        2.8784357504723133       0.16627082026328455        2.5627244061614514       0.14251532322488145        2.4305789530365871       0.13393063016466444     
  0.21200001239776611        2.8201145750850851       0.15739313668115579        2.5061148307162604       0.13456156164443892        2.3762028865062583       0.12641991699900201     
  0.21600000560283661        2.7631002782640541       0.14904334051012991        2.4508020851343884       0.12709035680719410        2.3230632433801226       0.11936626506342174     
  0.22000001370906830        2.7073906486465105       0.14118260679503195        2.3967402884783522       0.12006552933766945        2.2711219387914610       0.11273531034938916     
  0.22400000691413879        2.6528620163531786       0.13378022602350906        2.3438917418353791       0.11345795406004648        2.2203478912081476       0.10649936012454672     
  0.22800001502037048        2.5994156646350528       0.12680732847764289        2.2922079670919251       0.10724191908843977        2.1706991263499229       0.10063396418027797     
  0.23200000822544098        2.5471066616849489       0.12023252786338245        2.2416176355383155       0.10139028574713367        2.1221114981402494        9.5113371294975782E-002
  0.23600001633167267        2.4958866314446628       0.11402946580944229        2.1921161429113192        9.5876542669851461E-002   2.0745835658304341        8.9912452699443299E-002
  0.24000000953674316        2.4456648043816456       0.10817539329650545        2.1436580746675209        9.0680889616431240E-002   2.0280747108076307        8.5012401924787886E-002
  0.24400001764297485        2.3963705842369096       0.10264886542896215        2.0961816766555343        8.5783102102349851E-002   1.9825720244433374        8.0393370416292409E-002
  0.24800001084804535        2.3480542515846414        9.7427191641809421E-002   2.0496559903390312        8.1164118288759912E-002   1.9380050201363503        7.6037994209200668E-002
  0.25200000405311584        2.3006799859944693        9.2491201845844348E-002   2.0040898638164073        7.6804551735638382E-002   1.8943743937775444        7.1928052367625825E-002
  0.25600001215934753        2.2541822098830924        8.7823939614586635E-002   1.9594520249659224        7.2689906100005183E-002   1.8516490168151978        6.8049815682090703E-002
  0.26000002026557922        2.2085034403362029        8.3409651416873273E-002   1.9157172020080016        6.8806603505675190E-002   1.8098035458538391        6.4390420715331492E-002
  0.26399999856948853        2.1636655439327508        7.9232199237740816E-002   1.8728430826817879        6.5139710066115228E-002   1.7687966623305724        6.0935743453998117E-002
  0.26800000667572021        2.1196657620218078        7.5276751239571088E-002   1.8308233323497927        6.1674312034182326E-002   1.7286211395781095        5.7671687982046027E-002
  0.27200001478195190        2.0764572335369080        7.1530462307074341E-002   1.7896476324350641        5.8398821983084152E-002   1.6892660433396403        5.4587278716241208E-002
  0.27600002288818359        2.0339971345117411        6.7981333957397541E-002   1.7492871414107118        5.5303503827231294E-002   1.6507030049733464        5.1673277051194184E-002
  0.28000000119209290        1.9922611288624061        6.4618008022493539E-002   1.7097183513858678        5.2377618914885300E-002   1.6129108692219589        4.8919552267803104E-002
  0.28400000929832458        1.9512750971004840        6.1429090616057662E-002   1.6709130303012689        4.9609600727612224E-002   1.5758671779557925        4.6315257438209419E-002
  0.28800001740455627        1.9110138312095841        5.8404623618706734E-002   1.6328773438488347        4.6990023519098534E-002   1.5395685043018841        4.3851315318462737E-002
  0.29200002551078796        1.8714470739808973        5.5535373882742933E-002   1.5955901060227697        4.4511291473253146E-002   1.5039935404181535        4.1520510561838600E-002
  0.29600000381469727        1.8325470841250080        5.2812735199084318E-002   1.5590311350316433        4.2166494757777999E-002   1.4691220480576248        3.9316275478277221E-002
  0.30000001192092896        1.7942999848803347        5.0228549010909243E-002   1.5231763269444882        3.9947547786452688E-002   1.4349302118272198        3.7230953406043842E-002
  0.30400002002716064        1.7567159616852763        4.7775039622190582E-002   1.4880089567682566        3.7846304180448029E-002   1.4014012924417809        3.5256841043056583E-002
  0.30800002813339233        1.7197777605560534        4.5444923680889440E-002   1.4535327927457951        3.5855756168057647E-002   1.3685379354134832        3.3387304345280297E-002
  0.31200000643730164        1.6834677454583640        4.3231410004377961E-002   1.4197331547947787        3.3970452955991264E-002   1.3363254691730022        3.1617166613511008E-002
  0.31600001454353333        1.6477682517330288        4.1128095355513088E-002   1.3865901810007968        3.2185459474846231E-002   1.3047444130397685        2.9941736285228622E-002
  0.32000002264976501        1.6126651579922171        3.9129111608433645E-002   1.3540862633065369        3.0494976339969893E-002   1.2737775060604974        2.8355523862797952E-002
  0.32400000095367432        1.5781551110751373        3.7229184393869560E-002   1.3222048443594101        2.8892790441438752E-002   1.2433927972845304        2.6852524247817148E-002
  0.32800000905990601        1.5442295637224537        3.5422913341798819E-002   1.2909464965164439        2.7373702267610534E-002   1.2135972453340549        2.5427890699153889E-002
  0.33200001716613770        1.5108795697291819        3.3705227996438880E-002   1.2603052658677953        2.5933775010466200E-002   1.1843966129075714        2.4077988800565008E-002
  0.33600002527236938        1.4780957953419400        3.2071361579120432E-002   1.2302667882647174        2.4569387210875978E-002   1.1557778453719980        2.2799381684065232E-002
  0.34000000357627869        1.4458690526822475        3.0516854098051178E-002   1.2008121837051065        2.3276828444170557E-002   1.1277235685402243        2.1588552298472913E-002
  0.34400001168251038        1.4141820637915068        2.9037940791701865E-002   1.1719313376622889        2.2051582160436848E-002   1.1002245720653023        2.0441239317012003E-002
  0.34800001978874207        1.3830244664296538        2.7630988875984662E-002   1.1436169525435422        2.0889484469430286E-002   1.0732742231030170        1.9353513458994505E-002
  0.35200002789497375        1.3523944439301943        2.6292123381233403E-002   1.1158647629429355        1.9787236670847502E-002   1.0468686508259539        1.8322251039872197E-002
  0.35600000619888306        1.3222895950758744        2.5017716052522832E-002   1.0886697283737659        1.8741999137970877E-002   1.0210031861779145        1.7344756767535996E-002
  0.36000001430511475        1.2927061381068510        2.3804331279699983E-002   1.0620146947915912        1.7751353410637119E-002  0.99566172536728292        1.6418727417270695E-002
  0.36400002241134644        1.2636401832802138        2.2648772882115847E-002   1.0358849519607030        1.6812466185922071E-002  0.97083042859284974        1.5541478961223407E-002
  0.36800003051757812        1.2350661451758458        2.1548706821706159E-002   1.0102768830567912        1.5922084138608149E-002  0.94650650489673349        1.4709946257612534E-002
  0.37200000882148743        1.2069703302089914        2.0501639016531882E-002  0.98517798379101484        1.5077054960333878E-002  0.92268823465337690        1.3921207617310159E-002
  0.37600001692771912        1.1793547011067780        1.9504689354389100E-002  0.96058618999883694        1.4275379918157770E-002  0.89936158341638672        1.3173300456101761E-002
  0.38000002503395081        1.1522207682260550        1.8555173804175189E-002  0.93649893013420260        1.3514992854285174E-002  0.87652352517061360        1.2464262223145374E-002
  0.38400000333786011        1.1255690581859561        1.7650567747800536E-002  0.91290325553980456        1.2794186642644494E-002  0.85416133247019910        1.1792464310985523E-002
  0.38800001144409180        1.0993986364767845        1.6788476564037761E-002  0.88978132056020010        1.2111124716226022E-002  0.83225771977618324        1.1156161269013708E-002
  0.39200001955032349        1.0736931152119993        1.5967054114103298E-002  0.86713280432798745        1.1463423781601785E-002  0.81081183949258695        1.0553107500994741E-002
  0.39600002765655518        1.0484176848034725        1.5185064475942712E-002  0.84495254846284207        1.0848905844755171E-002  0.78981832748857261        9.9812503849889562E-003
  0.40000000596046448        1.0235769793446106        1.4440420104250415E-002  0.82322791402562057        1.0265893944818465E-002  0.76926483869344831        9.4390017429238308E-003
  0.40400001406669617       0.99917561661572396        1.3731097151724339E-002  0.80195744991619011        9.7128770605005993E-003  0.74914949811074849        8.9249285100682519E-003
  0.40800002217292786       0.97521759258925134        1.3055206291440092E-002  0.78113879293456767        9.1884608700305882E-003  0.72946959348192897        8.4377074026893116E-003
  0.41200003027915955       0.95170564895080056        1.2410962631295026E-002  0.76074974360000014        8.6916525879051128E-003  0.71020389282070795        7.9763857938547934E-003
  0.41600000858306885       0.92864173142407436        1.1796688784157247E-002  0.74078524312169591        8.2208915408753941E-003  0.69134720951407547        7.5394918895880653E-003
  0.42000001668930054       0.90599581237629379        1.1211461773234467E-002  0.72124484144766787        7.7743991962884581E-003  0.67289640935827888        7.1253242579574572E-003
  0.42400002479553223       0.88373802666704593        1.0654462783649303E-002  0.70212070488007039        7.3508091415157399E-003  0.65484481625218860        6.7326127883121376E-003
  0.42800003290176392       0.86187530046309890        1.0124130020601408E-002  0.68340133814750292        6.9491136258562581E-003  0.63718283866578240        6.3604232726750609E-003
  0.43200001120567322       0.84041355655675565        9.6189948878003459E-003  0.66508712823019578        6.5682472457359222E-003  0.61991051008946385        6.0077485559694044E-003
  0.43600001931190491       0.81935713648481479        9.1376624268835593E-003  0.64717604297646747        6.2072166149864279E-003  0.60302559499779718        5.6736488507858757E-003
  0.44000002741813660       0.79870985654070603        8.6788285695342127E-003  0.62964644774441714        5.8654266687983734E-003  0.58650758670059411        5.3575497376617829E-003
  0.44400003552436829       0.77847445380087810        8.2412599603806248E-003  0.61249358880974425        5.5417949814931941E-003  0.57035172702813719        5.0584327495222046E-003
  0.44800001382827759       0.75863492248538666        7.8241664174647542E-003  0.59572024151368086        5.2351216333299628E-003  0.55456027131998498        4.7751743005836544E-003
  0.45200002193450928       0.73914436357187585        7.4274353382840670E-003  0.57932194541410387        4.9443508540247634E-003  0.53912872477491913        4.5067844399882089E-003
  0.45600003004074097       0.72000738961446820        7.0499752475941839E-003  0.56328081052262391        4.6687785202659303E-003  0.52404009393001760        4.2525955449978078E-003
  0.46000000834465027       0.70123074742644820        6.6906933988515561E-003  0.54759641873084630        4.4076582488621766E-003  0.50929365490446432        4.0119027746382020E-003
  0.46400001645088196       0.68281972671358826        6.3485511401116150E-003  0.53226881219036093        4.1602636159340876E-003  0.49488910462477320        3.7840207779185355E-003
  0.46800002455711365       0.66477908394489216        6.0225762130535158E-003  0.51728817188557419        3.9260793575780772E-003  0.48081696840996119        3.5684575188265305E-003
  0.47200003266334534       0.64711255799380052        5.7118484159646580E-003  0.50263648513217463        3.7046316202618188E-003  0.46706029018943535        3.3647592590361854E-003
  0.47600001096725464       0.62982321081532133        5.4155012295348864E-003  0.48831688503724807        3.4950297568858211E-003  0.45362180340803415        3.1720949454944812E-003
  0.48000001907348633       0.61288018122883892        5.1333346624894546E-003  0.47433156864175002        3.2965142894753503E-003  0.44050290854269236        2.9897550509485971E-003
  0.48400002717971802       0.59624783551886051        4.8652968268718200E-003  0.46067052296791899        3.1084648122674994E-003  0.42769396476734062        2.8171573710671642E-003
  0.48800003528594971       0.57993294877951351        4.6105598169258076E-003  0.44731881636119047        2.9304572802383712E-003  0.41518077101946227        2.6538987745738591E-003
  0.49200001358985901       0.56394161187424929        4.3683411070539564E-003  0.43427702232295062        2.7619713999333831E-003  0.40296353528849593        2.4994899500601652E-003
  0.49600002169609070       0.54827869332855594        4.1378962983781836E-003  0.42154498378561855        2.6025094687584507E-003  0.39104178505427556        2.3534631106150840E-003
  0.50000000000000000       0.53294873326737646        3.9185290120177076E-003  0.40911383459821182        2.4517565283132640E-003  0.37940697023410697        2.2155166819200489E-003
  0.50400000810623169       0.51795507128300999        3.7095747659571278E-003  0.39696629420067364        2.3094740253862306E-003  0.36804274337036696        2.0854186426706384E-003
  0.50800001621246338       0.50330070904921387        3.5104104085705119E-003  0.38510497446424813        2.1750379905873425E-003  0.35695122883753017        1.9625899088973435E-003
  0.51200002431869507       0.48897368692554743        3.3207247627450383E-003  0.37353240115886427        2.0478520981912418E-003  0.34613446927467983        1.8464778217095713E-003
  0.51600003242492676       0.47492591479297247        3.1409239276940777E-003  0.36224469658198805        1.9274165539975231E-003  0.33558857166506223        1.7366181045427365E-003
  0.52000004053115845       0.46115799890895581        2.9704623219162312E-003  0.35122283502845852        1.8134996337202136E-003  0.32529561032971127        1.6327889178844668E-003
  0.52400004863739014       0.44767465627477843        2.8087342710925219E-003  0.34046556622056939        1.7058105382050091E-003  0.31525414298580667        1.5347158251425262E-003
  0.52799999713897705       0.43448013187009688        2.6551698237718964E-003  0.32997290742711954        1.6040533545753721E-003  0.30546382157032403        1.4421193017146992E-003
  0.53200000524520874       0.42157746464289791        2.5092238397598542E-003  0.31974315340337384        1.5079507675397131E-003  0.29592248579206581        1.3547342699109651E-003
  0.53600001335144043       0.40896971217586803        2.3703879399166118E-003  0.30976620109864150        1.4178480558464709E-003  0.28662092459321936        1.2728653149717353E-003
  0.54000002145767212       0.39665920171147456        2.2381795785216744E-003  0.30003266585073435        1.3331495303882069E-003  0.27755020855029072        1.1959663372351568E-003
  0.54400002956390381       0.38464776795998379        2.1121428273235712E-003  0.29053704079466858        1.2529090362116671E-003  0.26870501547498282        1.1231787801977307E-003
  0.54800003767013550       0.37291892433776036        1.9921895693793819E-003  0.28127393780687077        1.1762551837891818E-003  0.26008013822763648        1.0537134368752089E-003
  0.55200004577636719       0.36143167150071431        1.8787364673065892E-003  0.27224857534543057        1.1038212794139747E-003  0.25168013845156834        9.8812934734937292E-004
  0.55600005388259888       0.35018826383326307        1.7714016935716822E-003  0.26346059903809566        1.0362907264659588E-003  0.24350442129960972        9.2702869695908061E-004
  0.56000000238418579       0.33919263279370376        1.6697879954932766E-003  0.25489423659917443        9.7248660516084846E-004  0.23553820241918991        8.6935012395390732E-004
  0.56400001049041748       0.32844770831190256        1.5735147200187862E-003  0.24654886718976871        9.1227558947542110E-004  0.22778067884031505        8.1496681373371168E-004
  0.56800001859664917       0.31795643683905256        1.4822257692916913E-003  0.23841935793438687        8.5549106357908926E-004  0.22022688574001703        7.6372263267708216E-004
  0.57200002670288086       0.30772115485176182        1.3955824078263999E-003  0.23050129336371983        8.0200283387189960E-004  0.21287252560188863        7.1549434702806200E-004
  0.57600003480911255       0.29774378513207717        1.3132638202663358E-003  0.22279168263730761        7.5161067672623006E-004  0.20571462489941839        6.7009668941517026E-004
  0.58000004291534424       0.28802586540232628        1.2349661692470273E-003  0.21528514700553425        7.0414724993387852E-004  0.19874800963145628        6.2737419330751397E-004
  0.58400005102157593       0.27856696676875831        1.1604320880903159E-003  0.20797794581532142        6.5946110438511478E-004  0.19196902441671368        5.8718597983964599E-004
  0.58799999952316284       0.26933123607523551        1.0900789675350150E-003  0.20086603357339886        6.1739781492227267E-004  0.18537404547880562        5.4938886319210237E-004
  0.59200000762939453       0.26030497853267015        1.0238866429860217E-003  0.19394310869382597        5.7780602212253356E-004  0.17895757575004154        5.1384273440149288E-004
  0.59600001573562622       0.25149039581030913        9.6155303615330613E-004  0.18720797491591762        5.4055256539798160E-004  0.17271739372535999        4.8042444063196719E-004
  0.60000002384185791       0.24288922141150021        9.0279082264922011E-004  0.18065638672787904        5.0552360706019748E-004  0.16664938133607232        4.4902810048715806E-004
