 gamma g3f pt DY-RATIO error R_dy tmp element 
   1.8989898989898990        0.0000000000000000       0.75000000000000000       0.97199999999999998        6.7000000000000004E-002  0.99019548791118728        7.3752679956819611E-002 W
   1.8989898989898990        5.0505050505050509E-003  0.75000000000000000       0.97199999999999998        6.7000000000000004E-002  0.98976312953892231        7.0289323015490152E-002 W
   1.8989898989898990        1.0101010101010102E-002  0.75000000000000000       0.97199999999999998        6.7000000000000004E-002  0.98948675217044890        6.8119069162552948E-002 W
   1.8989898989898990        1.5151515151515152E-002  0.75000000000000000       0.97199999999999998        6.7000000000000004E-002  0.98936936378130957        6.7207573661721906E-002 W
   1.8989898989898990        2.0202020202020204E-002  0.75000000000000000       0.97199999999999998        6.7000000000000004E-002  0.98909313467890070        6.5086935431285020E-002 W
   1.8989898989898990        2.5252525252525252E-002  0.75000000000000000       0.97199999999999998        6.7000000000000004E-002  0.98881700097771252        6.3001007325547961E-002 W
   1.8989898989898990        3.0303030303030304E-002  0.75000000000000000       0.97199999999999998        6.7000000000000004E-002  0.98854096313184137        6.0949757480270900E-002 W
   1.8989898989898990        3.5353535353535352E-002  0.75000000000000000       0.97199999999999998        6.7000000000000004E-002  0.98826502159182716        5.8933153794298206E-002 W
   1.8989898989898990        4.0404040404040407E-002  0.75000000000000000       0.97199999999999998        6.7000000000000004E-002  0.98798917680467446        5.6951163932087462E-002 W
   1.8989898989898990        4.5454545454545456E-002  0.75000000000000000       0.97199999999999998        6.7000000000000004E-002  0.98771342921387573        5.5003755326238329E-002 W
   1.8989898989898990        5.0505050505050504E-002  0.75000000000000000       0.97199999999999998        6.7000000000000004E-002  0.98743777925943366        5.3090895179995705E-002 W
   1.8989898989898990        5.5555555555555552E-002  0.75000000000000000       0.97199999999999998        6.7000000000000004E-002  0.98706869759740234        5.0582679278672292E-002 W
   1.8989898989898990        6.0606060606060608E-002  0.75000000000000000       0.97199999999999998        6.7000000000000004E-002  0.98679326183084448        4.8750411137429478E-002 W
   1.8989898989898990        6.5656565656565663E-002  0.75000000000000000       0.97199999999999998        6.7000000000000004E-002  0.98651792499725066        4.6952583253685967E-002 W
   1.8989898989898990        7.0707070707070704E-002  0.75000000000000000       0.97199999999999998        6.7000000000000004E-002  0.98624268752288702        4.5189161923502384E-002 W
   1.8989898989898990        7.5757575757575760E-002  0.75000000000000000       0.97199999999999998        6.7000000000000004E-002  0.98596754983064205        4.3460113225990096E-002 W
   1.8989898989898990        8.0808080808080815E-002  0.75000000000000000       0.97199999999999998        6.7000000000000004E-002  0.98569251234004385        4.1765403025674691E-002 W
   1.8989898989898990        8.5858585858585856E-002  0.75000000000000000       0.97199999999999998        6.7000000000000004E-002  0.98541757546728626        4.0104996974899221E-002 W
   1.8989898989898990        9.0909090909090912E-002  0.75000000000000000       0.97199999999999998        6.7000000000000004E-002  0.98514273962524657        3.8478860516156579E-002 W
   1.8989898989898990        9.5959595959595953E-002  0.75000000000000000       0.97199999999999998        6.7000000000000004E-002  0.98486800522350815        3.6886958884436084E-002 W
   1.8989898989898990       0.10101010101010101       0.75000000000000000       0.97199999999999998        6.7000000000000004E-002  0.98444660337276158        3.4510567056992736E-002 W
   1.8989898989898990       0.10606060606060606       0.75000000000000000       0.97199999999999998        6.7000000000000004E-002  0.98417210011073075        3.3005128337191394E-002 W
   1.8989898989898990       0.11111111111111110       0.75000000000000000       0.97199999999999998        6.7000000000000004E-002  0.98389769949421324        3.1533805581332716E-002 W
   1.8989898989898990       0.11616161616161616       0.75000000000000000       0.97199999999999998        6.7000000000000004E-002  0.98362340191982589        3.0096563196661340E-002 W
   1.8989898989898990       0.12121212121212122       0.75000000000000000       0.97199999999999998        6.7000000000000004E-002  0.98334920778099533        2.8693365394565698E-002 W
   1.8989898989898990       0.12626262626262627       0.75000000000000000       0.97199999999999998        6.7000000000000004E-002  0.98307511746797915        2.7324176192812993E-002 W
   1.8989898989898990       0.13131313131313133       0.75000000000000000       0.97199999999999998        6.7000000000000004E-002  0.98280113136788394        2.5988959417751596E-002 W
   1.8989898989898990       0.13636363636363635       0.75000000000000000       0.97199999999999998        6.7000000000000004E-002  0.98252724986468720        2.4687678706517537E-002 W
   1.8989898989898990       0.14141414141414141       0.75000000000000000       0.97199999999999998        6.7000000000000004E-002  0.98225347333925528        2.3420297509204564E-002 W
   1.8989898989898990       0.14646464646464646       0.75000000000000000       0.97199999999999998        6.7000000000000004E-002  0.98197980216936687        2.2186779091044797E-002 W
   1.8989898989898990       0.15151515151515152       0.75000000000000000       0.97199999999999998        6.7000000000000004E-002  0.98161838878821428        2.0608911312373943E-002 W
   1.8989898989898990       0.15656565656565657       0.75000000000000000       0.97199999999999998        6.7000000000000004E-002  0.98134494527453031        1.9453776383151447E-002 W
   1.8989898989898990       0.16161616161616163       0.75000000000000000       0.97199999999999998        6.7000000000000004E-002  0.98107160822913408        1.8332384910424077E-002 W
   1.8989898989898990       0.16666666666666666       0.75000000000000000       0.97199999999999998        6.7000000000000004E-002  0.98079837801763958        1.7244699430003087E-002 W
   1.8989898989898990       0.17171717171717171       0.75000000000000000       0.97199999999999998        6.7000000000000004E-002  0.98052525500266774        1.6190682303522327E-002 W
   1.8989898989898990       0.17676767676767677       0.75000000000000000       0.97199999999999998        6.7000000000000004E-002  0.98025223954386487        1.5170295720500653E-002 W
   1.8989898989898990       0.18181818181818182       0.75000000000000000       0.97199999999999998        6.7000000000000004E-002  0.97992613798975825        1.3995024155199228E-002 W
   1.8989898989898990       0.18686868686868688       0.75000000000000000       0.97199999999999998        6.7000000000000004E-002  0.97965334815329874        1.3048282012831730E-002 W
   1.8989898989898990       0.19191919191919191       0.75000000000000000       0.97199999999999998        6.7000000000000004E-002  0.97938066693299008        1.2135051097289736E-002 W
   1.8989898989898990       0.19696969696969696       0.75000000000000000       0.97199999999999998        6.7000000000000004E-002  0.97910809467677207        1.1255292923581140E-002 W
   1.8989898989898990       0.20202020202020202       0.75000000000000000       0.97199999999999998        6.7000000000000004E-002  0.97883563172970389        1.0408968844761630E-002 W
   1.8989898989898990       0.20707070707070707       0.75000000000000000       0.97199999999999998        6.7000000000000004E-002  0.97856327843398316        9.5960400539070630E-003 W
   1.8989898989898990       0.21212121212121213       0.75000000000000000       0.97199999999999998        6.7000000000000004E-002  0.97829103512896343        8.8164675860664243E-003 W
   1.8989898989898990       0.21717171717171718       0.75000000000000000       0.97199999999999998        6.7000000000000004E-002  0.97793463684330606        7.8458263448264662E-003 W
   1.8989898989898990       0.22222222222222221       0.75000000000000000       0.97199999999999998        6.7000000000000004E-002  0.97775709212857698        7.3834060541152291E-003 W
   1.8989898989898990       0.22727272727272727       0.75000000000000000       0.97199999999999998        6.7000000000000004E-002  0.97748517126858570        6.7024067377407601E-003 W
   1.8989898989898990       0.23232323232323232       0.75000000000000000       0.97199999999999998        6.7000000000000004E-002  0.97721336173619167        6.0546091762948614E-003 W
   1.8989898989898990       0.23737373737373738       0.75000000000000000       0.97199999999999998        6.7000000000000004E-002  0.97694166386151304        5.4399736511882915E-003 W
   1.8989898989898990       0.24242424242424243       0.75000000000000000       0.97199999999999998        6.7000000000000004E-002  0.97667007795787952        4.8584602656877723E-003 W
   1.8989898989898990       0.24747474747474749       0.75000000000000000       0.97199999999999998        6.7000000000000004E-002  0.97639860434995274        4.3100290103415808E-003 W
   1.8989898989898990       0.25252525252525254       0.75000000000000000       0.97199999999999998        6.7000000000000004E-002  0.97612724335500778        3.7946397218659089E-003 W
   1.8989898989898990       0.25757575757575757       0.75000000000000000       0.97199999999999998        6.7000000000000004E-002  0.97585599528763334        3.3122520958455549E-003 W
   1.8989898989898990       0.26262626262626265       0.75000000000000000       0.97199999999999998        6.7000000000000004E-002  0.97558486045974990        2.8628256885449904E-003 W
   1.8989898989898990       0.26767676767676768       0.75000000000000000       0.97199999999999998        6.7000000000000004E-002  0.97518220942842493        2.2558380143365264E-003 W
   1.8989898989898990       0.27272727272727271       0.75000000000000000       0.97199999999999998        6.7000000000000004E-002  0.97491132444064454        1.8881287588982875E-003 W
   1.8989898989898990       0.27777777777777779       0.75000000000000000       0.97199999999999998        6.7000000000000004E-002  0.97464055360939628        1.5532464611485480E-003 W
   1.8989898989898990       0.28282828282828282       0.75000000000000000       0.97199999999999998        6.7000000000000004E-002  0.97436989723609491        1.2511501246715065E-003 W
   1.8989898989898990       0.28787878787878790       0.75000000000000000       0.97199999999999998        6.7000000000000004E-002  0.97409935561957062        9.8179862272729625E-004 W
   1.8989898989898990       0.29292929292929293       0.75000000000000000       0.97199999999999998        6.7000000000000004E-002  0.97382892905608520        7.4515069997611882E-004 W
   1.8989898989898990       0.29797979797979796       0.75000000000000000       0.97199999999999998        6.7000000000000004E-002  0.97355861783934794        5.4116497418884300E-004 W
   1.8989898989898990       0.30303030303030304       0.75000000000000000       0.97199999999999998        6.7000000000000004E-002  0.97328842226053247        3.6979993794512497E-004 W
   1.8989898989898990       0.30808080808080807       0.75000000000000000       0.97199999999999998        6.7000000000000004E-002  0.97301834260829156        2.3101396031680036E-004 W
   1.8989898989898990       0.31313131313131315       0.75000000000000000       0.97199999999999998        6.7000000000000004E-002  0.97274837916877477        1.2476528853999782E-004 W
   1.8989898989898990       0.31818181818181818       0.75000000000000000       0.97199999999999998        6.7000000000000004E-002  0.97240012608624893        3.5665155913768006E-005 W
   1.8989898989898990       0.32323232323232326       0.75000000000000000       0.97199999999999998        6.7000000000000004E-002  0.97213040892493408        3.7884802188611583E-006 W
   1.8989898989898990       0.32828282828282829       0.75000000000000000       0.97199999999999998        6.7000000000000004E-002  0.97186080881834458        4.3159244933449358E-006 W
   1.8989898989898990       0.33333333333333331       0.75000000000000000       0.97199999999999998        6.7000000000000004E-002  0.97159132604277088        3.7205258034593916E-005 W
   1.8989898989898990       0.33838383838383840       0.75000000000000000       0.97199999999999998        6.7000000000000004E-002  0.97132196087207923        1.0241413655413886E-004 W
   1.8989898989898990       0.34343434343434343       0.75000000000000000       0.97199999999999998        6.7000000000000004E-002  0.97105271357772538        1.9990010377050649E-004 W
   1.8989898989898990       0.34848484848484851       0.75000000000000000       0.97199999999999998        6.7000000000000004E-002  0.97078358442876955        3.2962059298993871E-004 W
   1.8989898989898990       0.35353535353535354       0.75000000000000000       0.97199999999999998        6.7000000000000004E-002  0.97046725629992225        5.2334668080372963E-004 W
   1.8989898989898990       0.35858585858585856       0.75000000000000000       0.97199999999999998        6.7000000000000004E-002  0.97019837194921221        7.2307053539436656E-004 W
   1.8989898989898990       0.36363636363636365       0.75000000000000000       0.97199999999999998        6.7000000000000004E-002  0.96992960653595894        9.5489621206144382E-004 W
   1.8989898989898990       0.36868686868686867       0.75000000000000000       0.97199999999999998        6.7000000000000004E-002  0.96966096031979410        1.2187807140961503E-003 W
   1.8989898989898990       0.37373737373737376       0.75000000000000000       0.97199999999999998        6.7000000000000004E-002  0.96939243355803018        1.5146809421445846E-003 W
   1.8989898989898990       0.37878787878787878       0.75000000000000000       0.97199999999999998        6.7000000000000004E-002  0.96912402650567231        1.8425536957173724E-003 W
   1.8989898989898990       0.38383838383838381       0.75000000000000000       0.97199999999999998        6.7000000000000004E-002  0.96878102267264343        2.3082679959980992E-003 W
   1.8989898989898990       0.38888888888888890       0.75000000000000000       0.97199999999999998        6.7000000000000004E-002  0.96851286774504219        2.7088641932650785E-003 W
   1.8989898989898990       0.39393939393939392       0.75000000000000000       0.97199999999999998        6.7000000000000004E-002  0.96824483327683253        3.1412958607226859E-003 W
   1.8989898989898990       0.39898989898989901       0.75000000000000000       0.97199999999999998        6.7000000000000004E-002  0.96797691951394449        3.6055194023792473E-003 W
   1.8989898989898990       0.40404040404040403       0.75000000000000000       0.97199999999999998        6.7000000000000004E-002  0.96770912670007403        4.1014911285402918E-003 W
   1.8989898989898990       0.40909090909090912       0.75000000000000000       0.97199999999999998        6.7000000000000004E-002  0.96744145507669999        4.6291672572386072E-003 W
   1.8989898989898990       0.41414141414141414       0.75000000000000000       0.97199999999999998        6.7000000000000004E-002  0.96717390488309363        5.1885039156665830E-003 W
   1.8989898989898990       0.41919191919191917       0.75000000000000000       0.97199999999999998        6.7000000000000004E-002  0.96690647635633675        5.7794571415808122E-003 W
   1.8989898989898990       0.42424242424242425       0.75000000000000000       0.97199999999999998        6.7000000000000004E-002  0.96663916973133324        6.4019828847078396E-003 W
   1.8989898989898990       0.42929292929292928       0.75000000000000000       0.97199999999999998        6.7000000000000004E-002  0.96637198524082368        7.0560370081323614E-003 W
   1.8989898989898990       0.43434343434343436       0.75000000000000000       0.97199999999999998        6.7000000000000004E-002  0.96610492311539853        7.7415752896774987E-003 W
   1.8989898989898990       0.43939393939393939       0.75000000000000000       0.97199999999999998        6.7000000000000004E-002  0.96586875759932245        8.3742778738841450E-003 W
   1.8989898989898990       0.44444444444444442       0.75000000000000000       0.97199999999999998        6.7000000000000004E-002  0.96560192155010183        9.1190483072067455E-003 W
   1.8989898989898990       0.44949494949494950       0.75000000000000000       0.97199999999999998        6.7000000000000004E-002  0.96533520855981703        9.8951759726299618E-003 W
   1.8989898989898990       0.45454545454545453       0.75000000000000000       0.97199999999999998        6.7000000000000004E-002  0.96506861885062811        1.0702616314962709E-002 W
   1.8989898989898990       0.45959595959595961       0.75000000000000000       0.97199999999999998        6.7000000000000004E-002  0.96480215264261504        1.1541324700426214E-002 W
   1.8989898989898990       0.46464646464646464       0.75000000000000000       0.97199999999999998        6.7000000000000004E-002  0.96453581015378620        1.2411256417981915E-002 W
   1.8989898989898990       0.46969696969696972       0.75000000000000000       0.97199999999999998        6.7000000000000004E-002  0.96426959160009407        1.3312366680627269E-002 W
   1.8989898989898990       0.47474747474747475       0.75000000000000000       0.97199999999999998        6.7000000000000004E-002  0.96400349719544620        1.4244610626695556E-002 W
   1.8989898989898990       0.47979797979797978       0.75000000000000000       0.97199999999999998        6.7000000000000004E-002  0.96373752715172067        1.5207943321130016E-002 W
   1.8989898989898990       0.48484848484848486       0.75000000000000000       0.97199999999999998        6.7000000000000004E-002  0.96347168167877750        1.6202319756760723E-002 W
   1.8989898989898990       0.48989898989898989       0.75000000000000000       0.97199999999999998        6.7000000000000004E-002  0.96320596098447064        1.7227694855569634E-002 W
   1.8989898989898990       0.49494949494949497       0.75000000000000000       0.97199999999999998        6.7000000000000004E-002  0.96287170896294172        1.8562195869288946E-002 W
   1.8989898989898990       0.50000000000000000       0.75000000000000000       0.97199999999999998        6.7000000000000004E-002  0.96260624871480693        1.9657510182237894E-002 W
