 x kt FF(p) FF(Pb) ratio
  0.75000000000000000        9.9999997764825821E-003  0.10327348948528639        4.8065755775968978E-002  0.46542201697190660     
  0.75000000000000000        1.5959594398736954E-002  0.10357454238454461        4.8334914458511687E-002  0.46666790261121366     
  0.75000000000000000        2.1919190883636475E-002  0.10305726810493489        4.8044675493494754E-002  0.46619395581663142     
  0.75000000000000000        2.7878785505890846E-002  0.10347373665836847        4.8279201544335050E-002  0.46658411209923628     
  0.75000000000000000        3.3838383853435516E-002  0.10285630715485315        4.7970725662197913E-002  0.46638584437973840     
  0.75000000000000000        3.9797976613044739E-002  0.10279617867639194        4.7953991118267487E-002  0.46649585359811191     
  0.75000000000000000        4.5757569372653961E-002  0.10283084724252950        4.7958012616130925E-002  0.46637768628921805     
  0.75000000000000000        5.1717169582843781E-002  0.10234418289042924        4.7732350571438507E-002  0.46639046034048920     
  0.75000000000000000        5.7676762342453003E-002  0.10207293891719650        4.7624602647397395E-002  0.46657422772975482     
  0.75000000000000000        6.3636362552642822E-002  0.10192412140604293        4.7585167479603521E-002  0.46686855695360713     
  0.75000000000000000        6.9595955312252045E-002  0.10161154629324799        4.7403915815988490E-002  0.46652095697060014     
  0.75000000000000000        7.5555548071861267E-002  0.10116806325581361        4.7197899257315670E-002  0.46652963137162212     
  0.75000000000000000        8.1515140831470490E-002  0.10080583006103297        4.7041531595516523E-002  0.46665487072558393     
  0.75000000000000000        8.7474741041660309E-002  0.10045473910164729        4.6914056266318158E-002  0.46701685441487395     
  0.75000000000000000        9.3434333801269531E-002   9.9908115849276793E-002   4.6660730421045585E-002  0.46703643667386158     
  0.75000000000000000        9.9393934011459351E-002   9.9555113549990568E-002   4.6480398088883559E-002  0.46688107151365871     
  0.75000000000000000       0.10535352677106857        9.9062656477806585E-002   4.6251640029228248E-002  0.46689278961129205     
  0.75000000000000000       0.11131311953067780        9.8583310982166425E-002   4.6039882020734300E-002  0.46701496999895697     
  0.75000000000000000       0.11727271974086761        9.8032044554481279E-002   4.5814038717163164E-002  0.46733737856198670     
  0.75000000000000000       0.12323231250047684        9.7392434255519467E-002   4.5521537295547795E-002  0.46740321918761341     
  0.75000000000000000       0.12919192016124725        9.6777052812388784E-002   4.5240878264846400E-002  0.46747526350642238     
  0.75000000000000000       0.13515150547027588        9.6190800115868932E-002   4.4968545655961679E-002  0.46749320726923721     
  0.75000000000000000       0.14111110568046570        9.5689912634937410E-002   4.4740831263558746E-002  0.46756058221358843     
  0.75000000000000000       0.14707070589065552        9.5064561761686373E-002   4.4468935495170482E-002  0.46777615834013853     
  0.75000000000000000       0.15303029119968414        9.4337344090919331E-002   4.4134675064510256E-002  0.46783885522550500     
  0.75000000000000000       0.15898989140987396        9.3606652421978159E-002   4.3801222581448043E-002  0.46792852268653329     
  0.75000000000000000       0.16494949162006378        9.2871857786533854E-002   4.3471579143208434E-002  0.46808129156980949     
  0.75000000000000000       0.17090909183025360        9.2141968373913100E-002   4.3144222862867718E-002  0.46823639243073251     
  0.75000000000000000       0.17686867713928223        9.1411957867837373E-002   4.2818006355619602E-002  0.46840705914564817     
  0.75000000000000000       0.18282827734947205        9.0734831434470836E-002   4.2529231617376026E-002  0.46872001573167477     
  0.75000000000000000       0.18878787755966187        8.9923493149187572E-002   4.2148957680197115E-002  0.46872019985110996     
  0.75000000000000000       0.19474746286869049        8.9102353412406313E-002   4.1767557852405830E-002  0.46875931165461515     
  0.75000000000000000       0.20070706307888031        8.8272484388659339E-002   4.1387677487446352E-002  0.46886272403095031     
  0.75000000000000000       0.20666666328907013        8.7436523680654965E-002   4.1009223815202986E-002  0.46901708907116740     
  0.75000000000000000       0.21262624859809875        8.6591360655451907E-002   4.0630867815894783E-002  0.46922542281747376     
  0.75000000000000000       0.21858584880828857        8.5751999421140354E-002   4.0252044240416243E-002  0.46940064968902578     
  0.75000000000000000       0.22454544901847839        8.4858584047507124E-002   3.9860677374429526E-002  0.46973064448157625     
  0.75000000000000000       0.23050503432750702        8.4018953253786235E-002   3.9477622007920182E-002  0.46986567291161963     
  0.75000000000000000       0.23646463453769684        8.3099406956709823E-002   3.9056605708984088E-002  0.46999860936830046     
  0.75000000000000000       0.24242423474788666        8.2177864944981055E-002   3.8636239611306279E-002  0.47015385027554135     
  0.75000000000000000       0.24838383495807648        8.1264258038664841E-002   3.8216298147167656E-002  0.47027191374816546     
  0.75000000000000000       0.25434342026710510        8.0345387379131272E-002   3.7796550743079159E-002  0.47042589470290297     
  0.75000000000000000       0.26030299067497253        7.9420820156340624E-002   3.7377281379970803E-002  0.47062321071972407     
  0.75000000000000000       0.26626259088516235        7.8467872839833502E-002   3.6957031468457503E-002  0.47098296577878690     
  0.75000000000000000       0.27222219109535217        7.7497446072506956E-002   3.6509901771897987E-002  0.47111103168147195     
  0.75000000000000000       0.27818179130554199        7.6526364931210816E-002   3.6063784280281320E-002  0.47125960200381767     
  0.75000000000000000       0.28414139151573181        7.5622291570830669E-002   3.5649949577933049E-002  0.47142117538903155     
  0.75000000000000000       0.29010099172592163        7.4644186174131696E-002   3.5202977894468593E-002  0.47161044548528219     
  0.75000000000000000       0.29606056213378906        7.3664547526541613E-002   3.4756743164956576E-002  0.47182456598180544     
  0.75000000000000000       0.30202016234397888        7.2684203651549970E-002   3.4311672961518352E-002  0.47206506005086657     
  0.75000000000000000       0.30797976255416870        7.1705215837558109E-002   3.3867788938097422E-002  0.47231974051681169     
  0.75000000000000000       0.31393936276435852        7.0706454388135720E-002   3.3422693476025001E-002  0.47269649942499736     
  0.75000000000000000       0.31989896297454834        6.9698874144520723E-002   3.2960547038618566E-002  0.47289927481862648     
  0.75000000000000000       0.32585856318473816        6.8703650903063920E-002   3.2500770690495992E-002  0.47305740325724932     
  0.75000000000000000       0.33181816339492798        6.7714903874650317E-002   3.2043146873562897E-002  0.47320670989770891     
  0.75000000000000000       0.33777773380279541        6.6730841183944192E-002   3.1587753353156944E-002  0.47336063494366876     
  0.75000000000000000       0.34373733401298523        6.5808317895548835E-002   3.1163196382021006E-002  0.47354494657473739     
  0.75000000000000000       0.34969693422317505        6.4823519967248500E-002   3.0710141369170028E-002  0.47374998125195994     
  0.75000000000000000       0.35565653443336487        6.3841875048920346E-002   3.0259745854413787E-002  0.47397959147074770     
  0.75000000000000000       0.36161613464355469        6.2857422135190522E-002   2.9812055013614430E-002  0.47428058614138185     
  0.75000000000000000       0.36757573485374451        6.1861790654343926E-002   2.9358297709959427E-002  0.47457885391647470     
  0.75000000000000000       0.37353530526161194        6.0886606451212757E-002   2.8900571183823331E-002  0.47466221010331378     
  0.75000000000000000       0.37949490547180176        5.9915113317359048E-002   2.8450616815586940E-002  0.47484875251573661     
  0.75000000000000000       0.38545450568199158        5.8947806301092705E-002   2.8005305891456628E-002  0.47508648156322486     
  0.75000000000000000       0.39141410589218140        5.7985159004452586E-002   2.7561826527092555E-002  0.47532553157224466     
  0.75000000000000000       0.39737370610237122        5.7024721920467480E-002   2.7119302300711606E-002  0.47557096970214013     
  0.75000000000000000       0.40333330631256104        5.6072796978207516E-002   2.6680106492802860E-002  0.47581194323464876     
  0.75000000000000000       0.40929290652275085        5.5126851063444254E-002   2.6241669999609959E-002  0.47602338050125537     
  0.75000000000000000       0.41525247693061829        5.4187294897221662E-002   2.5806548504588179E-002  0.47624721908587753     
  0.75000000000000000       0.42121207714080811        5.3254507623365747E-002   2.5375224001217153E-002  0.47648969324210999     
  0.75000000000000000       0.42717167735099792        5.2328865522660375E-002   2.4946880743926158E-002  0.47673268844560018     
  0.75000000000000000       0.43313127756118774        5.1403915590459238E-002   2.4521683878738088E-002  0.47703922156640932     
  0.75000000000000000       0.43909087777137756        5.0493722459941583E-002   2.4099791272146606E-002  0.47728291950085089     
  0.75000000000000000       0.44505047798156738        4.9591683794304439E-002   2.3681353390070842E-002  0.47752670565282612     
  0.75000000000000000       0.45101004838943481        4.8698106700770967E-002   2.3265557697037299E-002  0.47775076431603797     
  0.75000000000000000       0.45696964859962463        4.7813267596540983E-002   2.2852964497945896E-002  0.47796282594162581     
  0.75000000000000000       0.46292924880981445        4.6935067468982808E-002   2.2445726167684872E-002  0.47822933635960369     
  0.75000000000000000       0.46888884902000427        4.6068541826047311E-002   2.2041588784829608E-002  0.47845206101937482     
  0.75000000000000000       0.47484844923019409        4.5211513953323408E-002   2.1642435130240181E-002  0.47869299737637494     
  0.75000000000000000       0.48080804944038391        4.4364202712758816E-002   2.1247486906492925E-002  0.47893313994758901     
  0.75000000000000000       0.48676764965057373        4.3526810803390950E-002   2.0856843577472532E-002  0.47917233522304559     
  0.75000000000000000       0.49272722005844116        4.2697355665098594E-002   2.0468416737391852E-002  0.47938370933174718     
  0.75000000000000000       0.49868682026863098        4.1880383558558339E-002   2.0086660413634824E-002  0.47961978155116669     
  0.75000000000000000       0.50464642047882080        4.1070457233621009E-002   1.9709467183054281E-002  0.47989402871609038     
  0.75000000000000000       0.51060599088668823        4.0277881931605607E-002   1.9336910976473141E-002  0.48008758279068497     
  0.75000000000000000       0.51656562089920044        3.9487320230788402E-002   1.8969051669573848E-002  0.48038336252515845     
  0.75000000000000000       0.52252519130706787        3.8712957359695287E-002   1.8605172053698878E-002  0.48059288989037652     
  0.75000000000000000       0.52848482131958008        3.7949494164387726E-002   1.8245663402591976E-002  0.48078805276181868     
  0.75000000000000000       0.53444439172744751        3.7197030013612589E-002   1.7893469267979453E-002  0.48104564427405028     
  0.75000000000000000       0.54040402173995972        3.6455620095020333E-002   1.7544946579305956E-002  0.48126863659363495     
  0.75000000000000000       0.54636359214782715        3.5725337060398127E-002   1.7199426621484805E-002  0.48143497127562535     
  0.75000000000000000       0.55232316255569458        3.5001468292520987E-002   1.6860816934443083E-002  0.48171741806745444     
  0.75000000000000000       0.55828279256820679        3.4296504314281065E-002   1.6527193350569003E-002  0.48189148372439461     
  0.75000000000000000       0.56424236297607422        3.3599832254126424E-002   1.6196776589102246E-002  0.48204932889547703     
  0.75000000000000000       0.57020199298858643        3.2914381044627385E-002   1.5873189665226200E-002  0.48225696979397342     
  0.75000000000000000       0.57616156339645386        3.2235739101023834E-002   1.5554635407093325E-002  0.48252764915197172     
  0.75000000000000000       0.58212113380432129        3.1572814389789421E-002   1.5241114158178389E-002  0.48272903295904251     
  0.75000000000000000       0.58808076381683350        3.0921075756846283E-002   1.4932621043124041E-002  0.48292695766956900     
  0.75000000000000000       0.59404033422470093        3.0280505098314824E-002   1.4627489693190070E-002  0.48306623835030155     
  0.75000000000000000       0.59999996423721313        2.9651048778432217E-002   1.4329046835009178E-002  0.48325598673028852     
