 pt up dp u1 d1 u2 d2
   0.0000000000000000        0.0000000000000000        0.0000000000000000        0.0000000000000000        0.0000000000000000        0.0000000000000000        0.0000000000000000     
   9.9999997764825821E-003  0.47789146291316220       0.17749038909453124       0.27495734127851046       0.10544502484462870       0.23941659707420063        9.2728588545670676E-002
   1.9999999552965164E-002  0.47703704970044036       0.17717305734591821       0.27455724563814238       0.10529158978978469       0.23908141544498299        9.2598769143993342E-002
   2.9999999329447746E-002  0.47557047775513833       0.17662836792288483       0.27385936743294964       0.10502395632947074       0.23849458686567412        9.2371484208268073E-002
   3.9999999105930328E-002  0.47352698612341970       0.17586940871776680       0.27288111595623782       0.10464880085703811       0.23768895126922482        9.2059452992997920E-002
   4.9999997019767761E-002  0.47091936680074159       0.17490093071782270       0.27164095516246228       0.10417320422410978       0.23664612070396318        9.1655553649382215E-002
   5.9999998658895493E-002  0.46775146462134459       0.17372436190655527       0.27013217795701316       0.10359459428711426       0.23537759094135702        9.1164238611694204E-002
   7.0000000298023224E-002  0.46403382591737585       0.17234361922482166       0.26835983585838480       0.10291490828289976       0.23388693672437547        9.0586892415818257E-002
   7.9999998211860657E-002  0.45978051281291143       0.17076392538963509       0.26632878558154516       0.10213600874195203       0.23217834432770651        8.9925136450362445E-002
   8.9999996125698090E-002  0.45500561266102196       0.16899051248813615       0.26404490077679721       0.10126014818533217       0.23025639761034750        8.9180746092556759E-002
   9.9999994039535522E-002  0.44972667595320770       0.16702989882794692       0.26151506484181758       0.10028996636812235       0.22812684625720431        8.8355948256376313E-002
  0.10999999940395355       0.44396091369985702       0.16488847663233897       0.25874609372554169        9.9228077179086133E-002  0.22579561824894995        8.7453038911638720E-002
  0.11999999731779099       0.43772865413761924       0.16257379587220006       0.25574625700081605        9.8077651965859602E-002  0.22326859280408737        8.6474295142055901E-002
  0.12999999523162842       0.43105168760107848       0.16009394954617961       0.25252367064698911        9.6841803173595434E-002  0.22055294315840526        8.5422495217965411E-002
  0.14000000059604645       0.42395120317668600       0.15745680734748319       0.24908777327737219        9.5524150472204611E-002  0.21765621989761919        8.4300563561335695E-002
  0.14999999105930328       0.41645150902058181       0.15467139740158756       0.24544776026125478        9.4128220248503189E-002  0.21458548170285840        8.3111234074269236E-002
  0.15999999642372131       0.40857724605350210       0.15174687142378501       0.24161359863215662        9.2657834819408327E-002  0.21134972916189795        8.1857992779918495E-002
  0.17000000178813934       0.40035445654862267       0.14869290159606144       0.23759598731652962        9.1117097179807607E-002  0.20795715694361230        8.0544013560493746E-002
  0.17999999225139618       0.39180850190108629       0.14551890722016458       0.23340549141353084        8.9510059002363709E-002  0.20441676084369723        7.9172780583124255E-002
  0.18999999761581421       0.38296680024956997       0.14223507147884579       0.22905335920704403        8.7841033958310555E-002  0.20073731807866177        7.7747693356900849E-002
  0.19999998807907104       0.37385679482731082       0.13885158687505419       0.22455111883403964        8.6114443041405170E-002  0.19692835623958599        7.6272442018948061E-002
  0.20999999344348907       0.36450622284901596       0.13537875509738029       0.21991003344687604        8.4334605624880987E-002  0.19299919511208663        7.4750636221129457E-002
  0.21999999880790710       0.35494306249456575       0.13182696732963523       0.21514260637888566        8.2506316686343381E-002  0.18896012817840210        7.3186262738342042E-002
  0.22999998927116394       0.34519592805854826       0.12820685101062951       0.21026013713735173        8.0633909540992046E-002  0.18482050011318457        7.1582940862237127E-002
  0.23999999463558197       0.33529159196641306       0.12452834950319509       0.20527498789438325        7.8722125031675957E-002  0.18059015581609933        6.9944483626921253E-002
  0.25000000000000000       0.32525842770222335       0.12080200080835780       0.20019906311016605        7.6775528470578530E-002  0.17627974893100273        6.8275017301707944E-002
  0.25999999046325684       0.31512389341259200       0.11703800296794148       0.19504472134982109        7.4798859317283334E-002  0.17189826297984162        6.6578021299973172E-002
  0.26999998092651367       0.30491497136352480       0.11324637728021930       0.18982340553841762        7.2796505887129201E-002  0.16745629288438069        6.4857599147341405E-002
  0.28000000119209290       0.29465836711445115       0.10943704227377339       0.18454745717413734        7.0773201094597712E-002  0.16296376756981787        6.3117596421899569E-002
  0.28999999165534973       0.28437932797480436       0.10561937487856131       0.17922859199625005        6.8733437878166825E-002  0.15842977160833488        6.1361531674852095E-002
  0.29999998211860657       0.27410314291753685       0.10180276749850177       0.17387820026439854        6.6681584356197685E-002  0.15386435897025155        5.9593298915588414E-002
  0.31000000238418579       0.26385394377415844        9.7996182771550630E-002  0.16850783690460067        6.4622071795938457E-002  0.14927735035199760        5.7816701804045217E-002
  0.31999999284744263       0.25365490785423989        9.4208228823219831E-002  0.16312812602123888        6.2558974498316586E-002  0.14467723144901029        5.6035026940108930E-002
  0.32999998331069946       0.24352875229121215        9.0447342868159211E-002  0.15775036526545475        6.0496625066708762E-002  0.14007355216903139        5.4251973104383837E-002
  0.34000000357627869       0.23349555127155031        8.6720980522224156E-002  0.15238441219819207        5.8438803835743680E-002  0.13545687044262400        5.2463883283185415E-002
  0.34999999403953552       0.22357652677574355        8.3037023695569409E-002  0.14704084248045657        5.6389566528510349E-002  0.13087167955002288        5.0687990196075887E-002
  0.35999998450279236       0.21378965117427950        7.9402147382997043E-002  0.14172895057409826        5.4352477533419333E-002  0.12630833668008812        4.8920559079978880E-002
  0.37000000476837158       0.20415256523492020        7.5822903421015816E-002  0.13645810283774687        5.2331128811004726E-002  0.12177449172815570        4.7164552820532647E-002
  0.37999999523162842       0.19468189812264575        7.2305467933686737E-002  0.13123714140906845        5.0328911285187870E-002  0.11727774069044226        4.5422913427674641E-002
  0.38999998569488525       0.18539272196774209        6.8855438757498930E-002  0.12607461330696318        4.8349102703040624E-002  0.11282522114072907        4.3698405359468562E-002
  0.39999997615814209       0.17629807031184647        6.5477656590719663E-002  0.12097777922141038        4.6394487509712555E-002  0.10842371050345964        4.1993653584317982E-002
  0.40999999642372131       0.16741136419523422        6.2177106049826514E-002  0.11595496577768970        4.4468258932216287E-002  0.10407958774714962        4.0311128744417626E-002
  0.41999998688697815       0.15874309690772490        5.8957684375589590E-002  0.11101225504346979        4.2572749418827029E-002   9.9798875346073221E-002   3.8653163407959608E-002
  0.42999997735023499       0.15030316737700658        5.5823068060818062E-002  0.10615636125790766        4.0710533853021008E-002   9.5587154070998770E-002   3.7021919066681161E-002
  0.43999999761581421       0.14210034287455808        5.2776513297653579E-002  0.10139316668504800        3.8883868059194311E-002   9.1449597429169333E-002   3.5419399474834738E-002
  0.44999998807907104       0.13414159625697319        4.9820609826917925E-002   9.6728087362290535E-002   3.7094829065716213E-002   8.7391105076871062E-002   3.3847502321291204E-002
  0.45999997854232788       0.12643372813604251        4.6957883417172719E-002   9.2165988320504044E-002   3.5345282592186847E-002   8.3415823381745483E-002   3.2307833538236061E-002
  0.46999999880790710       0.11898116172461393        4.4189976863550792E-002   8.7711230415692079E-002   3.3636901009190992E-002   7.9527793542025355E-002   3.0801958324626875E-002
  0.47999998927116394       0.11178726806380740        4.1518142181303598E-002   8.3367818997874932E-002   3.1971220352211324E-002   7.5730579658313257E-002   2.9331257094446412E-002
  0.48999997973442078       0.10485511916147192        3.8943520323787104E-002   7.9139079073791432E-002   3.0349515747842202E-002   7.2027306148614897E-002   2.7896939967942101E-002
  0.50000000000000000        9.8186701804631141E-002   3.6466849189937076E-002   7.5027660531958071E-002   2.8772803417578732E-002   6.8420699853033964E-002   2.6500063079221252E-002
  0.50999999046325684        9.1782064049043266E-002   3.4088146627812899E-002   7.1036185483281611E-002   2.7242088930315472E-002   6.4913128161019781E-002   2.5141543343338346E-002
  0.51999998092651367        8.5641136543825006E-002   3.1807386880278843E-002   6.7166445599755584E-002   2.5758059384992892E-002   6.1506545625599374E-002   2.3822137779420972E-002
  0.52999997138977051        7.9762115356102198E-002   2.9623899961004195E-002   6.3420286724580180E-002   2.4321422654989482E-002   5.8202403696100087E-002   2.2542408549195214E-002
  0.53999996185302734        7.4143705827904818E-002   2.7537205029955849E-002   5.9798636568114849E-002   2.2932534513464178E-002   5.5002584842077262E-002   2.1303084753095135E-002
  0.55000001192092896        6.8782233751913294E-002   2.5545937475004523E-002   5.6302403908495530E-002   2.1591743473145179E-002   5.1907077987810066E-002   2.0104162101376510E-002
  0.56000000238418579        6.3674953523665687E-002   2.3649077570036543E-002   5.2931415047457929E-002   2.0298982921452820E-002   4.8916707612066720E-002   1.8945959923415030E-002
  0.56999999284744263        5.8817076634521757E-002   2.1844846847915107E-002   4.9685814268100925E-002   1.9054308190370111E-002   4.6031962759340121E-002   1.7828667631332111E-002
  0.57999998331069946        5.4204067735945570E-002   2.0131560865960657E-002   4.6565159966932779E-002   1.7857549926749625E-002   4.3252636105257800E-002   1.6752204926198336E-002
  0.58999997377395630        4.9830067687704212E-002   1.8507043521102939E-002   4.3568677063643514E-002   1.6708410890437109E-002   4.0578370792746933E-002   1.5716433593482741E-002
  0.59999996423721313        4.5689985527103120E-002   1.6969404013820223E-002   4.0695278110722467E-002   1.5606474049724098E-002   3.8008538920219624E-002   1.4721110440237524E-002
  0.61000001430511475        4.1776841332476645E-002   1.5516049979300756E-002   3.7943799578680458E-002   1.4551293195772082E-002   3.5542243936490837E-002   1.3765888222675210E-002
  0.62000000476837158        3.8084804730553375E-002   1.4144815998614040E-002   3.5312161965981158E-002   1.3542070848178704E-002   3.3178393957809277E-002   1.2850344042632765E-002
  0.62999999523162842        3.4606250024807224E-002   1.2852869864138548E-002   3.2798686978873712E-002   1.2578163388099495E-002   3.0915638345995936E-002   1.1973954783611507E-002
  0.63999998569488525        3.1334950317879688E-002   1.1637898886653444E-002   3.0401253204528179E-002   1.1658757262321047E-002   2.8752433235191700E-002   1.1136122489981968E-002
  0.64999997615814209        2.8262442663480995E-002   1.0496759901347390E-002   2.8117534569206053E-002   1.0782960431001805E-002   2.6687245365635423E-002   1.0336253313968903E-002
  0.65999996662139893        2.5381802494209408E-002   9.4268811021559883E-003   2.5945019411014524E-002   9.9498096819959966E-003   2.4717787733562611E-002   9.5734614747464385E-003
  0.66999995708465576        2.2685770654995514E-002   8.4255664161050469E-003   2.3881038690401535E-002   9.1582814494640188E-003   2.2842090716516026E-002   8.8469841166368413E-003
  0.68000000715255737        2.0166333836561960E-002   7.4898396749807526E-003   2.1922978396603173E-002   8.4073732708832786E-003   2.1058199451346508E-002   8.1560641003989819E-003
  0.68999999761581421        1.7815515939414724E-002   6.6167385303995850E-003   2.0067493729118056E-002   7.6958024288317703E-003   1.9363713655387298E-002   7.4997717710861408E-003
  0.69999998807907104        1.5625972046242338E-002   5.8035350570214868E-003   1.8311616485137100E-002   7.0224306295745458E-003   1.7756217229704697E-002   6.8771713479435365E-003
  0.70999997854232788        1.3590607228627363E-002   5.0475941761661909E-003   1.6652607122848710E-002   6.3862072699415479E-003   1.6233217617989182E-002   6.2872974374634811E-003
  0.71999996900558472        1.1701159796892272E-002   4.3458474703597814E-003   1.5086752653937111E-002   5.7857084339777119E-003   1.4792148277751223E-002   5.7291559905056867E-003
  0.72999995946884155        9.9500794446130882E-003   3.6954907321011957E-003   1.3611189620175523E-002   5.2198359970704851E-003   1.3430383573850005E-002   5.2017300707189384E-003
  0.74000000953674316        8.3303846646372894E-003   3.0939310077239390E-003   1.2222496731370470E-002   4.6872779083112189E-003   1.2145244552850369E-002   4.7039820910108939E-003
  0.75000000000000000        6.8352672549566564E-003   2.5386397096359304E-003   1.0917585449555218E-002   4.1868497259202999E-003   1.0934041893038426E-002   4.2348704485447820E-003
  0.75999999046325684        5.4571164622232568E-003   2.0267901801589157E-003   9.6927302356573410E-003   3.7171227207784020E-003   9.7942192207297243E-003   3.7934050326664426E-003
  0.76999998092651367        4.1899743245743977E-003   1.5561696135591799E-003   8.5448259605723376E-003   3.2769060884718375E-003   8.7226835910549014E-003   3.3783879130080681E-003
  0.77999997138977051        3.0265692890725036E-003   1.1240773322553558E-003   7.4705825846363106E-003   2.8649381121375887E-003   7.7167762905716144E-003   2.9887893416413055E-003
  0.78999996185302734        1.9604377018146730E-003   7.2811271490301715E-004   6.4667388994777003E-003   2.4799681315963063E-003   6.7739828106163965E-003   2.6236354226788126E-003
  0.79999995231628418        9.8576193784030426E-004   3.6611507733429942E-004   5.5300707033047397E-003   2.1207596785417964E-003   5.8914964623699899E-003   2.2818390957585369E-003
  0.81000000238418579        9.6949522298082547E-005   3.6007356838552972E-005   4.6575937260200199E-003   1.7861682974992918E-003   5.0666349239566087E-003   1.9623614691553280E-003
  0.81999999284744263       -7.1224999965248219E-004  -2.6453188512779195E-004   3.8458159752176300E-003   1.4748548235485395E-003   4.2967684306588882E-003   1.6641840070891658E-003
  0.82999998331069946       -1.4469430344941478E-003  -5.3739918395790992E-004   3.0918710128312065E-003   1.1857199893205972E-003   3.5792952323391415E-003   1.3862990241240135E-003
  0.83999997377395630       -2.1122902923232092E-003  -7.8451124357743470E-004   2.3927758678807397E-003   9.1761983754688932E-004   2.9116678510387392E-003   1.1277198550146898E-003
  0.84999996423721313       -2.7124216260264815E-003  -1.0074019043092711E-003   1.7456244306790171E-003   6.6943988695283905E-004   2.2915607455428972E-003   8.8754579297191177E-004
  0.85999995470046997       -3.2535823656368464E-003  -1.2083907013273523E-003   1.1477793920797016E-003   4.4016874018069728E-004   1.7162056190875472E-003   6.6470464728397751E-004
  0.87000000476837158       -3.7394040053135920E-003  -1.3888263829591797E-003   5.9611938725784438E-004   2.2860936648386125E-004   1.1833982834427088E-003   4.5834271246033361E-004
  0.87999999523162842       -4.1737738700079055E-003  -1.5501527138912369E-003   8.8191763371140141E-005   3.3821183448026430E-005   6.9084343120278790E-004   2.6757099158680617E-004
  0.88999998569488525       -4.5612400796600696E-003  -1.6940588801427157E-003  -3.7856747012070686E-004  -1.4517908889660316E-004   2.3604134691942430E-004   9.1421318345250610E-005
  0.89999997615814209       -4.9052253655530887E-003  -1.8218160948537021E-003  -8.0692213205913767E-004  -3.0945136386254901E-004  -1.8263423829096410E-004  -7.0736178459612737E-005
  0.90999996662139893       -5.2089318252074466E-003  -1.9346136270924563E-003  -1.1981634767092339E-003  -4.5949083222171223E-004  -5.6737362660386843E-004  -2.1974982610211262E-004
  0.91999995708465576       -5.4757535709731905E-003  -2.0337120608375512E-003  -1.5561274879529337E-003  -5.9676857822974286E-004  -9.2050241926383797E-004  -3.5652035462167998E-004
  0.93000000715255737       -5.7094204308746821E-003  -2.1204966659225527E-003  -1.8819149867572095E-003  -7.2170676226131149E-004  -1.2437912231482138E-003  -4.8173353885020131E-004
  0.93999999761581421       -5.9120299174245080E-003  -2.1957464650772768E-003  -2.1779022684282343E-003  -8.3521668392542590E-004  -1.5390869896807838E-003  -5.9610472267247619E-004
  0.94999998807907104       -6.0868399995274124E-003  -2.2606714781774361E-003  -2.4460762355716370E-003  -9.3806031231021502E-004  -1.8081644466577367E-003  -7.0032127699597862E-004
  0.95999997854232788       -6.2360483757941138E-003  -2.3160879373841036E-003  -2.6881479573144678E-003  -1.0308938354839077E-003  -2.0525575914612658E-003  -7.9497733528438759E-004
  0.96999996900558472       -6.3616750087272592E-003  -2.3627460631100100E-003  -2.9062751565508637E-003  -1.1145447314222514E-003  -2.2742041054504957E-003  -8.8082338208923903E-004
  0.97999995946884155       -6.4659729552282979E-003  -2.4014826477591344E-003  -3.1019839710984412E-003  -1.1895982677865649E-003  -2.4744852127728473E-003  -9.5839438017927478E-004
  0.98999994993209839       -6.5515885277893631E-003  -2.4332805400959839E-003  -3.2768871910095255E-003  -1.2566729430186407E-003  -2.6548626903461609E-003  -1.0282564912659914E-003
   1.0000000000000000       -6.6195764317265810E-003  -2.4585314609849689E-003  -3.4325127732915840E-003  -1.3163547224317154E-003  -2.8169856859019608E-003  -1.0910484477652574E-003
