 pt up dp u1 d1 u2 d2
   0.0000000000000000        0.0000000000000000        0.0000000000000000        0.0000000000000000        0.0000000000000000        0.0000000000000000        0.0000000000000000     
   9.9999997764825821E-003   4.0358529611480343        2.6516736345339296        3.0213115528039443        1.8308478506391062        2.8231886131403883        1.6969031582273468     
   1.9999999552965164E-002   4.0287109073750145        2.6469810959631093        3.0169347561165436        1.8281956088335982        2.8192575176328241        1.6945403375673918     
   2.9999999329447746E-002   4.0153943277470097        2.6382317130094473        3.0083796828670999        1.8230114240194655        2.8114891924650132        1.6898711151675703     
   3.9999999105930328E-002   3.9967791749785637        2.6260010122693336        2.9958432884297390        1.8154146467890264        2.7999900104880715        1.6829594273962045     
   4.9999997019767761E-002   3.9732338835782630        2.6105310660089924        2.9807642217390207        1.8062770665170669        2.7862647069495954        1.6747097090409855     
   5.9999998658895493E-002   3.9446513648919552        2.5917515138452543        2.9624142996235152        1.7951574203377816        2.7696297167851278        1.6647110971112757     
   7.0000000298023224E-002   3.9110972772701844        2.5697054952380296        2.9408514187304697        1.7820907923364488        2.7500684397724977        1.6529536138927639     
   7.9999998211860657E-002   3.8727143380071269        2.5444867796308044        2.9161895071447597        1.7671462204079271        2.7276396874941908        1.6394726086212723     
   8.9999996125698090E-002   3.8296406793125453        2.5161861239322780        2.8884221444708440        1.7503198139347937        2.7024487249132005        1.6243313517589051     
   9.9999994039535522E-002   3.7820131046398302        2.4848934120192769        2.8577281205701595        1.7317199156112051        2.6745590991065553        1.6075680388534908     
  0.10999999940395355        3.7300627376002429        2.4507604988756690        2.8241305160067358        1.7113605117475164        2.6440349121694386        1.5892211990515632     
  0.11999999731779099        3.6739004038371146        2.4138602001960039        2.7877781896002198        1.6893318074898132        2.6109643535656097        1.5693438394313151     
  0.12999999523162842        3.6137722601500020        2.3743542482092801        2.7487261342232090        1.6656671273002814        2.5754862813938373        1.5480194219142256     
  0.14000000059604645        3.5498086221747553        2.3323282641061369        2.7071541327738164        1.6404754156313053        2.5376269126186046        1.5252637044449184     
  0.14999999105930328        3.4823195357539887        2.2879859570886314        2.6631525177044790        1.6138114119473481        2.4975851500797437        1.5011962393818596     
  0.15999999642372131        3.4115155605430574        2.2414656710191392        2.6168253803825627        1.5857381933104364        2.4554052550279160        1.4758436303517732     
  0.17000000178813934        3.3376135567464922        2.1929098894054229        2.5683578698727834        1.5563679559510004        2.4112544679469656        1.4493063987664725     
  0.17999999225139618        3.2608162434381693        2.1424518046181142        2.5178488720397421        1.5257606225117404        2.3651973214123210        1.4216233325165535     
  0.18999999761581421        3.1814421830002146        2.0903007214752427        2.4654688147837369        1.4940194685236623        2.3174298044907697        1.3929122326107302     
  0.19999998807907104        3.0997320940470958        2.0366147991588921        2.4113297651927095        1.4612124041587220        2.2680462971149846        1.3632298269647618     
  0.20999999344348907        3.0158912899347001        1.9815289345589784        2.3556206542358158        1.4274539173976371        2.2171788590166557        1.3326554912798452     
  0.21999999880790710        2.9302500072153363        1.9252601027653633        2.2984711916992420        1.3928226094965497        2.1649445640902649        1.3012595938836111     
  0.22999998927116394        2.8430176254570489        1.8679458722884799        2.2400339623562977        1.3574109434469022        2.1114876442902695        1.2691288267023082     
  0.23999999463558197        2.7544764577993495        1.8097717311319634        2.1804612136734587        1.3213111778396727        2.0569806637796719        1.2363669109934659     
  0.25000000000000000        2.6648399503980262        1.7508779196735356        2.1198647616868023        1.2845910707149479        2.0015324768930718        1.2030392746435905     
  0.25999999046325684        2.5744206361312978        1.6914697811705113        2.0584805103308175        1.2473935746295486        1.9452413404119289        1.1692049757836205     
  0.26999998092651367        2.4834249766578793        1.6316829669814104        1.9964162901140825        1.2097840324822169        1.8883202474975853        1.1349920358877412     
  0.28000000119209290        2.3921165194838139        1.5716906355388967        1.9338216571367843        1.1718530719555964        1.8308634975294171        1.1004571344544254     
  0.28999999165534973        2.3006959189705571        1.5116246226370535        1.8708436372110377        1.1336897874338290        1.7730035816391410        1.0656799064817735     
  0.29999998211860657        2.2094184981478935        1.4516526829866894        1.8076260362442849        1.0953813221101767        1.7148374452599369        1.0307186219029287     
  0.31000000238418579        2.1185502013514981        1.3919495498077570        1.7443092972252561        1.0570127813236816        1.6565588637689894       0.99568975116836100     
  0.31999999284744263        2.0282183093513071        1.3325988502950736        1.6809983691043793        1.0186477618127010        1.5982579517786812       0.96064745848433031     
  0.32999998331069946        1.9386827846017545        1.2737713873973640        1.6178909464646982       0.98040606211377268        1.5400549902381886       0.92566403980781931     
  0.34000000357627869        1.8500631030935384        1.2155456603408252        1.5551052016957629       0.94235929207633573        1.4820539375941704       0.89080198030742208     
  0.34999999403953552        1.7626436494452884        1.1581085181515602        1.4926960967546841       0.90454075742848050        1.4243727088135001       0.85613215384496799     
  0.35999998450279236        1.6765416442890058        1.1015369782190259        1.4308262686167346       0.86704901257328615        1.3671261601933264       0.82172359584106880     
  0.37000000476837158        1.5918970354344995        1.0459229903543434        1.3696321327718846       0.82996672227479451        1.3104554875893168       0.78766117334722052     
  0.37999999523162842        1.5088926295749805       0.99138666391066943        1.3091839159837975       0.79333644239560497        1.2543794161980899       0.75395614131292421     
  0.38999998569488525        1.4276440924332965       0.93800399465659168        1.2495998311879120       0.75722980735506995        1.1990526618162489       0.72070149307297482     
  0.39999997615814209        1.3482301829274037       0.88582672950862207        1.1909404085875779       0.72168349711510738        1.1445292026695912       0.68792967273025729     
  0.40999999642372131        1.2708477883663083       0.83498422919701831        1.1333303468935125       0.68677307633116647        1.0908853654022386       0.65568655710747648     
  0.41999998688697815        1.1955349227138268       0.78550147000970760        1.0768439225601141       0.65254355488869509        1.0382106693359294       0.62402595260604343     
  0.42999997735023499        1.1224085812355846       0.73745532126383717        1.0215239987804965       0.61902090693289646       0.98659492248584235       0.59300183914918603     
  0.43999999761581421        1.0515259852739103       0.69088337905774000       0.96747275874356675       0.58626705321193551       0.93607182655371446       0.56263447345083661     
  0.44999998807907104       0.98291130104167190       0.64580152130127100       0.91474485093037605       0.55431510949435214       0.88669579058293235       0.53295655856070567     
  0.45999997854232788       0.91669192823597745       0.60229345332788209       0.86336526883935105       0.52318022128635266       0.83854973708402747       0.50401793580691190     
  0.46999999880790710       0.85285414393899228       0.56035015877851191       0.81343349841422108       0.49292267486529051       0.79164089599538534       0.47582295080959097     
  0.47999998927116394       0.79145505051954634       0.52000915558242022       0.76492631370672348       0.46352839582119282       0.74605902837516980       0.44842555526802780     
  0.48999997973442078       0.73114810898461147       0.48038572817140845       0.71790982062262687       0.43503744286808887       0.70176014026431177       0.42179930621353762     
  0.50000000000000000       0.67461796491383907       0.44324376734381865       0.67244167608824956       0.40748475482568636       0.65884003312029027       0.39600178598228014     
  0.50999999046325684       0.62058436079009316       0.40774210640297437       0.62848406157783565       0.38084741450541287       0.61734942916152147       0.37106348162432978     
  0.51999998092651367       0.56894910875921134       0.37381623305206424       0.58608335189383365       0.35515352400991457       0.57721486910552111       0.34694023977073790     
  0.52999997138977051       0.51976571161775476       0.34150130019590974       0.54527810912351027       0.33042645110956442       0.53849594143757973       0.32366787662181551     
  0.53999996185302734       0.47298193626247659       0.31076298915539513       0.50601709227520164       0.30663514489888161       0.50120105027131501       0.30125144354638472     
  0.55000001192092896       0.42855563267377100       0.28157360613276389       0.46832879871376260       0.28379687414948551       0.46535964620017534       0.27970864209112978     
  0.56000000238418579       0.38646840424725210       0.25392106401996567       0.43223546429264320       0.26192511329583273       0.43091916458307711       0.25900787780109646     
  0.56999999284744263       0.34664107021301827       0.22775333873140280       0.39767430322271985       0.24098181554100931       0.39790092290566376       0.23916196374465240     
  0.57999998331069946       0.30907321355933887       0.20307015627815184       0.36465880670604284       0.22097515625450062       0.36629607274209658       0.22016558149507842     
  0.58999997377395630       0.27366168427231752       0.17980374407907840       0.33321196868694786       0.20191906925704298       0.33611616162616609       0.20202567180244327     
  0.59999996423721313       0.24040999471877700       0.15795640986208853       0.30323108324438530       0.18375131703637851       0.30729649439750906       0.18470334905300034     
  0.61000001430511475       0.20920246926562380       0.13745215134727048       0.27473265682186288       0.16648190213150069       0.27984222062739922       0.16820170844333657     
  0.62000000476837158       0.17996600721799597       0.11824293923645716       0.24771307066017373       0.15010863165451968       0.25375420508808444       0.15252126975266608     
  0.62999999523162842       0.15267815020346126       0.10031401772099378       0.22209402432319805       0.13458405727623493       0.22896147276898468       0.13761937280623152     
  0.63999998569488525       0.12722376842167066        8.3589743149074081E-002  0.19786666000858122       0.11990281136470324       0.20545980902120237       0.12349348435103256     
  0.64999997615814209       0.10358875259234837        6.8060845310194851E-002  0.17501839769284375       0.10605727070446092       0.18321964217952849       0.11012583006910340     
  0.65999996662139893        8.1651249429180936E-002   5.3647263025292151E-002  0.15346656835211409        9.2997339698935741E-002  0.16223065042848475        9.7510205939500674E-002
  0.66999995708465576        6.1330404804837160E-002   4.0295872763912360E-002  0.13319533905983363        8.0713423945480839E-002  0.14241682372032818        8.5600925432648314E-002
  0.68000000715255737        4.2594189099789875E-002   2.7985630127648931E-002  0.11418577906364903        6.9194051827663236E-002  0.12376489937012398        7.4390016891304964E-002
  0.68999999761581421        2.5327498688503054E-002   1.6640908662314536E-002   9.6353465100359539E-002   5.8388064718749806E-002  0.10625948204335182        6.3868226809825041E-002
  0.69999998807907104        9.5104141365048335E-003   6.2486207158783695E-003   7.9677867164156424E-002   4.8283021890152648E-002   8.9822298591926045E-002   5.3988508401616953E-002
  0.70999997854232788       -4.9758340209841018E-003  -3.2692687296286653E-003   6.4136356308956810E-002   3.8865210701988534E-002   7.4436341906834222E-002   4.4740639389337360E-002
  0.71999996900558472       -1.8209936057625976E-002  -1.1964461489404714E-002   4.9644134277906496E-002   3.0083245289679806E-002   6.0063154047915339E-002   3.6101504278749065E-002
  0.72999995946884155       -3.0242294948900704E-002  -1.9870073795004502E-002   3.6178218701317107E-002   2.1923198846470131E-002   4.6682762596422511E-002   2.8059098466159605E-002
  0.74000000953674316       -4.1091801167707782E-002  -2.6998517240560179E-002   2.3694662186427094E-002   1.4358440226192336E-002   3.4217677298710350E-002   2.0566845730791612E-002
  0.75000000000000000       -5.0927027155251312E-002  -3.3460548858638181E-002   1.2149725632594683E-002   7.3624645030887234E-003   2.2648087917251553E-002   1.3612838949447788E-002
  0.75999999046325684       -5.9743877330413010E-002  -3.9253477732454654E-002   1.5189732726235035E-003   9.2046414371934433E-004   1.1934741448191847E-002   7.1734847476364605E-003
  0.76999998092651367       -6.7643859880609183E-002  -4.4443997715044384E-002  -8.2488765032768217E-003  -4.9986363710805212E-003   2.0566509527804215E-003   1.2361687352026275E-003
  0.77999997138977051       -7.4639677408873922E-002  -4.9040454788751311E-002  -1.7237752589731550E-002  -1.0445696091642531E-002  -7.0610915834507055E-003  -4.2441332303198515E-003
  0.78999996185302734       -8.0832508710982562E-002  -5.3109326386651848E-002  -2.5440933790699526E-002  -1.5416642122103103E-002  -1.5438198719231194E-002  -9.2792695614000494E-003
  0.79999995231628418       -8.6285491958659297E-002  -5.6692096137338388E-002  -3.2935774878794954E-002  -1.9958349740533385E-002  -2.3112374603447127E-002  -1.3891902679182676E-002
  0.81000000238418579       -9.1035198290797592E-002  -5.9812792350494720E-002  -3.9744158700877844E-002  -2.4084079467220465E-002  -3.0120366420875726E-002  -1.8104119812843468E-002
  0.81999999284744263       -9.5116133943707465E-002  -6.2494086634311330E-002  -4.5905150066073229E-002  -2.7817503710842687E-002  -3.6481561640685112E-002  -2.1927573976817324E-002
  0.82999998331069946       -9.8585286254390184E-002  -6.4773421338765555E-002  -5.1439923622111354E-002  -3.1171453838707633E-002  -4.2264905618332856E-002  -2.5403705403215092E-002
  0.83999997377395630      -0.10152883422064454       -6.6707418590212175E-002  -5.6419552984727145E-002  -3.4188998887004211E-002  -4.7487559061739959E-002  -2.8542828691398927E-002
  0.84999996423721313      -0.10394637667278168       -6.8295814808412139E-002  -6.0862632342254967E-002  -3.6881406521827309E-002  -5.2182906586740928E-002  -3.1365009967940130E-002
  0.85999995470046997      -0.10591463323068957       -6.9589017031299313E-002  -6.4803540173443322E-002  -3.9269509339493358E-002  -5.6367471521291047E-002  -3.3880180729183376E-002
  0.87000000476837158      -0.10741317982123046       -7.0573606044455020E-002  -6.8259720516944983E-002  -4.1363878040876940E-002  -6.0079173014364405E-002  -3.6111132624029353E-002
  0.87999999523162842      -0.10856717480207910       -7.1331814555656584E-002  -7.1295038276218275E-002  -4.3203213342267684E-002  -6.3382378228574010E-002  -3.8096554120197315E-002
  0.88999998569488525      -0.10936825699810028       -7.1858149027881693E-002  -7.3923975997371105E-002  -4.4796291345683206E-002  -6.6265592198498979E-002  -3.9829536064314934E-002
  0.89999997615814209      -0.10983361013310008       -7.2163899671105383E-002  -7.6175730336210348E-002  -4.6160804577562581E-002  -6.8810594359914101E-002  -4.1359232729036480E-002
  0.90999996662139893      -0.11000128936185788       -7.2274069836925678E-002  -7.8063203481090998E-002  -4.7304571478144736E-002  -7.0957186139011835E-002  -4.2649461214806679E-002
  0.91999995708465576      -0.10991982441769939       -7.2220544981921417E-002  -7.9643274790042934E-002  -4.8262059677985053E-002  -7.2802399783789412E-002  -4.3758543635603303E-002
  0.93000000715255737      -0.10962190236582470       -7.2024801465567417E-002  -8.0925938036528450E-002  -4.9039325182346070E-002  -7.4332507262133390E-002  -4.4678228633036408E-002
  0.93999999761581421      -0.10911692900678595       -7.1693019174390055E-002  -8.2789355212759472E-002  -5.0168514698991702E-002  -7.5598789344116221E-002  -4.5439338979728232E-002
  0.94999998807907104      -0.10842796690260290       -7.1240350887303697E-002  -8.3561751796902908E-002  -5.0636569913161129E-002  -7.6608912396601767E-002  -4.6046482615113654E-002
  0.95999997854232788      -0.10753696839364826       -7.0654938763188069E-002  -8.4062382739957628E-002  -5.0939941170985943E-002  -7.7383555632748208E-002  -4.6512088968085626E-002
  0.96999996900558472      -0.10654350546033985       -7.0002204510354618E-002  -8.4374792812142621E-002  -5.1129254751919803E-002  -7.7929106245921781E-002  -4.6839997119230169E-002
  0.97999995946884155      -0.10541120000420608       -6.9258246652332170E-002  -8.4484165088354476E-002  -5.1195531927683495E-002  -7.8290769629771384E-002  -4.7057378180988922E-002
  0.98999994993209839      -0.10418605664139323       -6.8453291569734065E-002  -8.4433727273413695E-002  -5.1164967729499529E-002  -7.8472576278255171E-002  -4.7166654718363281E-002
   1.0000000000000000      -0.10286864608062299       -6.7587714234910307E-002  -8.4227366877234658E-002  -5.1039917902231356E-002  -7.8490851260975367E-002  -4.7177639062714279E-002
