 x kt PDF(p) PDF(Pb) ratio
   4.0000001899898052E-003   9.9999997764825821E-003   62.726800171018297        44.687702974307122       0.71241802311724178     
   8.0000003799796104E-003   9.9999997764825821E-003   33.210160835808381        25.645280267863459       0.77221186596036606     
   1.2000000104308128E-002   9.9999997764825821E-003   23.560457341477022        19.343170474018549       0.82100148539841167     
   1.6000000759959221E-002   9.9999997764825821E-003   18.661577314299841        16.099409861121650       0.86270359627024273     
   2.0000001415610313E-002   9.9999997764825821E-003   15.643866689460223        14.072924502435519       0.89958095282906636     
   2.4000000208616257E-002   9.9999997764825821E-003   13.574959861886512        12.659749822686038       0.93258101323967468     
   2.8000000864267349E-002   9.9999997764825821E-003   12.055189301483534        11.602015778558671       0.96240842747537003     
   3.2000001519918442E-002   9.9999997764825821E-003   10.882437144956526        10.766751819226668       0.98936953880928480     
   3.6000002175569534E-002   9.9999997764825821E-003   9.9495958767477077        10.077791547328415        1.0128845103026045     
   4.0000002831220627E-002   9.9999997764825821E-003   9.1871766997329800        9.4903284684775198        1.0329972720295399     
   4.4000003486871719E-002   9.9999997764825821E-003   8.5497136405831355        8.9834348881066308        1.0507293303327423     
   4.8000000417232513E-002   9.9999997764825821E-003   8.0080600555854797        8.5289181977337289        1.0650417377658101     
   5.2000001072883606E-002   9.9999997764825821E-003   7.5419996438976948        8.1171898625905445        1.0762649490653637     
   5.6000001728534698E-002   9.9999997764825821E-003   7.1359837039667351        7.7361544949627321        1.0841048432695237     
   6.0000002384185791E-002   9.9999997764825821E-003   6.7788025477268992        7.3852963136618950        1.0894691594370702     
   6.4000003039836884E-002   9.9999997764825821E-003   6.4619274533367799        7.0624189375064725        1.0929276115378879     
   6.8000003695487976E-002   9.9999997764825821E-003   6.1785440176953879        6.7738126049940721        1.0963444762380639     
   7.2000004351139069E-002   9.9999997764825821E-003   5.9232595552082499        6.5074887425562524        1.0986330553139947     
   7.6000005006790161E-002   9.9999997764825821E-003   5.6918760849605201        6.2632443742591821        1.1003831216228288     
   8.0000005662441254E-002   9.9999997764825821E-003   5.4812812762599945        6.0365492688122924        1.1013025905014622     
   8.4000006318092346E-002   9.9999997764825821E-003   5.2883939250915688        5.8260448618640970        1.1016662042177991     
   8.8000006973743439E-002   9.9999997764825821E-003   5.1106601331324466        5.6304827613576531        1.1017134019253585     
   9.2000007629394531E-002   9.9999997764825821E-003   4.9460891234657156        5.4475068597772571        1.1013766076176563     
   9.6000000834465027E-002   9.9999997764825821E-003   4.7936771795161253        5.2744430853461859        1.1002916733493073     
  0.10000000149011612        9.9999997764825821E-003   4.6518662283209249        5.1120909506206971        1.0989333527043164     
  0.10400000214576721        9.9999997764825821E-003   4.5191627902229721        4.9593142663048937        1.0973966852962616     
  0.10800000280141830        9.9999997764825821E-003   4.3943653650508878        4.8147574968639333        1.0956661763167199     
  0.11200000345706940        9.9999997764825821E-003   4.2765354195410019        4.6777767995399300        1.0938239347125513     
  0.11600000411272049        9.9999997764825821E-003   4.1654471739447958        4.5474628887432331        1.0917106132537164     
  0.12000000476837158        9.9999997764825821E-003   4.0605276146156495        4.4228551454827310        1.0892316381651741     
  0.12400000542402267        9.9999997764825821E-003   3.9611068167511134        4.3047483078292981        1.0867539066669347     
  0.12800000607967377        9.9999997764825821E-003   3.8666195641578600        4.1925886096202598        1.0843033663006345     
  0.13199999928474426        9.9999997764825821E-003   3.7765846781478696        4.0857044091979606        1.0818516615922116     
  0.13600000739097595        9.9999997764825821E-003   3.6905841243327582        3.9828335627332105        1.0791878544303037     
  0.14000000059604645        9.9999997764825821E-003   3.6080555571716770        3.8831385294454503        1.0762413349558864     
  0.14400000870227814        9.9999997764825821E-003   3.5287158539535719        3.7872487330974867        1.0732654285139607     
  0.14800000190734863        9.9999997764825821E-003   3.4524705020359567        3.6952585031248018        1.0703229762414104     
  0.15200001001358032        9.9999997764825821E-003   3.3791018882274608        3.6068485588577119        1.0673985804996597     
  0.15600000321865082        9.9999997764825821E-003   3.3082993222174046        3.5215811035571689        1.0644687075040149     
  0.16000001132488251        9.9999997764825821E-003   3.2400177933147458        3.4394392745318187        1.0615495018664858     
  0.16400000452995300        9.9999997764825821E-003   3.1739639756961857        3.3595694830123182        1.0584775091139531     
  0.16800001263618469        9.9999997764825821E-003   3.1099053911203551        3.2814194314779832        1.0551508868557058     
  0.17200000584125519        9.9999997764825821E-003   3.0478473106227444        3.2055921519634580        1.0517561495915235     
  0.17600001394748688        9.9999997764825821E-003   2.9875480323528478        3.1321302055119791        1.0483949284140095     
  0.18000000715255737        9.9999997764825821E-003   2.9288952584090020        3.0614679172063806        1.0452637076784348     
  0.18400001525878906        9.9999997764825821E-003   2.8718886958985750        2.9936747149814620        1.0424062461949912     
  0.18800000846385956        9.9999997764825821E-003   2.8163476345431473        2.9268848480871972        1.0392484266460169     
  0.19200000166893005        9.9999997764825821E-003   2.7622040852821907        2.8604336585214054        1.0355620259062717     
  0.19600000977516174        9.9999997764825821E-003   2.7094755072927397        2.7960365838168233        1.0319475397696338     
  0.20000000298023224        9.9999997764825821E-003   2.6579767037725972        2.7342633456064953        1.0287010197364110     
  0.20400001108646393        9.9999997764825821E-003   2.6075873965744942        2.6737940730798853        1.0253900124660691     
  0.20800000429153442        9.9999997764825821E-003   2.5583887156707252        2.6139722562668246        1.0217259950591704     
  0.21200001239776611        9.9999997764825821E-003   2.5102564368048195        2.5556683505199325        1.0180905476624993     
  0.21600000560283661        9.9999997764825821E-003   2.4630535427070375        2.4996847001467439        1.0148722538120087     
  0.22000001370906830        9.9999997764825821E-003   2.4167947006644215        2.4450760592318015        1.0117020111636312     
  0.22400000691413879        9.9999997764825821E-003   2.3714909178200241        2.3911070133512977        1.0082716300466821     
  0.22800001502037048        9.9999997764825821E-003   2.3270553679540811        2.3380106383894441        1.0047077824559862     
  0.23200000822544098        9.9999997764825821E-003   2.2834227978332566        2.2860869845612335        1.0011667513920353     
  0.23600001633167267        9.9999997764825821E-003   2.2406506109263300        2.2354394895163443       0.99767428202122443     
  0.24000000953674316        9.9999997764825821E-003   2.1986962690695733        2.1859286475247197       0.99419309446035653     
  0.24400001764297485        9.9999997764825821E-003   2.1574831145030235        2.1374561544870070       0.99071744298650988     
  0.24800001084804535        9.9999997764825821E-003   2.1169554956754166        2.0899701070170988       0.98725273690758053     
  0.25200000405311584        9.9999997764825821E-003   2.0771760281824836        2.0435047545450633       0.98378987953809460     
  0.25600001215934753        9.9999997764825821E-003   2.0381085550193054        1.9980536534004143       0.98034702247814676     
  0.26000002026557922        9.9999997764825821E-003   1.9996869313869490        1.9536123503096532       0.97695910277048259     
  0.26399999856948853        9.9999997764825821E-003   1.9618537520638788        1.9100830231534816       0.97361132099885928     
  0.26800000667572021        9.9999997764825821E-003   1.9246397865360338        1.8673830403935170       0.97025066895994727     
  0.27200001478195190        9.9999997764825821E-003   1.8880552898721272        1.8254380260432703       0.96683504759381400     
  0.27600002288818359        9.9999997764825821E-003   1.8520579762468421        1.7842890310749642       0.96340884246549863     
  0.28000000119209290        9.9999997764825821E-003   1.8166101500711089        1.7439337364069423       0.95999339007253603     
  0.28400000929832458        9.9999997764825821E-003   1.7816882322244370        1.7043504874988433       0.95659299796292785     
  0.28800001740455627        9.9999997764825821E-003   1.7473205984330289        1.6655688884276914       0.95321310234730172     
  0.29200002551078796        9.9999997764825821E-003   1.7134994817344278        1.6275703776387860       0.94985168947430132     
  0.29600000381469727        9.9999997764825821E-003   1.6802115585068707        1.5903208689247939       0.94650037423742128     
  0.30000001192092896        9.9999997764825821E-003   1.6474434065476613        1.5537930980724712       0.94315415746423659     
  0.30400002002716064        9.9999997764825821E-003   1.6151982203310218        1.5179699771083779       0.93980414168440718     
  0.30800002813339233        9.9999997764825821E-003   1.5834946735784354        1.4828610184363535       0.93644837786876378     
  0.31200000643730164        9.9999997764825821E-003   1.5522984161800235        1.4484482458810537       0.93309909408106617     
  0.31600001454353333        9.9999997764825821E-003   1.5215746418843294        1.4146979989116650       0.92975918497149268     
  0.32000002264976501        9.9999997764825821E-003   1.4912923650457390        1.3815700198872085       0.92642465841688582     
  0.32400000095367432        9.9999997764825821E-003   1.4614289405665046        1.3490649899099061       0.92311364067209312     
  0.32800000905990601        9.9999997764825821E-003   1.4319995287076743        1.3172032920085073       0.91983500385452899     
  0.33200001716613770        9.9999997764825821E-003   1.4030086725529787        1.2860055182053640       0.91660553734517525     
  0.33600002527236938        9.9999997764825821E-003   1.3744558305495118        1.2554209133506786       0.91339487631898464     
  0.34000000357627869        9.9999997764825821E-003   1.3463399535509550        1.2254103812707653       0.91017902130792483     
  0.34400001168251038        9.9999997764825821E-003   1.3186587201352724        1.1959593614408861       0.90695139172795258     
  0.34800001978874207        9.9999997764825821E-003   1.2914076946836994        1.1670898710141129       0.90373464229664879     
  0.35200002789497375        9.9999997764825821E-003   1.2645785293060525        1.1388344665976211       0.90056444910745526     
  0.35600000619888306        9.9999997764825821E-003   1.2381638626032299        1.1111575683651582       0.89742367866314410     
  0.36000001430511475        9.9999997764825821E-003   1.2121557795526710        1.0840240864766371       0.89429436773933535     
  0.36400002241134644        9.9999997764825821E-003   1.1865470308387309        1.0573869893724788       0.89114629415493696     
  0.36800003051757812        9.9999997764825821E-003   1.1613302633273150        1.0312853311546166       0.88802071531305138     
  0.37200000882148743        9.9999997764825821E-003   1.1364908975307588        1.0057241417852723       0.88493814070169674     
  0.37600001692771912        9.9999997764825821E-003   1.1120229780995199       0.98070081314890878       0.88190696816800984     
  0.38000002503395081        9.9999997764825821E-003   1.0879307360906612       0.95617697747826280       0.87889508565054564     
  0.38400000333786011        9.9999997764825821E-003   1.0642173998902948       0.93211962732576625       0.87587332007713281     
  0.38800001144409180        9.9999997764825821E-003   1.0408847444080471       0.90853264725237892       0.87284653957442992     
  0.39200001955032349        9.9999997764825821E-003   1.0179342295473290       0.88543738338587430       0.86983751767501172     
  0.39600002765655518        9.9999997764825821E-003  0.99535858249682463       0.86284482242074723       0.86686832021514204     
  0.40000000596046448        9.9999997764825821E-003  0.97313495851279053       0.84071366948688608       0.86392299663319105     
   4.0000001899898052E-003  0.25000000000000000        54.529613012797938        39.340719436601930       0.72145605411446401     
   8.0000003799796104E-003  0.25000000000000000        28.833752734159788        22.561223225809876       0.78245878827563264     
   1.2000000104308128E-002  0.25000000000000000        20.439572602641114        17.009988816793207       0.83220863505703879     
   1.6000000759959221E-002  0.25000000000000000        16.180745037043881        14.153658049086133       0.87472227123553492     
   2.0000001415610313E-002  0.25000000000000000        13.558780082358222        12.369575142930014       0.91229263014778728     
   2.4000000208616257E-002  0.25000000000000000        11.761954307420682        11.125691716090358       0.94590502779551677     
   2.8000000864267349E-002  0.25000000000000000        10.442541896157220        10.195105295661424       0.97630494539008261     
   3.2000001519918442E-002  0.25000000000000000        9.4248288945732721        9.4599144761201845        1.0037226757047137     
   3.6000002175569534E-002  0.25000000000000000        8.6154429956987304        8.8536896540237553        1.0276534425965060     
   4.0000002831220627E-002  0.25000000000000000        7.9540404013125734        8.3370949742159777        1.0481584897205440     
   4.4000003486871719E-002  0.25000000000000000        7.4011814933328965        7.8912381194003043        1.0662132966890299     
   4.8000000417232513E-002  0.25000000000000000        6.9315074478949139        7.4912403936187557        1.0807519792673428     
   5.2000001072883606E-002  0.25000000000000000        6.5274318423470605        7.1295193908452816        1.0922395764582551     
   5.6000001728534698E-002  0.25000000000000000        6.1754592855911961        6.7946002175705749        1.1002582809385499     
   6.0000002384185791E-002  0.25000000000000000        5.8658506606888317        6.4862225050403106        1.1057599110916725     
   6.4000003039836884E-002  0.25000000000000000        5.5912019324646716        6.2023009145088333        1.1092965321992549     
   6.8000003695487976E-002  0.25000000000000000        5.3456026719390399        5.9486958142943491        1.1128204207022641     
   7.2000004351139069E-002  0.25000000000000000        5.1243688556528353        5.7145846433138043        1.1151782403426884     
   7.6000005006790161E-002  0.25000000000000000        4.9238562426167096        5.5000369677278771        1.1170181858934543     
   8.0000005662441254E-002  0.25000000000000000        4.7413686621756170        5.3008012232303816        1.1179896778577147     
   8.4000006318092346E-002  0.25000000000000000        4.5742329300595896        5.1158229762066281        1.1184001895898168     
   8.8000006973743439E-002  0.25000000000000000        4.4202328390842167        4.9439846304798083        1.1184896385467564     
   9.2000007629394531E-002  0.25000000000000000        4.2776413800061608        4.7831685060288525        1.1181789404753615     
   9.6000000834465027E-002  0.25000000000000000        4.1455901559647330        4.6313345601558256        1.1171713521878657     
  0.10000000149011612       0.25000000000000000        4.0227280717946838        4.4887788595618812        1.1158544101041548     
  0.10400000214576721       0.25000000000000000        3.9077594567995835        4.3545016717155152        1.1143218306691296     
  0.10800000280141830       0.25000000000000000        3.7996420765888752        4.2274209346776530        1.1125839880352140     
  0.11200000345706940       0.25000000000000000        3.6975618547092863        4.1070048823011698        1.1107332463067274     
  0.11600000411272049       0.25000000000000000        3.6013222817525601        3.9924927781456008        1.1086185755646063     
  0.12000000476837158       0.25000000000000000        3.5104280430846098        3.8830525689510913        1.1061478888879479     
  0.12400000542402267       0.25000000000000000        3.4242999149187510        3.7792876519357299        1.1036672446447793     
  0.12800000607967377       0.25000000000000000        3.3424490046062392        3.6807503245543614        1.1012136069935272     
  0.13199999928474426       0.25000000000000000        3.2644589616413393        3.5869267736611699        1.0987813955724217     
  0.13600000739097595       0.25000000000000000        3.1899677434951892        3.4965529998992433        1.0961092026805683     
  0.14000000059604645       0.25000000000000000        3.1184821237722593        3.4088853705028987        1.0931232680530343     
  0.14400000870227814       0.25000000000000000        3.0497591850162280        3.3246810873646004        1.0901454461385316     
  0.14800000190734863       0.25000000000000000        2.9837212428420496        3.2439505161088626        1.0872163490108546     
  0.15200001001358032       0.25000000000000000        2.9201774653870221        3.1662250913682524        1.0842577647754776     
  0.15600000321865082       0.25000000000000000        2.8588567607653257        3.0912702510467307        1.0812959548974350     
  0.16000001132488251       0.25000000000000000        2.7997195121969476        3.0192030055358012        1.0783948150458202     
  0.16400000452995300       0.25000000000000000        2.7425136128049541        2.9491025187004811        1.0753283064597936     
  0.16800001263618469       0.25000000000000000        2.6870389153258398        2.8804057781089099        1.0719628069694784     
  0.17200000584125519       0.25000000000000000        2.6332990618167802        2.8138022360037933        1.0685464012820782     
  0.17600001394748688       0.25000000000000000        2.5810848911810753        2.7493818747687158        1.0652039706879342     
  0.18000000715255737       0.25000000000000000        2.5302993596235703        2.6873962463072907        1.0620862848050878     
  0.18400001525878906       0.25000000000000000        2.4809416601808354        2.6278633079324498        1.0592201139227535     
  0.18800000846385956       0.25000000000000000        2.4328542863259770        2.5692044253212623        1.0560453372656351     
  0.19200000166893005       0.25000000000000000        2.3859774268725640        2.5108499336970609        1.0523359967358008     
  0.19600000977516174       0.25000000000000000        2.3403264133749513        2.4542528844474050        1.0486797356220758     
  0.20000000298023224       0.25000000000000000        2.2957421213572005        2.3998925114594263        1.0453667635982800     
  0.20400001108646393       0.25000000000000000        2.2521210224511914        2.3467268398929950        1.0420074305504397     
  0.20800000429153442       0.25000000000000000        2.2095322503503829        2.2942688523955410        1.0383504707983877     
  0.21200001239776611       0.25000000000000000        2.1678690388939121        2.2431496371330519        1.0347256208232714     
  0.21600000560283661       0.25000000000000000        2.1270136684750685        2.1939566434591291        1.0314727526090861     
  0.22000001370906830       0.25000000000000000        2.0869788048119053        2.1459631823755250        1.0282630458093875     
  0.22400000691413879       0.25000000000000000        2.0477731641468093        2.0985999547646399        1.0248205179693364     
  0.22800001502037048       0.25000000000000000        2.0093210881860353        2.0520256593346948        1.0212532339404312     
  0.23200000822544098       0.25000000000000000        1.9715656530698791        2.0064437624777187        1.0176905645285166     
  0.23600001633167267       0.25000000000000000        1.9345562616250591        1.9619488656980149        1.0141596316511081     
  0.24000000953674316       0.25000000000000000        1.8982562028222481        1.9184580721507036        1.0106423302072820     
  0.24400001764297485       0.25000000000000000        1.8625992608445543        1.8759020906298292        1.0071420783122416     
  0.24800001084804535       0.25000000000000000        1.8275372825760485        1.8342200560996433        1.0036567098178020     
  0.25200000405311584       0.25000000000000000        1.7931237123458184        1.7934439595158929        1.0001785973649613     
  0.25600001215934753       0.25000000000000000        1.7593276004078560        1.7535526084064321       0.99671750048138563     
  0.26000002026557922       0.25000000000000000        1.7260922848311067        1.7145198298977375       0.99329557577247296     
  0.26399999856948853       0.25000000000000000        1.6933685654585009        1.6762704373657207       0.98990289034440015     
  0.26800000667572021       0.25000000000000000        1.6611826078790322        1.6387594709432780       0.98650170256454606     
  0.27200001478195190       0.25000000000000000        1.6295429025785833        1.6019401884133508       0.98306106938236848     
  0.27600002288818359       0.25000000000000000        1.5984129816559869        1.5658252603783802       0.97961245206864800     
  0.28000000119209290       0.25000000000000000        1.5677603241905262        1.5303986608360964       0.97616876586430990     
  0.28400000929832458       0.25000000000000000        1.5375646369803919        1.4956463372511399       0.97273721135289970     
  0.28800001740455627       0.25000000000000000        1.5078504199166862        1.4615997550399200       0.96932675531613954     
  0.29200002551078796       0.25000000000000000        1.4786103980543914        1.4282448550961997       0.96593724552156235     
  0.29600000381469727       0.25000000000000000        1.4498325122964264        1.3955479852519741       0.96255807027084139     
  0.30000001192092896       0.25000000000000000        1.4215046797726802        1.3634822962418838       0.95918241821048722     
  0.30400002002716064       0.25000000000000000        1.3936290638091777        1.3320346770436113       0.95580288301593563     
  0.30800002813339233       0.25000000000000000        1.3662215733588867        1.3012154535557299       0.95241905041556485     
  0.31200000643730164       0.25000000000000000        1.3392533694790378        1.2710101664479911       0.94904384443879131     
  0.31600001454353333       0.25000000000000000        1.3126951605435553        1.2413865421467927       0.94567770146479746     
  0.32000002264976501       0.25000000000000000        1.2865208586632317        1.2123065002117321       0.94231390967993123     
  0.32400000095367432       0.25000000000000000        1.2607113594347530        1.1837722866266716       0.93897169861103058     
  0.32800000905990601       0.25000000000000000        1.2352791648102166        1.1558041844308151       0.93566233233472229     
  0.33200001716613770       0.25000000000000000        1.2102277253979821        1.1284235033970991       0.93240592635242947     
  0.33600002527236938       0.25000000000000000        1.1855562224963117        1.1015816758803521       0.92916865094837719     
  0.34000000357627869       0.25000000000000000        1.1612634326542655        1.0752421819376357       0.92592442998053115     
  0.34400001168251038       0.25000000000000000        1.1373470641161758        1.0493916709080200       0.92266617993470157     
  0.34800001978874207       0.25000000000000000        1.1138030104775907        1.0240512755925557       0.91941866376662951     
  0.35200002789497375       0.25000000000000000        1.0906241131705032       0.99925036447017646       0.91621884424075462     
  0.35600000619888306       0.25000000000000000        1.0678042411852524       0.97495780351919670       0.91304919564376608     
  0.36000001430511475       0.25000000000000000        1.0453367590351923       0.95114293531733130       0.90989140781311617     
  0.36400002241134644       0.25000000000000000        1.0232155822838387       0.92776514195298532       0.90671522015154815     
  0.36800003051757812       0.25000000000000000        1.0014345144985182       0.90485768524999943       0.90356151315906974     
  0.37200000882148743       0.25000000000000000       0.97998083863980434       0.88242430709185449       0.90045057239756177     
  0.37600001692771912       0.25000000000000000       0.95884914684219924       0.86046236399947951       0.89739075936320190     
  0.38000002503395081       0.25000000000000000       0.93804299269531821       0.83893906817768238       0.89435033864186075     
  0.38400000333786011       0.25000000000000000       0.91756507065313986       0.81782617918149836       0.89130047049344907     
  0.38800001144409180       0.25000000000000000       0.89741682672430734       0.79712690190034718       0.88824599468450804     
  0.39200001955032349       0.25000000000000000       0.87759944121384337       0.77685933805471696       0.88520947208012268     
  0.39600002765655518       0.25000000000000000       0.85810645957383824       0.75703240054283483       0.88221268130157204     
  0.40000000596046448       0.25000000000000000       0.83891792001186893       0.73761027279246416       0.87924009631601208     
   4.0000001899898052E-003  0.50000000000000000        35.944371784498614        26.963702224940675       0.75015088277517350     
   8.0000003799796104E-003  0.50000000000000000        18.909739342436556        15.409873809541498       0.81491730427818299     
   1.2000000104308128E-002  0.50000000000000000        13.361600967487885        11.591775441526337       0.86754390209167487     
   1.6000000759959221E-002  0.50000000000000000        10.553760096883851        9.6293664913322310       0.91241097039674413     
   2.0000001415610313E-002  0.50000000000000000        8.8289084569497600        8.4048766718321382       0.95197234321941104     
   2.4000000208616257E-002  0.50000000000000000        7.6489426747162677        7.5519234393729668       0.98731599392632396     
   2.8000000864267349E-002  0.50000000000000000        6.7838132512062090        6.9143060400613159        1.0192359052383855     
   3.2000001519918442E-002  0.50000000000000000        6.1175351357187688        6.4108973488759284        1.0479543160192559     
   3.6000002175569534E-002  0.50000000000000000        5.5880989562989649        5.9962307508973733        1.0730358924904788     
   4.0000002831220627E-002  0.50000000000000000        5.1558150419296123        5.6434806022600768        1.0945855420267270     
   4.4000003486871719E-002  0.50000000000000000        4.7948180496530783        5.3389414283474839        1.1134815488428753     
   4.8000000417232513E-002  0.50000000000000000        4.4883701697089498        5.0661103003630172        1.1287193588784437     
   5.2000001072883606E-002  0.50000000000000000        4.2248655465218281        4.8196551833327517        1.1407830924467151     
   5.6000001728534698E-002  0.50000000000000000        3.9954603930870571        4.5917765167470632        1.1492484131970753     
   6.0000002384185791E-002  0.50000000000000000        3.7937481622953229        4.3820702265282696        1.1550767312601466     
   6.4000003039836884E-002  0.50000000000000000        3.6148745320750306        4.1893252915854200        1.1589130561554069     
   6.8000003695487976E-002  0.50000000000000000        3.4549782690509323        4.0170067469608535        1.1626720732065003     
   7.2000004351139069E-002  0.50000000000000000        3.3109815692493751        3.8581007480618363        1.1652438007791439     
   7.6000005006790161E-002  0.50000000000000000        3.1804955722222839        3.7124501573318733        1.1672552509601204     
   8.0000005662441254E-002  0.50000000000000000        3.0617681442746156        3.5772979756891923        1.1683765089719798     
   8.4000006318092346E-002  0.50000000000000000        2.9530505908156144        3.4518852111509823        1.1689217996761758     
   8.8000006973743439E-002  0.50000000000000000        2.8528918418821489        3.3353597887515893        1.1691154006564581     
   9.2000007629394531E-002  0.50000000000000000        2.7601626449760461        3.2262825338657595        1.1688740660765513     
   9.6000000834465027E-002  0.50000000000000000        2.6743014194737023        3.1234467896240843        1.1679486713351754     
  0.10000000149011612       0.50000000000000000        2.5944270252995483        3.0268899050403486        1.1666891670197850     
  0.10400000214576721       0.50000000000000000        2.5196928778897729        2.9359149383857646        1.1651876163751254     
  0.10800000280141830       0.50000000000000000        2.4494182778027103        2.8498093630103516        1.1634637451823127     
  0.11200000345706940       0.50000000000000000        2.3830715708366226        2.7682074598161632        1.1616132279419251     
  0.11600000411272049       0.50000000000000000        2.3205223618149038        2.6906455594618555        1.1594999486914983     
  0.12000000476837158       0.50000000000000000        2.2614513163722294        2.6165896859238251        1.1570400242448291     
  0.12400000542402267       0.50000000000000000        2.2054847999237741        2.5463636542953765        1.1545596026702989     
  0.12800000607967377       0.50000000000000000        2.1523069285217189        2.4796560123389306        1.1520921944167353     
  0.13199999928474426       0.50000000000000000        2.1016482990522030        2.4161196673202263        1.1496308247244997     
  0.13600000739097595       0.50000000000000000        2.0532738041197542        2.3549471125726820        1.1469230785722004     
  0.14000000059604645       0.50000000000000000        2.0068469281838843        2.2956419136824691        1.1439048396979299     
  0.14400000870227814       0.50000000000000000        1.9622153440761934        2.2387128255875810        1.1409108752238211     
  0.14800000190734863       0.50000000000000000        1.9193385863700028        2.1841427006041831        1.1379663370051856     
  0.15200001001358032       0.50000000000000000        1.8780875853423540        2.1315620793165113        1.1349641496767318     
  0.15600000321865082       0.50000000000000000        1.8382837688087146        2.0808455693401124        1.1319501399332859     
  0.16000001132488251       0.50000000000000000        1.7999000164099497        2.0320930347469695        1.1290032869715441     
  0.16400000452995300       0.50000000000000000        1.7627755406780927        1.9846940678566760        1.1258915398231684     
  0.16800001263618469       0.50000000000000000        1.7267820871413975        1.9382782113433656        1.1224799155474734     
  0.17200000584125519       0.50000000000000000        1.6919202182020490        1.8932907091233715        1.1190189045292649     
  0.17600001394748688       0.50000000000000000        1.6580548971380988        1.8497810765239906        1.1156331914684023     
  0.18000000715255737       0.50000000000000000        1.6251233545907913        1.8078857914488673        1.1124606549661553     
  0.18400001525878906       0.50000000000000000        1.5931237844569381        1.7676097730619029        1.1095244389088343     
  0.18800000846385956       0.50000000000000000        1.5619529544685589        1.7279650557756487        1.1062849561711505     
  0.19200000166893005       0.50000000000000000        1.5315706158014615        1.6885932018519088        1.1025238956861798     
  0.19600000977516174       0.50000000000000000        1.5019864623881722        1.6503962835687533        1.0988090271763222     
  0.20000000298023224       0.50000000000000000        1.4730994263815689        1.6136639029660675        1.0954209023960946     
  0.20400001108646393       0.50000000000000000        1.4448433414710751        1.5777506184973038        1.0919873270765179     
  0.20800000429153442       0.50000000000000000        1.4172606885357424        1.5423613396355786        1.0882693297794672     
  0.21200001239776611       0.50000000000000000        1.3902837078936978        1.5078778994395947        1.0845828738970509     
  0.21600000560283661       0.50000000000000000        1.3638377836852755        1.4746587841905172        1.0812567314316430     
  0.22000001370906830       0.50000000000000000        1.3379305962759707        1.4422491450828312        1.0779700749031551     
  0.22400000691413879       0.50000000000000000        1.3125663108454728        1.4102901836445156        1.0744525225061545     
  0.22800001502037048       0.50000000000000000        1.2876954951462045        1.3788774542352129        1.0708101872163929     
  0.23200000822544098       0.50000000000000000        1.2632808008338683        1.3481352106674391        1.0671698721120118     
  0.23600001633167267       0.50000000000000000        1.2393530985507755        1.3181246855982898        1.0635586316277621     
  0.24000000953674316       0.50000000000000000        1.2158888040070728        1.2887925531544839        1.0599592239908371     
  0.24400001764297485       0.50000000000000000        1.1928455185968030        1.2600927437511473        1.0563754686637463     
  0.24800001084804535       0.50000000000000000        1.1701922311751709        1.2319868530887228        1.0528072399280026     
  0.25200000405311584       0.50000000000000000        1.1479617682359373        1.2045007002371395        1.0492515809895699     
  0.25600001215934753       0.50000000000000000        1.1261345833242065        1.1776133714694872        1.0457128205700974     
  0.26000002026557922       0.50000000000000000        1.1046750560525866        1.1513007771126804        1.0422076345479410     
  0.26399999856948853       0.50000000000000000        1.0835521990084451        1.1255148503035863        1.0387269310454459     
  0.26800000667572021       0.50000000000000000        1.0627817697795192        1.1002316797361849        1.0352376292307262     
  0.27200001478195190       0.50000000000000000        1.0423684777641991        1.0754239162470260        1.0317118554407252     
  0.27600002288818359       0.50000000000000000        1.0222891138079393        1.0510956370345872        1.0281784505357257     
  0.28000000119209290       0.50000000000000000        1.0025229481297984        1.0272345062835562        1.0246493690741514     
  0.28400000929832458       0.50000000000000000       0.98305698917345619        1.0038305153761167        1.0211315584258513     
  0.28800001740455627       0.50000000000000000       0.96390639922030985       0.98090361378286151        1.0176336774777099     
  0.29200002551078796       0.50000000000000000       0.94506575002395665       0.95844386239782198        1.0141557477599059     
  0.29600000381469727       0.50000000000000000       0.92652662520149975       0.93642943157252034        1.0106880969220575     
  0.30000001192092896       0.50000000000000000       0.90828065499121236       0.91484271534715267        1.0072247056236201     
  0.30400002002716064       0.50000000000000000       0.89032826139671073       0.89367461244301893        1.0037585587152524     
  0.30800002813339233       0.50000000000000000       0.87267888120715942       0.87293142383117328        1.0002893878028358     
  0.31200000643730164       0.50000000000000000       0.85531521306277836       0.85260336769701006       0.99682941993273155     
  0.31600001454353333       0.50000000000000000       0.83821959936897350       0.83266906084095471       0.99337818092991703     
  0.32000002264976501       0.50000000000000000       0.82137628942762153       0.81310326779715514       0.98992785433795338     
  0.32400000095367432       0.50000000000000000       0.80477360728554759       0.79390720292975059       0.98649756371552899     
  0.32800000905990601       0.50000000000000000       0.78841830328847318       0.77509371233387692       0.98309959205789654     
  0.33200001716613770       0.50000000000000000       0.77231192120648795       0.75667665144168650       0.97975523964413702     
  0.33600002527236938       0.50000000000000000       0.75645350291713409       0.73862395663369873       0.97643008299296818     
  0.34000000357627869       0.50000000000000000       0.74084186472131797       0.72091158020961643       0.97309778852846185     
  0.34400001168251038       0.50000000000000000       0.72547516852656047       0.70353053590068371       0.96975136630734549     
  0.34800001978874207       0.50000000000000000       0.71035015874545915       0.68649399655095755       0.96641633439396468     
  0.35200002789497375       0.50000000000000000       0.69546205338586498       0.66982021424439275       0.96312977966715130     
  0.35600000619888306       0.50000000000000000       0.68080728128260870       0.65348931035686009       0.95987414988529085     
  0.36000001430511475       0.50000000000000000       0.66638190201380698       0.63748169132788146       0.95663115910172669     
  0.36400002241134644       0.50000000000000000       0.65218228705478254       0.62177178317651172       0.95337115944132289     
  0.36800003051757812       0.50000000000000000       0.63820469688520953       0.60637964807913780       0.95013347761087386     
  0.37200000882148743       0.50000000000000000       0.62444057505320771       0.59130619697106346       0.94693749989048848     
  0.37600001692771912       0.50000000000000000       0.61088589246417779       0.57654878564670131       0.94379129189091560     
  0.38000002503395081       0.50000000000000000       0.59754280806540438       0.56208742496759068       0.94066469779361328     
  0.38400000333786011       0.50000000000000000       0.58441293354639345       0.54790481767644472       0.93753027393078636     
  0.38800001144409180       0.50000000000000000       0.57149708471202165       0.53400270024152219       0.93439269337761721     
  0.39200001955032349       0.50000000000000000       0.55879591162624265       0.52039185463893167       0.93127355410395707     
  0.39600002765655518       0.50000000000000000       0.54630495548755797       0.50707675020319443       0.92819357596829088     
  0.40000000596046448       0.50000000000000000       0.53401085613023103       0.49403394141839052       0.92513838575953744     
   4.0000001899898052E-003  0.75000000000000000        18.469062880666506        14.404624393533869       0.77993260874176196     
   8.0000003799796104E-003  0.75000000000000000        9.5832517096192404        8.1548132760502270       0.85094428521216747     
   1.2000000104308128E-002  0.75000000000000000        6.7120050274069305        6.0957830665573782       0.90819107579130953     
   1.6000000759959221E-002  0.75000000000000000        5.2685583935362317        5.0406202974936090       0.95673615455752181     
   2.0000001415610313E-002  0.75000000000000000        4.3870823840718369        4.3840348558676920       0.99930534055726661     
   2.4000000208616257E-002  0.75000000000000000        3.7869184467684716        3.9277954309948147        1.0372009553959523     
   2.8000000864267349E-002  0.75000000000000000        3.3487112452962915        3.5874673911006090        1.0712979198011421     
   3.2000001519918442E-002  0.75000000000000000        3.0126448134140587        3.3192601399202135        1.1017761287825647     
   3.6000002175569534E-002  0.75000000000000000        2.7462300862717814        3.0989593797061792        1.1284412748945063     
   4.0000002831220627E-002  0.75000000000000000        2.5291925947313127        2.9124224063849771        1.1515225896406582     
   4.4000003486871719E-002  0.75000000000000000        2.3484223152793704        2.7512569129702427        1.1715341380764177     
   4.8000000417232513E-002  0.75000000000000000        2.1952896344069530        2.6074367405806291        1.1877415625319143     
   5.2000001072883606E-002  0.75000000000000000        2.0638132224360421        2.4778954142959568        1.2006393734463765     
   5.6000001728534698E-002  0.75000000000000000        1.9495204590698059        2.3585874024618994        1.2098295206336411     
   6.0000002384185791E-002  0.75000000000000000        1.8491378931425604        2.2489599609389526        1.2162207963392635     
   6.4000003039836884E-002  0.75000000000000000        1.7602073485292571        2.1486734279044866        1.2206933630289709     
   6.8000003695487976E-002  0.75000000000000000        1.6807925303417353        2.0587987644412045        1.2248976166157841     
   7.2000004351139069E-002  0.75000000000000000        1.6093254830412183        1.9761550483349584        1.2279399469897940     
   7.6000005006790161E-002  0.75000000000000000        1.5445970785375294        1.9003773510762429        1.2303385636826252     
   8.0000005662441254E-002  0.75000000000000000        1.4857414508750246        1.8302081937383339        1.2318483762167611     
   8.4000006318092346E-002  0.75000000000000000        1.4318785190323975        1.7651933125036043        1.2327814748533603     
   8.8000006973743439E-002  0.75000000000000000        1.3822761811529909        1.7047583997546056        1.2332979638936008     
   9.2000007629394531E-002  0.75000000000000000        1.3363667751477823        1.6481501228683402        1.2333067190226121     
   9.6000000834465027E-002  0.75000000000000000        1.2938765479332501        1.5949868901085147        1.2327195300480851     
  0.10000000149011612       0.75000000000000000        1.2543657769820638        1.5450662480826847        1.2317509584804127     
  0.10400000214576721       0.75000000000000000        1.2174098008142971        1.4979989106262463        1.2304804098211382     
  0.10800000280141830       0.75000000000000000        1.1826675645074178        1.4534423856845462        1.2289526062126397     
  0.11200000345706940       0.75000000000000000        1.1498727241956976        1.4112022675176037        1.2272682339731977     
  0.11600000411272049       0.75000000000000000        1.1189570535437188        1.3711100700683654        1.2253464650194412     
  0.12000000476837158       0.75000000000000000        1.0897662774770422        1.3329298931964220        1.2231337312825799     
  0.12400000542402267       0.75000000000000000        1.0621196254741341        1.2967074760034718        1.2208676357191093     
  0.12800000607967377       0.75000000000000000        1.0358635416661890        1.2622705419466951        1.2185683646287326     
  0.13199999928474426       0.75000000000000000        1.0108665187440620        1.2294413471432921        1.2162252130684827     
  0.13600000739097595       0.75000000000000000       0.98701261509548865        1.1978765173987647        1.2136385078349541     
  0.14000000059604645       0.75000000000000000       0.96411342405812051        1.1673298405039294        1.2107806108439356     
  0.14400000870227814       0.75000000000000000       0.94210130149899396        1.1380527426403109        1.2079940244531402     
  0.14800000190734863       0.75000000000000000       0.92097007040345458        1.1100026038318125        1.2052537205096658     
  0.15200001001358032       0.75000000000000000       0.90064897535264199        1.0829166118970008        1.2023736678021462     
  0.15600000321865082       0.75000000000000000       0.88104651774296738        1.0567756199731506        1.1994549648528883     
  0.16000001132488251       0.75000000000000000       0.86214737756616977        1.0316583838020974        1.1966148835416688     
  0.16400000452995300       0.75000000000000000       0.84387630061458019        1.0072735664232155        1.1936270347794291     
  0.16800001263618469       0.75000000000000000       0.82617240910094025       0.98344784048179168        1.1903663565235763     
  0.17200000584125519       0.75000000000000000       0.80903347268177328       0.96037395641415613        1.1870633154778152     
  0.17600001394748688       0.75000000000000000       0.79239400547399663       0.93805894815287638        1.1838289306488954     
  0.18000000715255737       0.75000000000000000       0.77622339103269578       0.91652929868589750        1.1807545473044008     
  0.18400001525878906       0.75000000000000000       0.76051895309621664       0.89577863077677200        1.1778518170124328     
  0.18800000846385956       0.75000000000000000       0.74522849933649626       0.87541108863416150        1.1746881519071957     
  0.19200000166893005       0.75000000000000000       0.73033024141562120       0.85528028144378698        1.1710870410979715     
  0.19600000977516174       0.75000000000000000       0.71582857355358620       0.83573582128848045        1.1675083283412939     
  0.20000000298023224       0.75000000000000000       0.70167679018341111       0.81687764171028043        1.1641793673932936     
  0.20400001108646393       0.75000000000000000       0.68784373254355269       0.79845596142448261        1.1608101137621780     
  0.20800000429153442       0.75000000000000000       0.67434699882879179       0.78036597596459079        1.1572172447121929     
  0.21200001239776611       0.75000000000000000       0.66115534582574320       0.76274302719501230        1.1536517582602197     
  0.21600000560283661       0.75000000000000000       0.64823450609902444       0.74571916412810435        1.1503848639834489     
  0.22000001370906830       0.75000000000000000       0.63558749556549710       0.72910967842440555        1.1471428930106617     
  0.22400000691413879       0.75000000000000000       0.62321430368639719       0.71276509620725115        1.1436918119355555     
  0.22800001502037048       0.75000000000000000       0.61109015946895295       0.69671907038081471        1.1401248401484236     
  0.23200000822544098       0.75000000000000000       0.59919613126198923       0.68101803067305222        1.1365527832076199     
  0.23600001633167267       0.75000000000000000       0.58754574775957080       0.66568961821446848        1.1330004867754992     
  0.24000000953674316       0.75000000000000000       0.57612772912321109       0.65070965735803443        1.1294538076622818     
  0.24400001764297485       0.75000000000000000       0.56492200432009665       0.63605535104801347        1.1259171110063739     
  0.24800001084804535       0.75000000000000000       0.55391364258846842       0.62171091997659467        1.1223968362131431     
  0.25200000405311584       0.75000000000000000       0.54311622409566951       0.60769538719024940        1.1189048682942757     
  0.25600001215934753       0.75000000000000000       0.53252086597913029       0.59398893296248634        1.1154284665828758     
  0.26000002026557922       0.75000000000000000       0.52211162324716542       0.58057047605853274        1.1119661968982697     
  0.26399999856948853       0.75000000000000000       0.51187454193425952       0.56741902123643795        1.1085119003814650     
  0.26800000667572021       0.75000000000000000       0.50181567498197488       0.55453093202212445        1.1050490442372951     
  0.27200001478195190       0.75000000000000000       0.49193623437581341       0.54189780720713088        1.1015610750745175     
  0.27600002288818359       0.75000000000000000       0.48222543812610563       0.52951585294616033        1.0980670265007626     
  0.28000000119209290       0.75000000000000000       0.47267360964272115       0.51737689077799887        1.0945753691835418     
  0.28400000929832458       0.75000000000000000       0.46327460296226497       0.50547495531152065        1.0910914435615910     
  0.28800001740455627       0.75000000000000000       0.45403484595069216       0.49381828534299721        1.0876219958602593     
  0.29200002551078796       0.75000000000000000       0.44495069095823081       0.48240111206978703        1.0841675760316367     
  0.29600000381469727       0.75000000000000000       0.43601718293217773       0.47121361825524777        1.0807225877805482     
  0.30000001192092896       0.75000000000000000       0.42722947514128035       0.46024762857624379        1.0772843526866789     
  0.30400002002716064       0.75000000000000000       0.41858641907542321       0.44949803874609612        1.0738476411608162     
  0.30800002813339233       0.75000000000000000       0.41009142648314767       0.43896701494664742        1.0704125631475165     
  0.31200000643730164       0.75000000000000000       0.40173793098342175       0.42864946691714839        1.0669877894473379     
  0.31600001454353333       0.75000000000000000       0.39351910517241578       0.41853512651795349        1.0635700300613797     
  0.32000002264976501       0.75000000000000000       0.38542882247550592       0.40861182746539032        1.0601486023826299     
  0.32400000095367432       0.75000000000000000       0.37746232985643102       0.39887972647271541        1.0567404875194581     
  0.32800000905990601       0.75000000000000000       0.36962106299932590       0.38934412002848218        1.0533602086123328     
  0.33200001716613770       0.75000000000000000       0.36190482274463937       0.38001127360618042        1.0500309742330154     
  0.33600002527236938       0.75000000000000000       0.35431255023803715       0.37086589446390417        1.0467196101711498     
  0.34000000357627869       0.75000000000000000       0.34684312658365885       0.36189659719606271        1.0434013807933222     
  0.34400001168251038       0.75000000000000000       0.33949516436963245       0.35309882581216134        1.0400702657069885     
  0.34800001978874207       0.75000000000000000       0.33226624324817594       0.34447768114784588        1.0367519666767622     
  0.35200002789497375       0.75000000000000000       0.32515381718492892       0.33604019152584785        1.0334806905702951     
  0.35600000619888306       0.75000000000000000       0.31815669102680777       0.32777783073642053        1.0302402557637931     
  0.36000001430511475       0.75000000000000000       0.31127343009023162       0.31968216239017483        1.0270139738477058     
  0.36400002241134644       0.75000000000000000       0.30450269000552599       0.31174273868694280        1.0237766329134412     
  0.36800003051757812       0.75000000000000000       0.29784301887977954       0.30396642218310466        1.0205591634356781     
  0.37200000882148743       0.75000000000000000       0.29128978483315932       0.29635137756784319        1.0173764855419938     
  0.37600001692771912       0.75000000000000000       0.28484028600162031       0.28889502224937674        1.0142351220913091     
  0.38000002503395081       0.75000000000000000       0.27849538116285211       0.28159016542680076        1.0111125155865295     
  0.38400000333786011       0.75000000000000000       0.27225567402603945       0.27443046224035023        1.0079880363268490     
  0.38800001144409180       0.75000000000000000       0.26612139644368482       0.26741619020071616        1.0048654252319968     
  0.39200001955032349       0.75000000000000000       0.26009270792650763       0.26055081929993956        1.0017613387821753     
  0.39600002765655518       0.75000000000000000       0.25416704202194462       0.25383441566884057       0.99869130808440798     
  0.40000000596046448       0.75000000000000000       0.24833726488820193       0.24725603163184134       0.99564610950818300     
   4.0000001899898052E-003   1.0000000000000000        8.0912491749691267        6.0687649885825214       0.75004055089005184     
   8.0000003799796104E-003   1.0000000000000000        4.0527259268027738        3.3421521817763482       0.82466770320513572     
   1.2000000104308128E-002   1.0000000000000000        2.7725652680255375        2.4514825004977223       0.88419289124382927     
   1.6000000759959221E-002   1.0000000000000000        2.1395070906300848        1.9988101874986808       0.93423863667123030     
   2.0000001415610313E-002   1.0000000000000000        1.7586275946744570        1.7193056336472941       0.97764054132538403     
   2.4000000208616257E-002   1.0000000000000000        1.5024351025456841        1.5264355797761220        1.0159743853094034     
   2.8000000864267349E-002   1.0000000000000000        1.3173865696693385        1.3834584608622256        1.0501537610251113     
   3.2000001519918442E-002   1.0000000000000000        1.1770329257097565        1.2713397503553907        1.0801225034454893     
   3.6000002175569534E-002   1.0000000000000000        1.0664732771462810        1.1800615534943355        1.1065083193195420     
   4.0000002831220627E-002   1.0000000000000000       0.97695246999799235        1.1037831511767631        1.1298227754918633     
   4.4000003486871719E-002   1.0000000000000000       0.90291957440901038        1.0377380925914887        1.1493139832201793     
   4.8000000417232513E-002   1.0000000000000000       0.84056484167047429       0.97951002121396746        1.1652997754074084     
   5.2000001072883606E-002   1.0000000000000000       0.78724989809229895       0.92742934882466221        1.1780622024493781     
   5.6000001728534698E-002   1.0000000000000000       0.74109355330705751       0.88012558164899590        1.1876038831015621     
   6.0000002384185791E-002   1.0000000000000000       0.70068219256161168       0.83683960882004593        1.1943212168139434     
   6.4000003039836884E-002   1.0000000000000000       0.66497849508000451       0.79780909598357186        1.1997517241329532     
   6.8000003695487976E-002   1.0000000000000000       0.63318626997173066       0.76259671731503942        1.2043797433401175     
   7.2000004351139069E-002   1.0000000000000000       0.60463351562609047       0.73045271133351908        1.2080916662007140     
   7.6000005006790161E-002   1.0000000000000000       0.57881062243882087       0.70102163601346157        1.2111416218653765     
   8.0000005662441254E-002   1.0000000000000000       0.55537577358885748       0.67389476575213869        1.2134032447929937     
   8.4000006318092346E-002   1.0000000000000000       0.53396360875093385       0.64886976520966144        1.2151947334529409     
   8.8000006973743439E-002   1.0000000000000000       0.51426819742816743       0.62560455396215031        1.2164947338582690     
   9.2000007629394531E-002   1.0000000000000000       0.49605460954839564       0.60377728989950197        1.2171589141146701     
   9.6000000834465027E-002   1.0000000000000000       0.47921895669685510       0.58346880316621630        1.2175411573614099     
  0.10000000149011612        1.0000000000000000       0.46358288594548636       0.56441827639752995        1.2175131859028572     
  0.10400000214576721        1.0000000000000000       0.44897173040690946       0.54644135926658399        1.2170952473362553     
  0.10800000280141830        1.0000000000000000       0.43524564217422756       0.52941527135207922        1.2163597289738188     
  0.11200000345706940        1.0000000000000000       0.42229543244434670       0.51324774162758657        1.2153760192403367     
  0.11600000411272049        1.0000000000000000       0.41008983003406463       0.49798347316861141        1.2143277806407582     
  0.12000000476837158        1.0000000000000000       0.39857189849494012       0.48359175459595677        1.2133112154220174     
  0.12400000542402267        1.0000000000000000       0.38767465020271141       0.46988656459589173        1.2120641995812531     
  0.12800000607967377        1.0000000000000000       0.37734034528941662       0.45680209260067278        1.2105837562911799     
  0.13199999928474426        1.0000000000000000       0.36751890634516293       0.44429941166949766        1.2089157972521412     
  0.13600000739097595        1.0000000000000000       0.35816484435660201       0.43233850990342543        1.2070936517515198     
  0.14000000059604645        1.0000000000000000       0.34917894862844939       0.42083850028564712        1.2052230008099614     
  0.14400000870227814        1.0000000000000000       0.34054304846928479       0.40987505923495304        1.2035925004997470     
  0.14800000190734863        1.0000000000000000       0.33227016486168243       0.39938962939647898        1.2020026822532714     
  0.15200001001358032        1.0000000000000000       0.32432458266136072       0.38919695874062155        1.2000230002515613     
  0.15600000321865082        1.0000000000000000       0.31666667579053592       0.37933401849912540        1.1978968660094873     
  0.16000001132488251        1.0000000000000000       0.30928823061221250       0.36985064085061170        1.1958122044234289     
  0.16400000452995300        1.0000000000000000       0.30216418968862280       0.36069515995564227        1.1937058469017625     
  0.16800001263618469        1.0000000000000000       0.29527328647098611       0.35183878986546641        1.1915699996790550     
  0.17200000584125519        1.0000000000000000       0.28861182505356947       0.34327731980873710        1.1894083679524259     
  0.17600001394748688        1.0000000000000000       0.28215538157556341       0.33497960366717666        1.1872167803308991     
  0.18000000715255737        1.0000000000000000       0.27589230578543450       0.32692292591521060        1.1849657241600038     
  0.18400001525878906        1.0000000000000000       0.26981952945888593       0.31910084904764607        1.1826454878473482     
  0.18800000846385956        1.0000000000000000       0.26391521036901239       0.31149651533428085        1.1802901200682567     
  0.19200000166893005        1.0000000000000000       0.25816865449027110       0.30410044308368483        1.1779138861148795     
  0.19600000977516174        1.0000000000000000       0.25258110105080073       0.29690737758998614        1.1754932429812721     
  0.20000000298023224        1.0000000000000000       0.24713772521632793       0.28989607275112872        1.1730142474095080     
  0.20400001108646393        1.0000000000000000       0.24182793904811098       0.28306048561224212        1.1705036511762523     
  0.20800000429153442        1.0000000000000000       0.23665487821481546       0.27640810225867829        1.1679797363305489     
  0.21200001239776611        1.0000000000000000       0.23160870607519149       0.26993217062415670        1.1654664248092796     
  0.21600000560283661        1.0000000000000000       0.22667880088158385       0.26363364538172468        1.1630273512848073     
  0.22000001370906830        1.0000000000000000       0.22186544478249257       0.25749021584002763        1.1605692634671436     
  0.22400000691413879        1.0000000000000000       0.21716633278856753       0.25148018372661590        1.1580072311275627     
  0.22800001502037048        1.0000000000000000       0.21257135227245949       0.24560048781394786        1.1553790536137432     
  0.23200000822544098        1.0000000000000000       0.20807253396126196       0.23985055616902973        1.1527256942700763     
  0.23600001633167267        1.0000000000000000       0.20367324558315997       0.23423684032813474        1.1500619026198786     
  0.24000000953674316        1.0000000000000000       0.19936945053638755       0.22875438214385257        1.1473893393817720     
  0.24400001764297485        1.0000000000000000       0.19515422689547285       0.22339604590301612        1.1447153846309972     
  0.24800001084804535        1.0000000000000000       0.19102213233167764       0.21815943084964953        1.1420636351752820     
  0.25200000405311584        1.0000000000000000       0.18697555580711064       0.21305687512544777        1.1394905296885085     
  0.25600001215934753        1.0000000000000000       0.18301184454479311       0.20807189439011131        1.1369313003081865     
  0.26000002026557922        1.0000000000000000       0.17912654930401919       0.20318803317031983        1.1343267313516030     
  0.26399999856948853        1.0000000000000000       0.17531567384036756       0.19840103745425969        1.1316788345742113     
  0.26800000667572021        1.0000000000000000       0.17157965067616893       0.19371763845164064        1.1290245532510954     
  0.27200001478195190        1.0000000000000000       0.16791771276141809       0.18913995006499243        1.1263847449716484     
  0.27600002288818359        1.0000000000000000       0.16432638596596358       0.18466140207429760        1.1237477230987478     
  0.28000000119209290        1.0000000000000000       0.16080249645327502       0.18027786508394619        1.1211135962452561     
  0.28400000929832458        1.0000000000000000       0.15734392305032766       0.17598574416279167        1.1184781766659095     
  0.28800001740455627        1.0000000000000000       0.15395197572716768       0.17178516947758912        1.1158360824288820     
  0.29200002551078796        1.0000000000000000       0.15062415693513817       0.16767300955798414        1.1131880368312206     
  0.29600000381469727        1.0000000000000000       0.14735764639056906       0.16364793888568230        1.1105493531834518     
  0.30000001192092896        1.0000000000000000       0.14414975868331809       0.15970879279761549        1.1079365949441440     
  0.30400002002716064        1.0000000000000000       0.14099853766111714       0.15585240235260256        1.1053476506769591     
  0.30800002813339233        1.0000000000000000       0.13790391258304499       0.15207747055617041        1.1027785050303789     
  0.31200000643730164        1.0000000000000000       0.13486548262786924       0.14838151064254082        1.1002185863373655     
  0.31600001454353333        1.0000000000000000       0.13188265211470981       0.14476253185218146        1.0976616676336544     
  0.32000002264976501        1.0000000000000000       0.12895483448054501       0.14121774811203711        1.0950946405451916     
  0.32400000095367432        1.0000000000000000       0.12608127252471676       0.13774630275409649        1.0925199277877922     
  0.32800000905990601        1.0000000000000000       0.12326040744891008       0.13434801251183179        1.0899526887213753     
  0.33200001716613770        1.0000000000000000       0.12049110065232643       0.13102352055608474        1.0874124300196186     
  0.33600002527236938        1.0000000000000000       0.11777229451352204       0.12776931636928379        1.0848843261231862     
  0.34000000357627869        1.0000000000000000       0.11510296355117230       0.12458276449529258        1.0823593124942066     
  0.34400001168251038        1.0000000000000000       0.11248203626251004       0.12146231751246311        1.0798374704827973     
  0.34800001978874207        1.0000000000000000       0.10990764925902434       0.11840739572825330        1.0773353495096345     
  0.35200002789497375        1.0000000000000000       0.10737857968593677       0.11541741436258422        1.0748644161634435     
  0.35600000619888306        1.0000000000000000       0.10489498673432771       0.11249139399019890        1.0724191640837037     
  0.36000001430511475        1.0000000000000000       0.10245687194647782       0.10962830376983902        1.0699946395699789     
  0.36400002241134644        1.0000000000000000       0.10006420158502091       0.10682764236263284        1.0675910132742654     
  0.36800003051757812        1.0000000000000000        9.7716841103462487E-002  0.10408768259273884        1.0651969652040933     
  0.37200000882148743        1.0000000000000000        9.5412508123839473E-002  0.10140488740582537        1.0628049655104777     
  0.37600001692771912        1.0000000000000000        9.3149343096158188E-002   9.8776777599910673E-002   1.0604130347751703     
  0.38000002503395081        1.0000000000000000        9.0927454833631627E-002   9.6204498819875237E-002   1.0580357604411004     
  0.38400000333786011        1.0000000000000000        8.8746868448340760E-002   9.3688865967768639E-002   1.0556864439932840     
  0.38800001144409180        1.0000000000000000        8.6607486145872603E-002   9.1229199832318211E-002   1.0533639052709749     
  0.39200001955032349        1.0000000000000000        8.4509191987255733E-002   8.8824185533211406E-002   1.0510594580836412     
  0.39600002765655518        1.0000000000000000        8.2450571648541110E-002   8.6470980956322094E-002   1.0487614485551249     
  0.40000000596046448        1.0000000000000000        8.0428219228631526E-002   8.4166964247383347E-002   1.0464854879867944     
