 z up dp u1 d1 u2 d2
   0.0000000000000000        0.0000000000000000        0.0000000000000000        0.0000000000000000        0.0000000000000000        0.0000000000000000        0.0000000000000000     
  0.20000000298023224        4.0141108475947744        2.6317950221820361        3.1297751380891325        1.9133420808596686        2.7654758426420414        1.6622143733289982     
  0.25000000000000000        3.0125873640869978        1.9467639782352706        2.2979101216885671        1.4140929389884969        2.0113948123964209        1.2222865189881125     
  0.30000001192092896        2.3029712830890525        1.3594433012072300        1.7134823063396494       0.98117346277266959        1.4774460505112117       0.84390682544709772     
  0.35000002384185791        1.7577746634463851       0.93169267419602797        1.2735448830151994       0.66551690388286255        1.0787094560428143       0.56852946557006601     
  0.40000000596046448        1.3317747585542044       0.64491546311282644       0.93906582875999678       0.45524700494950227       0.78088789078266974       0.38511354259802738     
  0.45000001788139343        1.0061496452864305       0.45754625035415436       0.69061186053654966       0.31929836365236425       0.56437550943388903       0.26671628924514390     
  0.50000000000000000       0.76647341545562386       0.33212937292730493       0.51369934478420420       0.22937371795333411       0.41359873486864623       0.18897312873537009     
  0.55000001192092896       0.59642468539678517       0.24287044427477447       0.39219184202691454       0.16587999281948990       0.31218875806541885       0.13486123743485612     
  0.60000002384185791       0.47746881491069515       0.17464475346945224       0.30977862232382392       0.11792407257370992       0.24463627273956481        9.4750217862725264E-002
  0.64999997615814209       0.39241602185288860       0.12081746947355028       0.25227123836194698        8.0413198455053361E-002  0.19810919482192124        6.3955323134635297E-002
  0.70000004768371582       0.32653548146485983        7.8253880039200308E-002  0.20835024943787930        5.1224054887524163E-002  0.16278233092469066        4.0363481625196346E-002
  0.75000000000000000       0.26970473304784504        4.6190163947682383E-002  0.17043157615198271        2.9504059958556358E-002  0.13232878567123987        2.3033092790340645E-002
  0.80000007152557373       0.21513474129756427        2.3653408504206594E-002  0.13405865863444774        1.4665742666847283E-002  0.10320217092946753        1.1332046343492698E-002
  0.85000002384185791       0.15979589029451030        9.7110244744092900E-003   9.7524808846232588E-002   5.7753272725140203E-003   7.4182435114909503E-002   4.4059084478092550E-003
  0.89999997615814209       0.10340062742286057        2.6635342303200586E-003   6.1156115242309801E-002   1.4942783119245447E-003   4.5705408693934448E-002   1.1199441404317215E-003
