 pt up dp u1 d1 u2 d2
   0.0000000000000000        0.0000000000000000        0.0000000000000000        0.0000000000000000        0.0000000000000000        0.0000000000000000        0.0000000000000000     
   9.9999997764825821E-003  0.11477606501176964        3.3876439457058288E-002   7.4021851849357001E-002   2.2627323017082132E-002   5.8233151303041249E-002   1.8160703870570925E-002
   1.9999999552965164E-002  0.11465543555896832        3.3840835375718296E-002   7.3962584637356499E-002   2.2609205956825560E-002   5.8191359653033542E-002   1.8147670645284802E-002
   2.9999999329447746E-002  0.11442875989032855        3.3773931491495775E-002   7.3844373492614065E-002   2.2573070657728352E-002   5.8105459115341158E-002   1.8120881536461977E-002
   3.9999999105930328E-002  0.11412253931090731        3.3683549730122393E-002   7.3686938053075815E-002   2.2524945104857579E-002   5.7991859012309070E-002   1.8085453987296784E-002
   4.9999997019767761E-002  0.11371807976268065        3.3564172494137498E-002   7.3475925027037689E-002   2.2460441721306817E-002   5.7838525521290506E-002   1.8037635106444232E-002
   5.9999998658895493E-002  0.11322918530765415        3.3419874086582764E-002   7.3221327581199938E-002   2.2382615261925348E-002   5.7653714528733260E-002   1.7979999590715535E-002
   7.0000000298023224E-002  0.11265576530766275        3.3250627755379618E-002   7.2922615194988244E-002   2.2291303554866585E-002   5.7436888283346775E-002   1.7912379735946900E-002
   7.9999998211860657E-002  0.11200277031606717        3.3057894668596412E-002   7.2582969817622842E-002   2.2187479272267628E-002   5.7190589347725584E-002   1.7835568470656159E-002
   8.9999996125698090E-002  0.11126278074344126        3.2839484916063547E-002   7.2196199065377567E-002   2.2069249499221372E-002   5.6909525121745248E-002   1.7747915234270623E-002
   9.9999994039535522E-002  0.11044353593194950        3.2597682783762148E-002   7.1767435498694826E-002   2.1938183179223993E-002   5.6597833885429286E-002   1.7650710598850341E-002
  0.10999999940395355       0.10954697023829617        3.2333059201857584E-002   7.1297385541750788E-002   2.1794496255103480E-002   5.6255949165351898E-002   1.7544089764836259E-002
  0.11999999731779099       0.10857925959855920        3.2047437013157903E-002   7.0789880251704018E-002   2.1639359821146974E-002   5.5886896396526775E-002   1.7428996250278380E-002
  0.12999999523162842       0.10753429066595721        3.1739011848240739E-002   7.0239457052940796E-002   2.1471104053379125E-002   5.5485937068171474E-002   1.7303952293984300E-002
  0.14000000059604645       0.10641986138777380        3.1410085290533067E-002   6.9651061604975320E-002   2.1291240762603979E-002   5.5057003010696874E-002   1.7170184084236213E-002
  0.14999999105930328       0.10523884201339931        3.1061504501241267E-002   6.9025887205371131E-002   2.1100134721233350E-002   5.4600884850661870E-002   1.7027938187371052E-002
  0.15999999642372131       0.10399423885074477        3.0694156799580596E-002   6.8365192681406700E-002   2.0898170733088528E-002   5.4118419228700379E-002   1.6877475519764804E-002
  0.17000000178813934       0.10269278520405611        3.0310029536952322E-002   6.7673004219296548E-002   2.0686579540358876E-002   5.3612742449659079E-002   1.6719774175549321E-002
  0.17999999225139618       0.10132998508816100        2.9907795712213178E-002   6.6944877550038528E-002   2.0464002599482240E-002   5.3079917949770981E-002   1.6553606490288791E-002
  0.18999999761581421        9.9913588344044027E-002   2.9489742710096963E-002   6.6185555166051152E-002   2.0231889616257371E-002   5.2523666326109518E-002   1.6380132776625769E-002
  0.19999998807907104        9.8447090254729377E-002   2.9056902172033012E-002   6.5396562439030761E-002   1.9990706872967588E-002   5.1945018778576060E-002   1.6199674626567875E-002
  0.20999999344348907        9.6934000251407471E-002   2.8610309915316781E-002   6.4579429925331625E-002   1.9740922236765022E-002   5.1345008133794959E-002   1.6012554139435819E-002
  0.21999999880790710        9.5377926123162773E-002   2.8151030787819508E-002   6.3735756141036659E-002   1.9483024349028627E-002   5.0724720379006071E-002   1.5819109993323217E-002
  0.22999998927116394        9.3785766243859883E-002   2.7681100861648652E-002   6.2869615668811787E-002   1.9218258745986358E-002   5.0087305105116602E-002   1.5620324425778627E-002
  0.23999999463558197        9.2154224135622839E-002   2.7199547173206145E-002   6.1977430663468960E-002   1.8945531736292341E-002   4.9429529622351517E-002   1.5415189283878881E-002
  0.25000000000000000        9.0490758774388141E-002   2.6708571257687514E-002   6.1063718974992236E-002   1.8666224356064635E-002   4.8754913312852866E-002   1.5204802128986533E-002
  0.25999999046325684        8.8799029200106683E-002   2.6209253089783915E-002   6.0130161922832374E-002   1.8380850558377359E-002   4.8064611682954221E-002   1.4989523319555061E-002
  0.26999998092651367        8.7082708464728945E-002   2.5702676779862904E-002   5.9178445898500451E-002   1.8089925846754132E-002   4.7359787727474019E-002   1.4769715549411389E-002
  0.28000000119209290        8.5345671325217295E-002   2.5189985972025104E-002   5.8210266448208571E-002   1.7793968523167607E-002   4.6641615733666382E-002   1.4545745034063426E-002
  0.28999999165534973        8.3591078137325067E-002   2.4672113453087435E-002   5.7227318056106334E-002   1.7493496564934458E-002   4.5911273150331854E-002   1.4317978974985093E-002
  0.29999998211860657        8.1822509739249538E-002   2.4150116116300115E-002   5.6231278356946281E-002   1.7189022798774174E-002   4.5169930117409454E-002   1.4086782294294536E-002
  0.31000000238418579        8.0043376010529840E-002   2.3625000396042567E-002   5.5223975570382916E-002   1.6881106082856808E-002   4.4420395724869839E-002   1.3853031040255677E-002
  0.31999999284744263        7.8256953400969081E-002   2.3097733344577643E-002   5.4206906058459715E-002   1.6570203831668229E-002   4.3660584673019032E-002   1.3616074887248569E-002
  0.32999998331069946        7.6466586634250391E-002   2.2569302165372656E-002   5.3181688976473594E-002   1.6256810995672444E-002   4.2893371723435852E-002   1.3376810364012658E-002
  0.34000000357627869        7.4675349308656644E-002   2.2040614038562605E-002   5.2149916961470554E-002   1.5941414419118644E-002   4.2119752120454552E-002   1.3135547849382454E-002
  0.34999999403953552        7.2886358218551064E-002   2.1512588893712391E-002   5.1113195538669241E-002   1.5624504885968973E-002   4.1340865191739705E-002   1.2892642656300289E-002
  0.35999998450279236        7.1102491153010400E-002   2.0986076117385451E-002   5.0073049267919265E-002   1.5306548430337862E-002   4.0557840052196190E-002   1.2648446912737293E-002
  0.37000000476837158        6.9326503020237226E-002   2.0461888827551331E-002   4.9030964351314911E-002   1.4987999360973545E-002   3.9771730599477431E-002   1.2403289289266279E-002
  0.37999999523162842        6.7561127213627045E-002   1.9940833792031050E-002   4.7988409330300193E-002   1.4669306588039544E-002   3.8983624031600807E-002   1.2157508841576297E-002
  0.38999998569488525        6.5808866834603796E-002   1.9423649807400668E-002   4.6946832583583974E-002   1.4350912858266441E-002   3.8194554595584636E-002   1.1911428111954853E-002
  0.39999997615814209        6.4072067633029070E-002   1.8911029227533432E-002   4.5907519579269473E-002   1.4033211119159211E-002   3.7405484461963914E-002   1.1665347164777119E-002
  0.40999999642372131        6.2352951977637051E-002   1.8403627990057680E-002   4.4871848891121661E-002   1.3716622779168254E-002   3.6617389481905543E-002   1.1419570330886680E-002
  0.41999998688697815        6.0653679928828634E-002   1.7902083642143091E-002   4.3841073507159239E-002   1.3401530857144460E-002   3.5831234294104064E-002   1.1174398444383778E-002
  0.42999997735023499        5.8976133989152073E-002   1.7406951809072684E-002   4.2816337176149216E-002   1.3088284979207061E-002   3.5047922743717499E-002   1.0930113380178004E-002
  0.43999999761581421        5.7322160943059836E-002   1.6918777573845113E-002   4.1798848311397567E-002   1.2777254538414070E-002   3.4268263568494987E-002   1.0686967352797366E-002
  0.44999998807907104        5.5693364830965209E-002   1.6438034372955573E-002   4.0789675210745502E-002   1.2468766096716120E-002   3.3493174871403769E-002   1.0445246683619626E-002
  0.45999997854232788        5.4091295157117511E-002   1.5965179546415520E-002   3.9789834434207104E-002   1.2163130400618886E-002   3.2723360062983327E-002   1.0205170739624231E-002
  0.46999999880790710        5.2517251276005927E-002   1.5500596601916038E-002   3.8800308823401172E-002   1.1860647889441682E-002   3.1959680213673042E-002   9.9670080559138233E-003
  0.47999998927116394        5.0972506351521688E-002   1.5044661316928516E-002   3.7822002568180024E-002   1.1561594959888226E-002   3.1202722266998901E-002   9.7309416778384537E-003
  0.48999997973442078        4.9458139966249023E-002   1.4597692332922723E-002   3.6855737285306389E-002   1.1266222767359606E-002   3.0453263250029623E-002   9.4972139305716189E-003
  0.50000000000000000        4.7974983385640407E-002   1.4159934999952868E-002   3.5902352771118022E-002   1.0974788024468714E-002   2.9711894298418601E-002   9.2660091668283935E-003
  0.50999999046325684        4.6523934542124119E-002   1.3731654344996002E-002   3.4962530762748460E-002   1.0687499127600548E-002   2.8979173043276768E-002   9.0375012905320063E-003
  0.51999998092651367        4.5105614621137047E-002   1.3313033712470125E-002   3.4036925383298992E-002   1.0404556031962048E-002   2.8255753073433296E-002   8.8118941311664430E-003
  0.52999997138977051        4.3720619785835010E-002   1.2904249061405139E-002   3.3126196510419925E-002   1.0126160451835838E-002   2.7542020405973880E-002   8.5893080727710985E-003
  0.53999996185302734        4.2369333979365653E-002   1.2505413713570670E-002   3.2230843594040548E-002   9.8524650612580172E-003   2.6838548327741678E-002   8.3699219016963693E-003
  0.55000001192092896        4.1052111107959470E-002   1.2116632125265927E-002   3.1351343036617262E-002   9.5836154890125060E-003   2.6145689655487501E-002   8.1538456480606120E-003
  0.56000000238418579        3.9769130201331729E-002   1.1737957137554161E-002   3.0488177980997871E-002   9.3197594243154842E-003   2.5463920090292014E-002   7.9412276649284356E-003
  0.56999999284744263        3.8520532789157853E-002   1.1369430523269121E-002   2.9641712316118510E-002   9.0610081023264882E-003   2.4793517209666289E-002   7.7321545181625422E-003
  0.57999998331069946        3.7306284423833352E-002   1.1011042115115128E-002   2.8812226619021716E-002   8.8074472910615164E-003   2.4134891389630413E-002   7.5267541884270137E-003
  0.58999997377395630        3.6126379133726141E-002   1.0662790150550197E-002   2.8000044037080195E-002   8.5591757716210314E-003   2.3488208014957580E-002   7.3250782529390218E-003
  0.59999996423721313        3.4980562685719786E-002   1.0324599592041260E-002   2.7205367530162804E-002   8.3162555856643155E-003   2.2853802905951622E-002   7.1272314412719247E-003
  0.61000001430511475        3.3868596850665220E-002   9.9964001256657581E-003   2.6428359872133933E-002   8.0787364906172669E-003   2.2231812494880446E-002   6.9332563014582425E-003
  0.62000000476837158        3.2790167235030192E-002   9.6780989573950673E-003   2.5669172844765189E-002   7.8466648837948495E-003   2.1622487039427211E-002   6.7432308793459982E-003
  0.62999999523162842        3.1744998226645178E-002   9.3696147396157177E-003   2.4927879057947133E-002   7.6200629609055959E-003   2.1025898339923924E-002   6.5571775667264158E-003
  0.63999998569488525        3.0732562806080804E-002   9.0707919212396522E-003   2.4204531846197044E-002   7.3989470254777088E-003   2.0442243101944046E-002   6.3751577085823692E-003
  0.64999997615814209        2.9752278147870969E-002   8.7814584798891170E-003   2.3499095069020575E-002   7.1833060299270170E-003   1.9871496663834351E-002   6.1971636138827089E-003
  0.65999996662139893        2.8803763430699555E-002   8.5015020152107816E-003   2.2811579691750572E-002   6.9731433261843532E-003   1.9313795382133028E-002   6.0232378070427415E-003
  0.66999995708465576        2.7886262613523470E-002   8.2306993798209015E-003   2.2141881964873357E-002   6.7684271996451932E-003   1.8769130546685834E-002   5.8533775716968052E-003
  0.68000000715255737        2.6999304140057873E-002   7.9689113927157371E-003   2.1489956081572458E-002   6.5691436478817686E-003   1.8237468057884107E-002   5.6875722734746189E-003
  0.68999999761581421        2.6142074886746906E-002   7.7158980584667372E-003   2.0855587408462561E-002   6.3752270608232854E-003   1.7718865425103061E-002   5.5258398473618103E-003
  0.69999998807907104        2.5314037135997655E-002   7.4715006683964396E-003   2.0238654615024106E-002   6.1866403496265441E-003   1.7213173338173994E-002   5.3681337291986621E-003
  0.70999997854232788        2.4514322161785774E-002   7.2354628158701854E-003   1.9638985263196906E-002   6.0033308026720533E-003   1.6720398206958240E-002   5.2144559179770024E-003
  0.71999996900558472        2.3742348149122471E-002   7.0076127767550681E-003   1.9056359745445544E-002   5.8252312893690835E-003   1.6240387811752612E-002   5.0647589421640229E-003
  0.72999995946884155        2.2997291868316706E-002   6.7877075727717359E-003   1.8490522130728583E-002   5.6522635755989360E-003   1.5773060700066129E-002   4.9190173998273938E-003
  0.74000000953674316        2.2278312172957754E-002   6.5754989374767012E-003   1.7941210000618536E-002   5.4843474441503828E-003   1.5318313430079526E-002   4.7771990314000945E-003
  0.75000000000000000        2.1584756727398940E-002   6.3707943323904649E-003   1.7408171245126329E-002   5.3214058289407160E-003   1.4875994276220569E-002   4.6392565194499575E-003
  0.75999999046325684        2.0915838134897016E-002   6.1733613554168405E-003   1.6891154009135666E-002   5.1633617417977951E-003   1.4445876263506364E-002   4.5051190791171817E-003
  0.76999998092651367        2.0270794755994026E-002   5.9829752067860941E-003   1.6389773681112888E-002   5.0100976129879658E-003   1.4027859619446212E-002   4.3747555951586924E-003
  0.77999997138977051        1.9648754036817911E-002   5.7993783500648356E-003   1.5903755139420158E-002   4.8615293421271737E-003   1.3621701543067917E-002   4.2480903471908797E-003
  0.78999996185302734        1.9049097781110275E-002   5.6223883230984715E-003   1.5432809569170628E-002   4.7175686430192057E-003   1.3227232519098710E-002   4.1250704698509444E-003
  0.79999995231628418        1.8470948301620060E-002   5.4517460743241227E-003   1.4976525185388384E-002   4.5780896394338483E-003   1.2844271791347393E-002   4.0056395921614033E-003
  0.81000000238418579        1.7913614956140255E-002   5.2872477589862472E-003   1.4534609453563857E-002   4.4430029081443684E-003   1.2472589942003688E-002   3.8897261674375612E-003
  0.81999999284744263        1.7376331281827341E-002   5.1286671536809403E-003   1.4106712748407043E-002   4.3122015741648761E-003   1.2111907194732341E-002   3.7772429440871402E-003
  0.82999998331069946        1.6858401553084500E-002   4.9757989132776115E-003   1.3692460597661897E-002   4.1855711671803641E-003   1.1762061185176321E-002   3.6681392868458413E-003
  0.83999997377395630        1.6359079860831731E-002   4.8284228808664811E-003   1.3291490971098158E-002   4.0630010202086205E-003   1.1422762656163078E-002   3.5623249874090169E-003
  0.84999996423721313        1.5877702909247986E-002   4.6863432830454741E-003   1.2903460249080125E-002   3.9443860940983908E-003   1.1093797793703300E-002   3.4597333653299438E-003
  0.85999995470046997        1.5413557071055234E-002   4.5493494909585111E-003   1.2528023383560403E-002   3.8296209130553077E-003   1.0774990004950578E-002   3.3603093480199389E-003
  0.87000000476837158        1.4966035507209359E-002   4.4172623945608613E-003   1.2164813280267014E-002   3.7185932620987672E-003   1.0465954706768147E-002   3.2639329986336803E-003
  0.87999999523162842        1.4534430786895682E-002   4.2898731938979225E-003   1.1813459700866431E-002   3.6111899651576893E-003   1.0166540798169294E-002   3.1705571945234551E-003
  0.88999998569488525        1.4118123525431169E-002   4.1669990760486025E-003   1.1473599610937964E-002   3.5073000482845423E-003   9.8764452640926238E-003   3.0800874368226310E-003
  0.89999997615814209        1.3716539573857550E-002   4.0484705795278833E-003   1.1144931639289261E-002   3.4068313870167957E-003   9.5954438097492333E-003   2.9924537765219300E-003
  0.90999996662139893        1.3329058893920923E-002   3.9341046985116026E-003   1.0827033840591681E-002   3.3096549992632394E-003   9.3215896242937919E-003   2.9070490774031825E-003
  0.91999995708465576        1.2955146182366865E-002   3.8237434369202935E-003   1.0519599438839544E-002   3.2156771083943878E-003   9.0580321340284573E-003   2.8248555256808719E-003
  0.93000000715255737        1.2594219017197062E-002   3.7172148914606726E-003   1.0222288067388605E-002   3.1247936696476362E-003   8.8028211501270971E-003   2.7452649316731686E-003
  0.93999999761581421        1.2245811609133126E-002   3.6143815832752201E-003   9.9348060394048709E-003   3.0369149075486846E-003   8.5557243225911368E-003   2.6682048342574240E-003
  0.94999998807907104        1.1909303121442626E-002   3.5150602708668871E-003   9.6567531605191229E-003   2.9519184889346020E-003   8.3164775797450689E-003   2.5935928795271122E-003
  0.95999997854232788        1.1584338965131037E-002   3.4191462964169475E-003   9.3878589844808204E-003   2.8697217426141650E-003   8.0848513190139356E-003   2.5213574631764548E-003
  0.96999996900558472        1.1270316263737954E-002   3.3264617194470529E-003   9.1278051665285957E-003   2.7902273555701065E-003   7.8606350818264514E-003   2.4514329511859303E-003
  0.97999995946884155        1.0966917082519782E-002   3.2369127007313091E-003   8.8762691901859564E-003   2.7133367395570803E-003   7.6435446322358890E-003   2.3837307011801423E-003
  0.98999994993209839        1.0673575165019732E-002   3.1503321082760019E-003   8.6329478230601029E-003   2.6389572011726692E-003   7.4333776033918310E-003   2.3181876026393774E-003
   1.0000000000000000        1.0390008406281117E-002   3.0666366781054552E-003   8.3975629543146125E-003   2.5670037262815358E-003   7.2299183574684230E-003   2.2547364063316838E-003
