 pt up dp u1 d1 u2 d2
   0.0000000000000000        0.0000000000000000        0.0000000000000000        0.0000000000000000        0.0000000000000000        0.0000000000000000        0.0000000000000000     
   9.9999997764825821E-003  0.47789146291316220       0.17749038909453124       0.29548826441287224       0.11331855057018143       0.26049296101205394       0.10089168794444082     
   1.9999999552965164E-002  0.47703704970044036       0.17717305734591821       0.29502545189820173       0.11314106384849251       0.26009529190237085       0.10073766647851172     
   2.9999999329447746E-002  0.47557047775513833       0.17662836792288483       0.29422334975426434       0.11283346093051930       0.25940460967670148       0.10047015792353862     
   3.9999999105930328E-002  0.47352698612341970       0.17586940871776680       0.29310200832484284       0.11240343104175599       0.25843812557754153       0.10009582837637210     
   4.9999997019767761E-002  0.47091936680074159       0.17490093071782270       0.29167580996062553       0.11185648975534052       0.25721027244712535        9.9620267829959433E-002
   5.9999998658895493E-002  0.46775146462134459       0.17372436190655527       0.28994216765433517       0.11119164496447774       0.25571747312606641        9.9042090812512112E-002
   7.0000000298023224E-002  0.46403382591737585       0.17234361922482166       0.28790620388689020       0.11041086111981747       0.25396387564940559        9.8362903902017310E-002
   7.9999998211860657E-002  0.45978051281291143       0.17076392538963509       0.28557411123832499       0.10951651305067883       0.25195518117275151        9.7584915216538351E-002
   8.9999996125698090E-002  0.45500561266102196       0.16899051248813615       0.28295354825783103       0.10851153777960501       0.24969695837331488        9.6710281563849129E-002
   9.9999994039535522E-002  0.44972667595320770       0.16702989882794692       0.28005223040311927       0.10739889415332572       0.24719678370210263        9.5741937383820114E-002
  0.10999999940395355       0.44396091369985702       0.16488847663233897       0.27687902531803366       0.10618198287727780       0.24446134638611061        9.4682473485047575E-002
  0.11999999731779099       0.43772865413761924       0.16257379587220006       0.27344383028710606       0.10486459951992498       0.24149942787340550        9.3535291015549374E-002
  0.12999999523162842       0.43105168760107848       0.16009394954617961       0.26975677964313860       0.10345063055678042       0.23831937304734505        9.2303622037199259E-002
  0.14000000059604645       0.42395120317668600       0.15745680734748319       0.26582900822362648       0.10194434615284825       0.23493079193591071        9.0991188615808544E-002
  0.14999999105930328       0.41645150902058181       0.15467139740158756       0.26167237881169592       0.10035029563732850       0.23134293481412263        8.9601573481048954E-002
  0.15999999642372131       0.40857724605350210       0.15174687142378501       0.25729846631895087        9.8672917941860686E-002  0.22756655997099734        8.8138943432415059E-002
  0.17000000178813934       0.40035445654862267       0.14869290159606144       0.25272065479103695        9.6917345793648940E-002  0.22361213354169757        8.6607352115113848E-002
  0.17999999225139618       0.39180850190108629       0.14551890722016458       0.24795150747630204        9.5088397147464046E-002  0.21949113052023245        8.5011243916088400E-002
  0.18999999761581421       0.38296680024956997       0.14223507147884579       0.24300475972394328        9.3191339453997227E-002  0.21521447349848824        8.3354849271078169E-002
  0.19999998807907104       0.37385679482731082       0.13885158687505419       0.23789406374683650        9.1231408281497617E-002  0.21079392332012128        8.1642723279628071E-002
  0.20999999344348907       0.36450622284901596       0.13537875509738029       0.23263365708700065        8.9214063669565968E-002  0.20624168307736984        7.9879592328851418E-002
  0.21999999880790710       0.35494306249456575       0.13182696732963523       0.22723756848794102        8.7144685584420303E-002  0.20156918604862961        7.8069884648791776E-002
  0.22999998927116394       0.34519592805854826       0.12820685101062951       0.22171974166539082        8.5028621384472980E-002  0.19678933390760872        7.6218597194578672E-002
  0.23999999463558197       0.33529159196641306       0.12452834950319509       0.21609531655951800        8.2871677175353653E-002  0.19191395045629525        7.4330309450186774E-002
  0.25000000000000000       0.32525842770222335       0.12080200080835780       0.21037826183716024        8.0679209884122249E-002  0.18695494748327787        7.2409634977735046E-002
  0.25999999046325684       0.31512389341259200       0.11703800296794148       0.20458267773125036        7.8456626892901823E-002  0.18192516627381816        7.0461547343266734E-002
  0.26999998092651367       0.30491497136352480       0.11324637728021930       0.19872303117176476        7.6209476210644347E-002  0.17683617732357743        6.8490527922528355E-002
  0.28000000119209290       0.29465836711445115       0.10943704227377339       0.19281333660274586        7.3943132319781835E-002  0.17170029561919492        6.6501346440522219E-002
  0.28999999165534973       0.28437932797480436       0.10561937487856131       0.18686707442492431        7.1662764899302678E-002  0.16652903146873133        6.4498460961698506E-002
  0.29999998211860657       0.27410314291753685       0.10180276749850177       0.18089809300080578        6.9373684740043462E-002  0.16133397133895053        6.2486359047581139E-002
  0.31000000238418579       0.26385394377415844        9.7996182771550630E-002  0.17491932784928427        6.7080852561018964E-002  0.15612661627360466        6.0469495174455323E-002
  0.31999999284744263       0.25365490785423989        9.4208228823219831E-002  0.16894348143961097        6.4789139707651572E-002  0.15091781272670235        5.8452070289052603E-002
  0.32999998331069946       0.24352875229121215        9.0447342868159211E-002  0.16298294474695388        6.2503298068646490E-002  0.14571794859349035        5.6438107733430075E-002
  0.34000000357627869       0.23349555127155031        8.6720980522224156E-002  0.15704977044409985        6.0227949795118314E-002  0.14053773267955247        5.4431755141623676E-002
  0.34999999403953552       0.22357652677574355        8.3037023695569409E-002  0.15115520214350375        5.7967406766826789E-002  0.13538683733182713        5.2436758716238034E-002
  0.35999998450279236       0.21378965117427950        7.9402147382997043E-002  0.14531037763744439        5.5725940281923375E-002  0.13027470013411679        5.0456773733623887E-002
  0.37000000476837158       0.20415256523492020        7.5822903421015816E-002  0.13952557272084512        5.3507491066071090E-002  0.12521069482110414        4.8495430740690501E-002
  0.37999999523162842       0.19468189812264575        7.2305467933686737E-002  0.13381030393182572        5.1315708673029085E-002  0.12020273584949230        4.6555795090500916E-002
  0.38999998569488525       0.18539272196774209        6.8855438757498930E-002  0.12817398486639434        4.9154203178674388E-002  0.11525919413050863        4.4641108925798999E-002
  0.39999997615814209       0.17629807031184647        6.5477656590719663E-002  0.12262555231382839        4.7026401805437164E-002  0.11038762338613199        4.2754297883261155E-002
  0.40999999642372131       0.16741136419523422        6.2177106049826514E-002  0.11717229662015537        4.4935100371441217E-002  0.10559505197291763        4.0898084119960661E-002
  0.41999998688697815       0.15874309690772490        5.8957684375589590E-002  0.11182196028837024        4.2883268095172788E-002  0.10088831895903008        3.9075116479568399E-002
  0.42999997735023499       0.15030316737700658        5.5823068060818062E-002  0.10658158242442894        4.0873604445207455E-002   9.6272827927893628E-002   3.7287487827283111E-002
  0.43999999761581421       0.14210034287455808        5.2776513297653579E-002  0.10145662137130142        3.8908202673929054E-002   9.1754332798582264E-002   3.5537426717018178E-002
  0.44999998807907104       0.13414159625697319        4.9820609826917925E-002   9.6452917933848900E-002   3.6989302706304981E-002   8.7337802380064125E-002   3.3826857621211952E-002
  0.45999997854232788       0.12643372813604251        4.6957883417172719E-002   9.1575324041937217E-002   3.5118765237753889E-002   8.3027646673226249E-002   3.2157488580003529E-002
  0.46999999880790710       0.11898116172461393        4.4189976863550792E-002   8.6828374452641785E-002   3.3298329329216218E-002   7.8827855030796493E-002   3.0530864712036206E-002
  0.47999998927116394       0.11178726806380740        4.1518142181303598E-002   8.2215161241543197E-002   3.1529180779132110E-002   7.4741807657960471E-002   2.8948295206646390E-002
  0.48999997973442078       0.10485511916147192        3.8943520323787104E-002   7.7739036616086943E-002   2.9812605145456601E-002   7.0772164774383875E-002   2.7410810395138770E-002
  0.50000000000000000        9.8186701804631141E-002   3.6466849189937076E-002   7.3402484437013346E-002   2.8149554978706300E-002   6.6921482542233832E-002   2.5919400306244615E-002
  0.50999999046325684        9.1782064049043266E-002   3.4088146627812899E-002   6.9207747672569334E-002   2.6540890448103909E-002   6.3191960157638699E-002   2.4474916711960622E-002
  0.51999998092651367        8.5641136543825006E-002   3.1807386880278843E-002   6.5155670828300608E-002   2.4986935418099942E-002   5.9584565624019967E-002   2.3077734530283521E-002
  0.52999997138977051        7.9762115356102198E-002   2.9623899961004195E-002   6.1247430620784374E-002   2.3488141154727662E-002   5.6100579515655370E-002   2.1728349741219614E-002
  0.53999996185302734        7.4143705827904818E-002   2.7537205029955849E-002   5.7483436550462480E-002   2.2044664699745142E-002   5.2740610589951720E-002   2.0426998122972152E-002
  0.55000001192092896        6.8782233751913294E-002   2.5545937475004523E-002   5.3863866404824726E-002   2.0656574233933390E-002   4.9504845371754473E-002   1.9173751918593034E-002
  0.56000000238418579        6.3674953523665687E-002   2.3649077570036543E-002   5.0387758716462880E-002   1.9323501038442145E-002   4.6393372380336459E-002   1.7968645412535945E-002
  0.56999999284744263        5.8817076634521757E-002   2.1844846847915107E-002   4.7054443134623945E-002   1.8045188036477325E-002   4.3405175653772381E-002   1.6811285111966622E-002
  0.57999998331069946        5.4204067735945570E-002   2.0131560865960657E-002   4.3862875017133519E-002   1.6821234612003310E-002   4.0539607834728091E-002   1.5701420288520299E-002
  0.58999997377395630        4.9830067687704212E-002   1.8507043521102939E-002   4.0810907477725894E-002   1.5650817442847371E-002   3.7795474115095866E-002   1.4638588180338545E-002
  0.59999996423721313        4.5689985527103120E-002   1.6969404013820223E-002   3.7896810539396218E-002   1.4533273089846879E-002   3.5171501556744394E-002   1.3622295764975645E-002
  0.61000001430511475        4.1776841332476645E-002   1.5516049979300756E-002   3.5118284696880289E-002   1.3467719702062394E-002   3.2665480950908057E-002   1.2651687392434335E-002
  0.62000000476837158        3.8084804730553375E-002   1.4144815998614040E-002   3.2473039330251224E-002   1.2453278836045259E-002   3.0275652772291033E-002   1.1726081579896842E-002
  0.62999999523162842        3.4606250024807224E-002   1.2852869864138548E-002   2.9957777629246621E-002   1.1488686178435428E-002   2.7999768149377290E-002   1.0844607315561769E-002
  0.63999998569488525        3.1334950317879688E-002   1.1637898886653444E-002   2.7569709295122639E-002   1.0572871660985188E-002   2.5835593205352843E-002   1.0006399395234938E-002
  0.64999997615814209        2.8262442663480995E-002   1.0496759901347390E-002   2.5305610972022299E-002   9.7045991398010036E-003   2.3780103345308674E-002   9.2102863612134878E-003
  0.65999996662139893        2.5381802494209408E-002   9.4268811021559883E-003   2.3162313726060504E-002   8.8826533415946179E-003   2.1830727616264284E-002   8.4552724561271463E-003
  0.66999995708465576        2.2685770654995514E-002   8.4255664161050469E-003   2.1135829767236908E-002   8.1055049650799165E-003   1.9984552111566870E-002   7.7402290930092430E-003
  0.68000000715255737        2.0166333836561960E-002   7.4898396749807526E-003   1.9222716153987473E-002   7.3718336561354866E-003   1.8238732767859280E-002   7.0640547359425761E-003
  0.68999999761581421        1.7815515939414724E-002   6.6167385303995850E-003   1.7419239474077756E-002   6.6802076663163516E-003   1.6589764523319901E-002   6.4253918372907401E-003
  0.69999998807907104        1.5625972046242338E-002   5.8035350570214868E-003   1.5721772549891409E-002   6.0292359877225253E-003   1.5034628131772336E-002   5.8230710109717495E-003
  0.70999997854232788        1.3590607228627363E-002   5.0475941761661909E-003   1.4125992222779491E-002   5.4172607065517591E-003   1.3570054693120696E-002   5.2558261772914965E-003
  0.71999996900558472        1.1701159796892272E-002   4.3458474703597814E-003   1.2628194171793094E-002   4.8428612307489915E-003   1.2192731469068520E-002   4.7223742775556257E-003
  0.72999995946884155        9.9500794446130882E-003   3.6954907321011957E-003   1.1224437822218564E-002   4.3045263658989599E-003   1.0899507213327470E-002   4.2214948006381323E-003
  0.74000000953674316        8.3303846646372894E-003   3.0939310077239390E-003   9.9109843657197265E-003   3.8008222941735377E-003   9.6866404238491431E-003   3.7517386230938084E-003
  0.75000000000000000        6.8352672549566564E-003   2.5386397096359304E-003   8.6835036327600063E-003   3.3300884131234705E-003   8.5509874982097681E-003   3.3118881943465387E-003
  0.75999999046325684        5.4571164622232568E-003   2.0267901801589157E-003   7.5383029904577681E-003   2.8909086130201188E-003   7.4892026692114323E-003   2.9006476632579313E-003
  0.76999998092651367        4.1899743245743977E-003   1.5561696135591799E-003   6.4715338589412651E-003   2.4818069790968358E-003   6.4981591967378490E-003   2.5168060102024668E-003
  0.77999997138977051        3.0265692890725036E-003   1.1240773322553558E-003   5.4794002227962508E-003   2.1013277548431551E-003   5.5742158358865826E-003   2.1589529423914292E-003
  0.78999996185302734        1.9604377018146730E-003   7.2811271490301715E-004   4.5581741165527673E-003   1.7480412806261604E-003   4.7140400326693690E-003   1.8257977263027507E-003
  0.79999995231628418        9.8576193784030426E-004   3.6611507733429942E-004   3.7044039564662163E-003   1.4206238880832911E-003   3.9155215342947698E-003   1.5165230386379809E-003
  0.81000000238418579        9.6949522298082547E-005   3.6007356838552972E-005   2.9144422122192636E-003   1.1176767641363327E-003   3.1740241253279422E-003   1.2293332239633752E-003
  0.81999999284744263       -7.1224999965248219E-004  -2.6453188512779195E-004   2.1843768634372054E-003   8.3769966484314280E-004   2.4878663499673338E-003   9.6357703660470361E-004
  0.82999998331069946       -1.4469430344941478E-003  -5.3739918395790992E-004   1.5113542418648256E-003   5.7959822000550087E-004   1.8532243777359711E-003   7.1777346644279335E-004
  0.83999997377395630       -2.1122902923232092E-003  -7.8451124357743470E-004   8.9138749288645734E-004   3.4184348705349962E-004   1.2676921151287476E-003   4.9099060793155152E-004
  0.84999996423721313       -2.7124216260264815E-003  -1.0074019043092711E-003   3.2247477542665860E-004   1.2366776805638010E-004   7.2785412244465218E-004   2.8190562503284953E-004
  0.85999995470046997       -3.2535823656368464E-003  -1.2083907013273523E-003  -1.9938978755748720E-004  -7.6465174579457045E-005   2.3176317353318447E-004   8.9764336396183414E-005
  0.87000000476837158       -3.7394040053135920E-003  -1.3888263829591797E-003  -6.7662417340514237E-004  -2.5948262535355605E-004  -2.2318388375820096E-004  -8.6441486429722302E-005
  0.87999999523162842       -4.1737738700079055E-003  -1.5501527138912369E-003  -1.1124293401754278E-003  -4.2661213869490673E-004  -6.4031729479292179E-004  -2.4800168281201946E-004
  0.88999998569488525       -4.5612400796600696E-003  -1.6940588801427157E-003  -1.5093084551525175E-003  -5.7881366910134764E-004  -1.0207511981663740E-003  -3.9534777045107972E-004
  0.89999997615814209       -4.9052253655530887E-003  -1.8218160948537021E-003  -1.8698371288587712E-003  -7.1707495275861446E-004  -1.3682442982162080E-003  -5.2993553542125045E-004
  0.90999996662139893       -5.2089318252074466E-003  -1.9346136270924563E-003  -2.1962841502003788E-003  -8.4226606100748513E-004  -1.6837130509353049E-003  -6.5211993085328513E-004
  0.91999995708465576       -5.4757535709731905E-003  -2.0337120608375512E-003  -2.4913711300151142E-003  -9.5543072056235257E-004  -1.9703663718794819E-003  -7.6314380379240295E-004
  0.93000000715255737       -5.7094204308746821E-003  -2.1204966659225527E-003  -2.7571322759932962E-003  -1.0573490418193923E-003  -2.2293767295672624E-003  -8.6346126373714588E-004
  0.93999999761581421       -5.9120299174245080E-003  -2.1957464650772768E-003  -2.9956741964405459E-003  -1.1488289005170660E-003  -2.4627525569472617E-003  -9.5385019808039877E-004
  0.94999998807907104       -6.0868399995274124E-003  -2.2606714781774361E-003  -3.2088040924988397E-003  -1.2305633509612720E-003  -2.6726399180283136E-003  -1.0351418001851146E-003
  0.95999997854232788       -6.2360483757941138E-003  -2.3160879373841036E-003  -3.3987879069636738E-003  -1.3034213730208858E-003  -2.8605811193547861E-003  -1.1079334217416635E-003
  0.96999996900558472       -6.3616750087272592E-003  -2.3627460631100100E-003  -3.5672145728468446E-003  -1.3680123160594276E-003  -3.0281954433816660E-003  -1.1728522280273954E-003
  0.97999995946884155       -6.4659729552282979E-003  -2.4014826477591344E-003  -3.7157587139377674E-003  -1.4249783915059879E-003  -3.1768425724164012E-003  -1.2304248384278555E-003
  0.98999994993209839       -6.5515885277893631E-003  -2.4332805400959839E-003  -3.8459940739027677E-003  -1.4749231236717202E-003  -3.3082990904621879E-003  -1.2813393427791812E-003
   1.0000000000000000       -6.6195764317265810E-003  -2.4585314609849689E-003  -3.9592077056628087E-003  -1.5183400921300993E-003  -3.4234786612463847E-003  -1.3259496127380572E-003
