 kt up dp u1 d1 u2 d2
   0.0000000000000000        0.0000000000000000        0.0000000000000000        0.0000000000000000        0.0000000000000000        0.0000000000000000        0.0000000000000000     
   9.9999997764825821E-003  0.15387605549322267        3.4330257479941030E-003  0.12887571464741679        2.5737215712573844E-003  0.11331489550777102        2.3761158949189803E-003
   1.9999999552965164E-002  0.15382889795624499        3.4319736477297878E-003  0.12884371302133463        2.5730824805211025E-003  0.11329076602920109        2.3756099205075034E-003
   2.9999999329447746E-002  0.15372572076943342        3.4296717305289950E-003  0.12876815772833369        2.5715735982002452E-003  0.11323003595162223        2.3743364630155459E-003
   3.9999999105930328E-002  0.15355568605709963        3.4258781997965910E-003  0.12863928452911311        2.5689999268634980E-003  0.11312370448455424        2.3721067836084547E-003
   4.9999997019767761E-002  0.15334182135656460        3.4211068075148602E-003  0.12847779637339898        2.5657749162321234E-003  0.11299083420936384        2.3693206082214735E-003
   5.9999998658895493E-002  0.15308198624713612        3.4153098001894404E-003  0.12828171328716764        2.5618590250948915E-003  0.11282957636045331        2.3659391698301682E-003
   7.0000000298023224E-002  0.15278313376803768        3.4086423024276319E-003  0.12805723279740450        2.5573760216026473E-003  0.11264561209863348        2.3620815974902880E-003
   7.9999998211860657E-002  0.15242813828660504        3.4007222356942242E-003  0.12778885072473326        2.5520162784449657E-003  0.11242461575466910        2.3574474942396990E-003
   8.9999996125698090E-002  0.15202858630220017        3.3918080986263927E-003  0.12748691532708889        2.5459864562385900E-003  0.11217608317601771        2.3522359798320604E-003
   9.9999994039535522E-002  0.15158434788235864        3.3818969923878309E-003  0.12715121082757319        2.5392822457957179E-003  0.11189976943439334        2.3464419183318835E-003
  0.10999999940395355       0.15109562787236011        3.3709934871445548E-003  0.12678181141218489        2.5319051286530844E-003  0.11159569123421995        2.3400656600165689E-003
  0.11999999731779099       0.15056986450863338        3.3592635324141678E-003  0.12638529694381159        2.5239865084276981E-003  0.11126985649817193        2.3332331858570941E-003
  0.12999999523162842       0.14999176399182221        3.3463659184691011E-003  0.12594775942287162        2.5152486344305800E-003  0.11090938526032498        2.3256744140462832E-003
  0.14000000059604645       0.14937110895274883        3.3325188990421251E-003  0.12547787087485754        2.5058646919599672E-003  0.11052220437532992        2.3175555639081517E-003
  0.14999999105930328       0.14870846062480464        3.3177349954360310E-003  0.12497598551249353        2.4958417548461096E-003  0.11010856902897337        2.3088819864691573E-003
  0.15999999642372131       0.14800442908034794        3.3020278185671363E-003  0.12444249367514533        2.4851876183889063E-003  0.10966876406438798        2.2996596546447953E-003
  0.17000000178813934       0.14725967519220073        3.2854121127269195E-003  0.12387782317621376        2.4739108262661338E-003  0.10920310497921613        2.2898951841492611E-003
  0.17999999225139618       0.14647493488378949        3.2679042966106998E-003  0.12328246028071960        2.4620210894677644E-003  0.10871195658012281        2.2795962246645414E-003
  0.18999999761581421       0.14565685706347559        3.2496527095655404E-003  0.12266220998137377        2.4496343370111616E-003  0.10820058187707195        2.2688731369827882E-003
  0.19999998807907104       0.14479367807620863        3.2303949005521981E-003  0.12200628497762733        2.4365351403480211E-003  0.10765894877088249        2.2575155566129340E-003
  0.20999999344348907       0.14389328130149495        3.2103067503777278E-003  0.12132158762217982        2.4228613434009458E-003  0.10709332435200128        2.2456548990512290E-003
  0.21999999880790710       0.14295655460862994        3.1894080677000937E-003  0.12060871282968483        2.4086248269550837E-003  0.10650415965844562        2.2333006221769546E-003
  0.22999998927116394       0.14198441772228826        3.1677193718813146E-003  0.11986827903573287        2.3938379415221248E-003  0.10589192487382522        2.2204625853359896E-003
  0.23999999463558197       0.14097787166117862        3.1452629959802356E-003  0.11910097210116975        2.3785143841345813E-003  0.10525714922091597        2.2071518858747521E-003
  0.25000000000000000       0.13993793824802556        3.1220617372001696E-003  0.11830749163871175        2.3626681264576660E-003  0.10460037204409260        2.1933798333808874E-003
  0.25999999046325684       0.13886566267098255        3.0981389140348993E-003  0.11748855406160488        2.3463134756727655E-003  0.10392214592015317        2.1791580149145644E-003
  0.26999998092651367       0.13776209774637754        3.0735180151652964E-003  0.11664487981142824        2.3294648194093679E-003  0.10322302561525892        2.1644980634450257E-003
  0.28000000119209290       0.13663304807633755        3.0483285431867763E-003  0.11578146611347745        2.3122219551085605E-003  0.10250750549382337        2.1494942219283486E-003
  0.28999999165534973       0.13546971601843927        3.0223742197838886E-003  0.11489015272971455        2.2944219181596530E-003  0.10176795124220400        2.1339864053738404E-003
  0.29999998211860657       0.13427854876936612        2.9957988840493724E-003  0.11397651161996947        2.2761759837803806E-003  0.10100938445333973        2.1180799122662839E-003
  0.31000000238418579       0.13306068720612535        2.9686279893270137E-003  0.11304133287606452        2.2574999305553455E-003  0.10023241820829654        2.1017875983883071E-003
  0.31999999284744263       0.13181731652248901        2.9408879776823007E-003  0.11208544414705215        2.2384102871084656E-003   9.9437698673368893E-002   2.0851230132913315E-003
  0.32999998331069946       0.13054961995956985        2.9126052476162395E-003  0.11110967241772594        2.2189235687980324E-003   9.8625871655046923E-002   2.0680996989819850E-003
  0.34000000357627869       0.12925877750196563        2.8838061249759116E-003  0.11011484177413196        2.1990562330926923E-003   9.7797579929949779E-002   2.0507311339331095E-003
  0.34999999403953552       0.12794600566358197        2.8545177505893519E-003  0.10910180873054488        2.1788253850713308E-003   9.6953495542034390E-002   2.0330314103284481E-003
  0.35999998450279236       0.12661250065808682        2.8247668123795662E-003  0.10807141376244331        2.1582478095089107E-003   9.6094276456223066E-002   2.0150143251264937E-003
  0.37000000476837158       0.12525948742859327        2.7945806392330069E-003  0.10702452484024895        2.1373408402701093E-003   9.5220606346518841E-002   1.9966942143830537E-003
  0.37999999523162842       0.12388819646811050        2.7639866838561379E-003  0.10596201544623517        2.1161219212944256E-003   9.4333173715147836E-002   1.9780855153976144E-003
  0.38999998569488525       0.12250368334169726        2.7330977375793603E-003  0.10488820945089515        2.0946774027432525E-003   9.3435849156234915E-002   1.9592693911998213E-003
  0.39999997615814209       0.12109913167178112        2.7017617247620676E-003  0.10379673849318539        2.0728801048121113E-003   9.2522649211901301E-002   1.9401203738244202E-003
  0.40999999642372131       0.11967998592125960        2.6701001131742169E-003  0.10269228267272054        2.0508234917612513E-003   9.1597774682473404E-002   1.9207265504410790E-003
  0.41999998688697815       0.11824745403042931        2.6381398523637892E-003  0.10157570838683413        2.0285248660398790E-003   9.0661912218194932E-002   1.9011023195148146E-003
  0.42999997735023499       0.11680278803681717        2.6059088757025752E-003  0.10044787249283374        2.0060013395774372E-003   8.9715742459783310E-002   1.8812619534960390E-003
  0.43999999761581421       0.11534739832609374        2.5734386493618754E-003   9.9309640888782053E-002   1.9832702048524073E-003   8.8759955825597397E-002   1.8612199298638989E-003
  0.44999998807907104       0.11388213086749313        2.5407480471954084E-003   9.8161881583908372E-002   1.9603487965044789E-003   8.7795246042952052E-002   1.8409907954834998E-003
  0.45999997854232788       0.11240828764112235        2.5078661168104663E-003   9.7005628393142584E-002   1.9372577604077964E-003   8.6822294348194856E-002   1.8205888352951114E-003
  0.46999999880790710       0.11092687305992370        2.4748152669923622E-003   9.5841609824418278E-002   1.9140116452815601E-003   8.5841816417836045E-002   1.8000290564195874E-003
  0.47999998927116394       0.10943906686510843        2.4416218181581434E-003   9.4670522642407537E-002   1.8906243659139142E-003   8.4854611527323917E-002   1.7793282189756117E-003
  0.48999997973442078       0.10794606130417678        2.4083123697443026E-003   9.3493277332202931E-002   1.8671141052117768E-003   8.3861155598745366E-002   1.7584963026399955E-003
  0.50000000000000000       0.10644889572238118        2.3749101098875600E-003   9.2310678177281849E-002   1.8434969251751956E-003   8.2862153615545567E-002   1.7375480903092187E-003
  0.50999999046325684       0.10494873803054983        2.3414410950652049E-003   9.1123571834863040E-002   1.8197897340320190E-003   8.1858191768256136E-002   1.7164958738945368E-003
  0.51999998092651367       0.10344667149586974        2.3079294933268553E-003   8.9932706234691281E-002   1.7960074683660964E-003   8.0850013544632823E-002   1.6953552436947024E-003
  0.52999997138977051       0.10194361127781003        2.2743957221832878E-003   8.8738922029378664E-002   1.7721669164898570E-003   7.9838248414370414E-002   1.6741393991478002E-003
  0.53999996185302734       0.10044069894168745        2.2408652503347025E-003   8.7542946672487076E-002   1.7482826060660826E-003   7.8823489649734027E-002   1.6528607806629474E-003
  0.55000001192092896        9.8938864854205777E-002   2.2073588345703160E-003   8.6345584663012009E-002   1.7243706033988569E-003   7.7806378355409794E-002   1.6315328316539879E-003
  0.56000000238418579        9.7439165373223599E-002   2.1739000425837220E-003   8.5147550441423581E-002   1.7004451762720899E-003   7.6787562301162751E-002   1.6101691352957358E-003
  0.56999999284744263        9.5942483627487474E-002   2.1405085772696732E-003   8.3949616615393588E-002   1.6765217541019218E-003   7.5767568250312625E-002   1.5887807373619293E-003
  0.57999998331069946        9.4449846005441707E-002   2.1072073376942032E-003   8.2752453106772317E-002   1.6526137156100285E-003   7.4747074010054412E-002   1.5673818508864575E-003
  0.58999997377395630        9.2962029114070685E-002   2.0740136502162823E-003   8.1556782884081622E-002   1.6287354988903898E-003   7.3726647875523951E-002   1.5459843925295185E-003
  0.59999996423721313        9.1479919736230902E-002   2.0409472992550608E-003   8.0363310026822260E-002   1.6049011648124594E-003   7.2706820923966020E-002   1.5245994985241447E-003
  0.61000001430511475        9.0004450981370748E-002   2.0080291027912921E-003   7.9172647415031813E-002   1.5811229529403587E-003   7.1688162758584278E-002   1.5032391129595963E-003
  0.62000000476837158        8.8536260018797122E-002   1.9752732762831860E-003   7.7985498714234658E-002   1.5574149158761920E-003   7.0671217504935838E-002   1.4819146456807927E-003
  0.62999999523162842        8.7076352841383015E-002   1.9427022637648378E-003   7.6802440765811886E-002   1.5337885734715473E-003   6.9656531136391003E-002   1.4606375452797108E-003
  0.63999998569488525        8.5625319775352454E-002   1.9103292356097640E-003   7.5624123734282345E-002   1.5102569098829155E-003   6.8644622536690417E-002   1.4394186923020907E-003
  0.64999997615814209        8.4183899243973098E-002   1.8781706662855668E-003   7.4451060875933200E-002   1.4868301751312682E-003   6.7635963077671474E-002   1.4182679710099285E-003
  0.65999996662139893        8.2752876123009758E-002   1.8462440666304409E-003   7.3283960728465228E-002   1.4635225191188543E-003   6.6631054257620531E-002   1.3971958973909438E-003
  0.66999995708465576        8.1332731054044913E-002   1.8145601599172372E-003   7.2123199369560270E-002   1.4403414523316092E-003   6.5630384467860972E-002   1.3762127125911134E-003
  0.68000000715255737        7.9924302227535021E-002   1.7831376464525696E-003   7.0969467364992739E-002   1.4173007657621547E-003   6.4634346242355242E-002   1.3553266477100087E-003
  0.68999999761581421        7.8527988367834117E-002   1.7519854219088017E-003   6.9823117865447357E-002   1.3944075120312113E-003   6.3643457979446663E-002   1.3345485731150026E-003
  0.69999998807907104        7.7144559358974088E-002   1.7211206626535996E-003   6.8684745742403061E-002   1.3716735710617052E-003   6.2658128093679155E-002   1.3138870529078004E-003
  0.70999997854232788        7.5774341465735348E-002   1.6905506477622448E-003   6.7554803471577482E-002   1.3491079790519493E-003   6.1678739537856048E-002   1.2933501172793017E-003
  0.71999996900558472        7.4418045520725049E-002   1.6602912361455664E-003   6.6433697791549048E-002   1.3267188588034816E-003   6.0705677184551415E-002   1.2729458366763538E-003
  0.72999995946884155        7.3076042407500041E-002   1.6303507023385198E-003   6.5321919912196200E-002   1.3045160200579075E-003   5.9739402568209587E-002   1.2526838890792780E-003
  0.74000000953674316        7.1748668424525222E-002   1.6007365492712103E-003   6.4219739220056610E-002   1.2825048426181257E-003   5.8780147940104152E-002   1.2325691445975199E-003
  0.75000000000000000        7.0436553207152072E-002   1.5714628243168084E-003   6.3127706786782617E-002   1.2606963316995300E-003   5.7828359385180224E-002   1.2126109572486938E-003
  0.75999999046325684        6.9139875819932556E-002   1.5425335224647570E-003   6.2046023192190554E-002   1.2390944929955240E-003   5.6884351094931736E-002   1.1928159153581864E-003
  0.76999998092651367        6.7859186153099924E-002   1.5139609119482369E-003   6.0975181665131578E-002   1.2177091765677548E-003   5.5948407052617777E-002   1.1731899738106840E-003
  0.77999997138977051        6.6594713042010811E-002   1.4857500981598230E-003   5.9915351599836984E-002   1.1965437653156943E-003   5.5020855429904494E-002   1.1537400140837584E-003
  0.78999996185302734        6.5346660078296606E-002   1.4579056232962206E-003   5.8866909178530040E-002   1.1756057718130299E-003   5.4101925433681364E-002   1.1344708424487376E-003
  0.79999995231628418        6.4115486959623616E-002   1.4304377433645775E-003   5.7830206057018614E-002   1.1549022188269325E-003   5.3191945986863706E-002   1.1153893561362464E-003
  0.81000000238418579        6.2901242538410743E-002   1.4033475482785362E-003   5.6805378689892883E-002   1.1344358314334458E-003   5.2291176339475685E-002   1.0965009913963041E-003
  0.81999999284744263        6.1704342764794903E-002   1.3766443180233765E-003   5.5792741728511126E-002   1.1142128933997683E-003   5.1399764722918212E-002   1.0778088565138923E-003
  0.82999998331069946        6.0524876950026611E-002   1.3503300451626649E-003   5.4792476798983872E-002   1.0942370319029788E-003   5.0517987314423321E-002   1.0593187426880227E-003
  0.83999997377395630        5.9362924690600255E-002   1.3244065055205533E-003   5.3804819062753695E-002   1.0745129432512945E-003   4.9646107392070961E-002   1.0410361706335823E-003
  0.84999996423721313        5.8218801170541117E-002   1.2988807309569994E-003   5.2829921663823748E-002   1.0550436858178587E-003   4.8784197645349622E-002   1.0229626645866248E-003
  0.85999995470046997        5.7092450523583388E-002   1.2737514750771203E-003   5.1867980191702405E-002   1.0358331656367737E-003   4.7932514538346495E-002   1.0051036023784672E-003
  0.87000000476837158        5.5984130385395667E-002   1.2490244858179864E-003   5.0919106859178297E-002   1.0168836236614728E-003   4.7091205105619607E-002   9.8746206719732619E-004
  0.87999999523162842        5.4893756196314994E-002   1.2246978766255186E-003   4.9983474951513306E-002   9.9819852049752860E-004   4.6260399218766582E-002   9.7004078233889986E-004
  0.88999998569488525        5.3821537647472141E-002   1.2007763257782746E-003   4.9061160627986322E-002   9.7977937708920346E-004   4.5440251133088999E-002   9.5284298240418445E-004
  0.89999997615814209        5.2767368652369431E-002   1.1772574664513659E-003   4.8152251964545562E-002   9.6162795236345053E-004   4.4630854029708115E-002   9.3587062132114546E-004
  0.90999996662139893        5.1731328703533017E-002   1.1541430721493716E-003   4.7256920458839682E-002   9.4374767122618638E-004   4.3832306110303088E-002   9.1912575829452994E-004
  0.91999995708465576        5.0713418306997250E-002   1.1314331541620853E-003   4.6375100900325456E-002   9.2613723138564822E-004   4.3044773823980566E-002   9.0261188361894125E-004
  0.93000000715255737        4.9713487710479697E-002   1.1091243714665021E-003   4.5506968015779276E-002   9.0880012223527624E-004   4.2268227719687579E-002   8.8632837973112797E-004
  0.93999999761581421        4.8731665994892509E-002   1.0872196039005120E-003   4.4652439220856946E-002   8.9173469451858667E-004   4.1502796092809498E-002   8.7027793687497140E-004
  0.94999998807907104        4.7767750297681731E-002   1.0657143255333643E-003   4.3811619375482849E-002   8.7494304234811361E-004   4.0748581754482295E-002   8.5446271091156633E-004
  0.95999997854232788        4.6821729510854719E-002   1.0446082885420670E-003   4.2984506454605845E-002   8.5842512528242919E-004   4.0005526818637040E-002   8.3888148801983405E-004
  0.96999996900558472        4.5893514467917854E-002   1.0238995035926246E-003   4.2171065558072908E-002   8.4218024634556004E-004   3.9273733095969744E-002   8.2353640308250242E-004
  0.97999995946884155        4.4982897930757305E-002   1.0035833471340964E-003   4.1371307913759439E-002   8.2620862976458644E-004   3.8553214014212848E-002   8.0842773766756908E-004
  0.98999994993209839        4.4089896557450527E-002   9.8366019081370937E-004   4.0585174230006210E-002   8.1050909145123455E-004   3.7843958441085929E-002   7.9355525834069068E-004
   1.0000000000000000        4.3214301412464066E-002   9.6412537321052794E-004   3.9812644655283939E-002   7.9508123495913570E-004   3.7145985873743848E-002   7.7891937394043383E-004
