 kt up dp u1 d1 u2 d2
   0.0000000000000000        0.0000000000000000        0.0000000000000000        0.0000000000000000        0.0000000000000000        0.0000000000000000        0.0000000000000000     
   9.9999997764825821E-003   1.0235770160339623        1.4440421187057705E-002  0.82443963789381680        1.0281004944679623E-002  0.77079112744417833        9.4577299640043449E-003
   1.9999999552965164E-002   1.0227932060402161        1.4429363351386306E-002  0.82388474144384016        1.0274085222623849E-002  0.77029671563878765        9.4516634523646708E-003
   2.9999999329447746E-002   1.0215579948256091        1.4411937236971373E-002  0.82302625117633166        1.0263379596305636E-002  0.76953835447332075        9.4423582400149138E-003
   3.9999999105930328E-002   1.0197681771738065        1.4386686845124747E-002  0.82176673604126038        1.0247673071853881E-002  0.76841927610290228        9.4286269700779111E-003
   4.9999997019767761E-002   1.0175661568744725        1.4355621180219493E-002  0.82023898686688679        1.0228621589981796E-002  0.76707091416835138        9.4120823542712933E-003
   5.9999998658895493E-002   1.0148526827085378        1.4317340025775322E-002  0.81833627060801006        1.0204894158200611E-002  0.76538267032987795        9.3913673333412759E-003
   7.0000000298023224E-002   1.0116562228675752        1.4272245005383145E-002  0.81610905788995292        1.0177120160063292E-002  0.76341352037339805        9.3672055495792189E-003
   7.9999998211860657E-002   1.0079807311938225        1.4220391899063730E-002  0.81354788669291223        1.0145181601397895E-002  0.76114788629710362        9.3394058584204808E-003
   8.9999996125698090E-002   1.0038314022562178        1.4161853990763668E-002  0.81065342286011932        1.0109086785465503E-002  0.75858803751623305        9.3079961059516908E-003
   9.9999994039535522E-002  0.99921315751149375        1.4096700711416756E-002  0.80743078786700484        1.0068899578572165E-002  0.75573691550668609        9.2730123845508796E-003
  0.10999999940395355       0.99413328992793581        1.4025034948770693E-002  0.80388363878320956        1.0024665585452699E-002  0.75259729071253645        9.2344886880083195E-003
  0.11999999731779099       0.98859764263271233        1.3946939136502698E-002  0.80001585347430060        9.9764331642321000E-003  0.74917405592877895        9.1924850516982865E-003
  0.12999999523162842       0.98261615877285391        1.3862553550555668E-002  0.79583202875635517        9.9242596385598555E-003  0.74546998968190070        9.1470355685835582E-003
  0.14000000059604645       0.97619449434798156        1.3771957984648560E-002  0.79133813451094903        9.8682194546163456E-003  0.74148959351194188        9.0981954732777797E-003
  0.14999999105930328       0.96934355232596325        1.3675306255685964E-002  0.78653782087850332        9.8083581307269897E-003  0.73723701114564566        9.0460156099683962E-003
  0.15999999642372131       0.96207171191225072        1.3572716575833681E-002  0.78143882481620330        9.7447721490251191E-003  0.73271777115228154        8.9905638150813792E-003
  0.17000000178813934       0.95438943078270388        1.3464336479905111E-002  0.77604561540547023        9.6775172402714729E-003  0.72793676040016286        8.9319000512696756E-003
  0.17999999225139618       0.94630635452089840        1.3350302045877034E-002  0.77036567529305577        9.6066867152734287E-003  0.72289891568190712        8.8700848937654179E-003
  0.18999999761581421       0.93783488494642275        1.3230788236156326E-002  0.76440431620385585        9.5323468128038612E-003  0.71760974630103136        8.8051859426006955E-003
  0.19999998807907104       0.92898466147143210        1.3105931041654601E-002  0.75817011909625154        9.4546045399394388E-003  0.71207571452614304        8.7372824908411185E-003
  0.20999999344348907       0.91976839209243189        1.2975909744261842E-002  0.75166949406700845        9.3735398324735347E-003  0.70630232916552871        8.6664421324422359E-003
  0.21999999880790710       0.91019952937045590        1.2840914130036478E-002  0.74490996621593897        9.2892465306156982E-003  0.70029686182359718        8.5927540911489124E-003
  0.22999998927116394       0.90028822449200174        1.2701087409900870E-002  0.73789826870434527        9.2018085988691684E-003  0.69406475876143670        8.5162851934525961E-003
  0.23999999463558197       0.89004867965575296        1.2556629945652485E-002  0.73064451314236778        9.1113521319885777E-003  0.68761294110514348        8.4371203626734097E-003
  0.25000000000000000       0.87949485723034315        1.2407738715614090E-002  0.72315584598462046        9.0179662483664130E-003  0.68094824988456737        8.3553435393377701E-003
  0.25999999046325684       0.86863901312206793        1.2254586623676792E-002  0.71544071211104876        8.9217562581411728E-003  0.67407909347727868        8.2710578955783945E-003
  0.26999998092651367       0.85749567108582803        1.2097378568089304E-002  0.70750683212775189        8.8228184395433805E-003  0.66701125000716766        8.1843343298962021E-003
  0.28000000119209290       0.84607984212229093        1.1936326321066766E-002  0.69936479127764584        8.7212847936677801E-003  0.65975323464276359        8.0952773247659690E-003
  0.28999999165534973       0.83440394905003590        1.1771605141265667E-002  0.69102267245713778        8.6172561166116251E-003  0.65231181726805354        8.0039699477430643E-003
  0.29999998211860657       0.82248397948361540        1.1603440578775805E-002  0.68248905420775308        8.5108393853126890E-003  0.64469484137262756        7.9105084396946454E-003
  0.31000000238418579       0.81033340085707939        1.1432022629481189E-002  0.67377384826862063        8.4021582020752817E-003  0.63691078355941821        7.8149968098895090E-003
  0.31999999284744263       0.79796760441231052        1.1257568429964509E-002  0.66488653105047713        8.2913307405305062E-003  0.62896639591044168        7.7175179074499773E-003
  0.32999998331069946       0.78540139184305147        1.1080286799580398E-002  0.65583620114661212        8.1784704628146947E-003  0.62087117711890027        7.6181882828553066E-003
  0.34000000357627869       0.77264962385055247        1.0900387390149721E-002  0.64663233676101828        8.0636955649213936E-003  0.61263175938882120        7.5170893143057995E-003
  0.34999999403953552       0.75972855335731526        1.0718099494674130E-002  0.63728455972856124        7.9471260339634090E-003  0.60425776594363578        7.4143390802864804E-003
  0.35999998450279236       0.74665055307714934        1.0533597664941967E-002  0.62780245408154056        7.8288813856444133E-003  0.59575668071518550        7.3100294098336462E-003
  0.37000000476837158       0.73343177625228950        1.0347109787685499E-002  0.61819456880726642        7.7090682283524189E-003  0.58713570221663103        7.2042486298509170E-003
  0.37999999523162842       0.72008716121730632        1.0158846609961013E-002  0.60847315710349192        7.5878393630699316E-003  0.57840525284079891        7.0971246247591348E-003
  0.38999998569488525       0.70663144959787771        9.9690161036948433E-003  0.59864556486156784        7.4652863952242359E-003  0.56957253988809098        6.9887458292827581E-003
  0.39999997615814209       0.69307931725558047        9.7778253130264628E-003  0.58872260581172164        7.3415441752141168E-003  0.56064526086133049        6.8792066930080794E-003
  0.40999999642372131       0.67944633931636900        9.5854939687384979E-003  0.57871285589671206        7.2167196475699559E-003  0.55163286071170781        6.7686231069913148E-003
  0.41999998688697815       0.66574482088285103        9.3921956687738634E-003  0.56862712111706470        7.0909475662988735E-003  0.54254303526222292        6.6570895002070448E-003
  0.42999997735023499       0.65199002852641541        9.1981457908887031E-003  0.55847424563022030        6.9643382206472917E-003  0.53338341335546136        6.5446994797694986E-003
  0.43999999761581421       0.63819592883850207        9.0035413729802807E-003  0.54826360226263593        6.8370084925198612E-003  0.52416324193550357        6.4315665071561024E-003
  0.44999998807907104       0.62437638708811694        8.8085780235091001E-003  0.53800456325472823        6.7090752565131433E-003  0.51489010589831108        6.3177836502490035E-003
  0.45999997854232788       0.61054526593311076        8.6134513140980282E-003  0.52770630415091435        6.5806529343666919E-003  0.50557115935858465        6.2034386911756284E-003
  0.46999999880790710       0.59671505392891289        8.4183374308059358E-003  0.51737735917642846        6.4518479503810899E-003  0.49621600384673165        6.0886494422441430E-003
  0.47999998927116394       0.58289976133187449        8.2234340275459932E-003  0.50702780136210490        6.3227859182156529E-003  0.48683167942694383        5.9735022861640468E-003
  0.48999997973442078       0.56911088200297522        8.0289032574254095E-003  0.49666588090317432        6.1935697202332336E-003  0.47742540367660358        5.8580857837599960E-003
  0.50000000000000000       0.55536076955398228        7.8349194027446840E-003  0.48630022228569220        6.0643069063134134E-003  0.46800575227843733        5.7425051600256362E-003
  0.50999999046325684       0.54166367280803107        7.6416834830697767E-003  0.47593890927332061        5.9350982833683806E-003  0.45857930642155548        5.6268411672000893E-003
  0.51999998092651367       0.52802821901265373        7.4493172098948988E-003  0.46559119362233947        5.8060592235220348E-003  0.44915434521198261        5.5111953912336167E-003
  0.52999997138977051       0.51446788773261776        7.2580107502417919E-003  0.45526471524514500        5.6772849987306523E-003  0.43973732508245977        5.3956470535848162E-003
  0.53999996185302734       0.50099210209002065        7.0678970436448994E-003  0.44496724471456917        5.5488725103245854E-003  0.43033543029531340        5.2802843062972884E-003
  0.55000001192092896       0.48761280907964422        6.8791446359330764E-003  0.43470667293281340        5.4209201601768389E-003  0.42095612357526979        5.1651987181926583E-003
  0.56000000238418579       0.47434001833456807        6.6918947410211926E-003  0.42449043355194893        5.2935206481167160E-003  0.41160569215326021        5.0504674345963636E-003
  0.56999999284744263       0.46118177521765713        6.5062608612901588E-003  0.41432657877466100        5.1667743874817271E-003  0.40229058403835499        4.9361695736072214E-003
  0.57999998331069946       0.44814928832328305        6.3224011253625529E-003  0.40422090373559577        5.0407536453066235E-003  0.39301797745287337        4.8223932131569829E-003
  0.58999997377395630       0.43525005124019306        6.1404212512996617E-003  0.39418089965479036        4.9155518393101706E-003  0.38379284492250260        4.7091993669282324E-003
  0.59999996423721313       0.42249434589945567        5.9604662945422692E-003  0.38421378017085528        4.7912589256890693E-003  0.37462181639244552        4.5966693854051369E-003
  0.61000001430511475       0.40988793184816374        5.7826175096365147E-003  0.37432462684782325        4.6679382730424757E-003  0.36551065258266779        4.4848739535396790E-003
  0.62000000476837158       0.39744034278064372        5.6070093960478859E-003  0.36452029069437064        4.5456753154650654E-003  0.35646472305501820        4.3738789567114127E-003
  0.62999999523162842       0.38515735102745091        5.4337233886690558E-003  0.35480657745194200        4.4245424522614783E-003  0.34749101179966296        4.2637700895926172E-003
  0.63999998569488525       0.37304700278904701        5.2628730016975982E-003  0.34518967010828000        4.3046167871087174E-003  0.33859252066826007        4.1545841853815055E-003
  0.64999997615814209       0.36111431013207085        5.0945289443738960E-003  0.33567376838476165        4.1859506917684784E-003  0.32977517084807750        4.0463938979894308E-003
  0.65999996662139893       0.34936641038422400        4.9287919086991811E-003  0.32626454738823413        4.0686149364935233E-003  0.32104374232142929        3.9392578785611004E-003
  0.66999995708465576       0.33780786152968223        4.7657261978086675E-003  0.31696739039219313        3.9526766522888128E-003  0.31240246949881467        3.8332280839881183E-003
  0.68000000715255737       0.32644407148927779        4.6054081055750705E-003  0.30778570665399313        3.8381783535970230E-003  0.30385717042827409        3.7283759026470976E-003
  0.68999999761581421       0.31527891332861302        4.4478922724384166E-003  0.29872447293144250        3.7251821020528463E-003  0.29540969833884817        3.6247240739536763E-003
  0.69999998807907104       0.30431767975356927        4.2932533668417908E-003  0.28978768151348483        3.6137376826744731E-003  0.28706543020607933        3.5223385742546133E-003
  0.70999997854232788       0.29356291597600742        4.1415272961284671E-003  0.28097964137104764        3.5038988295976424E-003  0.27882773198171024        3.4212607043141831E-003
  0.71999996900558472       0.28302006045854672        3.9927907850486038E-003  0.27230282609957734        3.3956963892856381E-003  0.27070007799938234        3.3215330947598174E-003
  0.72999995946884155       0.27268899925295992        3.8470422260432516E-003  0.26376103298596698        3.2891777150236791E-003  0.26268621616816712        3.2232017330330784E-003
  0.74000000953674316       0.26257373026573777        3.7043380207829163E-003  0.25535722357805390        3.1843797381849799E-003  0.25478814927837146        3.1262911936901869E-003
  0.75000000000000000       0.25267652280227493        3.5647101841772655E-003  0.24709506213551102        3.0813481531661835E-003  0.24700929250488216        3.0308433814712314E-003
  0.75999999046325684       0.24299962869956315        3.4281904846951900E-003  0.23897587372496942        2.9800994839381803E-003  0.23935220732242879        2.9368897260793332E-003
  0.76999998092651367       0.23354422770819971        3.2947955660237471E-003  0.23100095846322691        2.8806499433401155E-003  0.23181929053014597        2.8444596366218188E-003
  0.77999997138977051       0.22431067842517083        3.1645304871779651E-003  0.22317519159698732        2.7830603271333317E-003  0.22441319316610125        2.7535856417582323E-003
  0.78999996185302734       0.21529949522303379        3.0374025048237026E-003  0.21549798799464526        2.6873233385544797E-003  0.21713496224946069        2.6642805885805968E-003
  0.79999995231628418       0.20651158689538543        2.9134244400404576E-003  0.20797215039167002        2.5934739285398073E-003  0.20998684323707079        2.5765720292022375E-003
  0.81000000238418579       0.19794744826947566        2.7926032737527798E-003  0.20059799575314280        2.5015160497371723E-003  0.20297037026368497        2.4904787877010593E-003
  0.81999999284744263       0.18960587730656372        2.6749220478369143E-003  0.19337717822249581        2.4114703298020348E-003  0.19608700559620040        2.4060188063249055E-003
  0.82999998331069946       0.18148758614575206        2.5603908090098436E-003  0.18631052177780938        2.3233470439835901E-003  0.18933789250735628        2.3232061132124810E-003
  0.83999997377395630       0.17359056999969347        2.4489812741299607E-003  0.17939913614588199        2.2371600309016369E-003  0.18272446745718307        2.2420583339572650E-003
  0.84999996423721313       0.16591350242254646        2.3406747299628654E-003  0.17264255454916341        2.1529034697027444E-003  0.17624665815046639        2.1625745814854544E-003
  0.85999995470046997       0.15845550031991928        2.2354587179883195E-003  0.16604148260543883        2.0705861596483732E-003  0.16990554089146453        2.0847680622218170E-003
  0.87000000476837158       0.15121536876767830        2.1333163804540460E-003  0.15959593348873610        1.9902082650225298E-003  0.16370153571457030        2.0086439300552846E-003
  0.87999999523162842       0.14419110911792365        2.0342195208325445E-003  0.15330628080121447        1.9117744447541077E-003  0.15763500288742879        1.9342066055272761E-003
  0.88999998569488525       0.13737947237319198        1.9381223029130876E-003  0.14717129457531813        1.8352693607856629E-003  0.15170644591037521        1.8614622666671397E-003
  0.89999997615814209       0.13077942625804889        1.8450101635589270E-003  0.14119091920653207        1.7606923197125233E-003  0.14591498238373785        1.7904000862902865E-003
  0.90999996662139893       0.12438748222923485        1.7548338870948298E-003  0.13536449294628056        1.6880350693351813E-003  0.14026084257691415        1.7210228898389163E-003
  0.91999995708465576       0.11820142686923227        1.6675622470662039E-003  0.12969161377793756        1.6172925963879789E-003  0.13474368389005997        1.6533264735583515E-003
  0.93000000715255737       0.11221882249523311        1.5831608531282847E-003  0.12417042784970411        1.5484417827933334E-003  0.12936339509503819        1.5873094726616222E-003
  0.93999999761581421       0.10643651665124426        1.5015852310582265E-003  0.11880030234798775        1.4814747371794915E-003  0.12411859980531829        1.5229549986666613E-003
  0.94999998807907104       0.10085024629074577        1.4227752386426692E-003  0.11357994136539623        1.4163752991998371E-003  0.11900891954425687        1.4602584076047426E-003
  0.95999997854232788        9.5457920665334442E-002   1.3467013800185135E-003  0.10850835913967762        1.3531311761089512E-003  0.11403347187108241        1.3992088717869789E-003
  0.96999996900558472        9.0255172649116339E-002   1.2733020446412677E-003  0.10358321437063284        1.2917131712042256E-003  0.10919164433846419        1.3397988763870245E-003
  0.97999995946884155        8.5238916736609965E-002   1.2025337028125976E-003   9.8803281727338238E-002   1.2321060042483876E-003  0.10448153499612620        1.2820050841719042E-003
  0.98999994993209839        8.0405953178233555E-002   1.1343512131011047E-003   9.4166812624419088E-002   1.1742878698671477E-003   9.9902311117375270E-002   1.2258172774523945E-003
   1.0000000000000000        7.5752335023196060E-002   1.0686988927091708E-003   8.9672324594991887E-002   1.1182402812621275E-003   9.5452616968055418E-002   1.1712188211543549E-003
