 z up dp u1 d1 u2 d2
   0.0000000000000000        0.0000000000000000        0.0000000000000000        0.0000000000000000        0.0000000000000000        0.0000000000000000        0.0000000000000000     
  0.20000000298023224        3.9826861511056242        2.6695965398176540        3.1297751380891325        1.9133420808596686        2.7654758426420414        1.6622143733289982     
  0.25000000000000000        3.0078544391179385        1.9696944336634035        2.2979101216885671        1.4140929389884969        2.0113948123964209        1.2222865189881125     
  0.30000001192092896        2.3146370628870279        1.3733684846299781        1.7134823063396494       0.98117346277266959        1.4774460505112117       0.84390682544709772     
  0.35000002384185791        1.7749931302892834       0.93985025969547398        1.2735448830151994       0.66551690388286255        1.0787094560428143       0.56852946557006601     
  0.40000000596046448        1.3472535985001917       0.65040627892374125       0.93906582875999678       0.45524700494950227       0.78088789078266974       0.38511354259802738     
  0.45000001788139343        1.0163769646304237       0.46165105712079679       0.69061186053654966       0.31929836365236425       0.56437550943388903       0.26671628924514390     
  0.50000000000000000       0.77099316703902598       0.33549799100030819       0.51369934478420420       0.22937371795333411       0.41359873486864623       0.18897312873537009     
  0.55000001192092896       0.59588373701697028       0.24549520541385472       0.39219184202691454       0.16587999281948990       0.31218875806541885       0.13486123743485612     
  0.60000002384185791       0.47368130435808059       0.17682235715024347       0.30977862232382392       0.11792407257370992       0.24463627273956481        9.4750217862725264E-002
  0.64999997615814209       0.38756575427983825       0.12247641039512376       0.25227123836194698        8.0413198455053361E-002  0.19810919482192124        6.3955323134635297E-002
  0.70000004768371582       0.32270773400676711        7.9561568300811430E-002  0.20835024943787930        5.1224054887524163E-002  0.16278233092469066        4.0363481625196346E-002
  0.75000000000000000       0.26798716703749681        4.6936052262727027E-002  0.17043157615198271        2.9504059958556358E-002  0.13232878567123987        2.3033092790340645E-002
  0.80000007152557373       0.21643329480481616        2.4132210394079808E-002  0.13405865863444774        1.4665742666847283E-002  0.10320217092946753        1.1332046343492698E-002
  0.85000002384185791       0.16390393725561739        9.9489645949184784E-003   9.7524808846232588E-002   5.7753272725140203E-003   7.4182435114909503E-002   4.4059084478092550E-003
  0.89999997615814209       0.10923770256601477        2.7365055229366217E-003   6.1156115242309801E-002   1.4942783119245447E-003   4.5705408693934448E-002   1.1199441404317215E-003
