 pt up dp u1 d1 u2 d2
   0.0000000000000000        0.0000000000000000        0.0000000000000000        0.0000000000000000        0.0000000000000000        0.0000000000000000        0.0000000000000000     
   9.9999997764825821E-003   1.3242181931900676       0.64003719022797467       0.93906586312898122       0.45524702497324526       0.78088792105385696       0.38511356005916481     
   1.9999999552965164E-002   1.3217829821043161       0.63886017448468380       0.93758550618175662       0.45452936700847063       0.77973105936545339       0.38454302604102303     
   2.9999999329447746E-002   1.3175899476077766       0.63683354622093191       0.93500373049276608       0.45327775543604598       0.77770078486723793       0.38354174760038617     
   3.9999999105930328E-002   1.3119578795953639       0.63411138683332069       0.93153875083962046       0.45159797796715645       0.77497630397343742       0.38219810466772430     
   4.9999997019767761E-002   1.3045842262710403       0.63054746332004685       0.92701889780997038       0.44940681148368050       0.77142807297730975       0.38044820966488369     
   5.9999998658895493E-002   1.2956281608893461       0.62621870922810297       0.92152055006989375       0.44674128337833763       0.76711350492071273       0.37832037720699258     
   7.0000000298023224E-002   1.2851195071709944       0.62113953931972898       0.91506509037756034       0.44361175973664407       0.76204358412271678       0.37582002447378693     
   7.9999998211860657E-002   1.2730945051172344       0.61532746955165452       0.90766848970783631       0.44002598308133362       0.75623416201099658       0.37295496897605074     
   8.9999996125698090E-002   1.2595980711205010       0.60880420945918001       0.89935654617715355       0.43599646000668935       0.74970204654523553       0.36973349996121224     
   9.9999994039535522E-002   1.2446753311958303       0.60159156989493989       0.89015157439932990       0.43153400834983335       0.74246334039079886       0.36616355884393226     
  0.10999999940395355        1.2283801701763795       0.59371559512972605       0.88008385627734109       0.42665330838696491       0.73454223351488013       0.36225707548524833     
  0.11999999731779099        1.2107691146168049       0.58520360626318968       0.86918119837573127       0.42136784038212138       0.72595782592149460       0.35802346950908487     
  0.12999999523162842        1.1918979667432963       0.57608257430376519       0.85747957750788617       0.41569504543065638       0.71673716499899387       0.35347607998208302     
  0.14000000059604645        1.1718358474937822       0.56638590762110630       0.84500834661020330       0.40964915345774705       0.70690313579082675       0.34862619321091598     
  0.14999999105930328        1.1506490014207233       0.55614562433536885       0.83180732761050791       0.40324946962066033       0.69648541617723425       0.34348844555223235     
  0.15999999642372131        1.1284039242510970       0.54539386396742484       0.81791289302513714       0.39651362684643876       0.68551005260763254       0.33807568243569103     
  0.17000000178813934        1.1051760940366677       0.53416710748424867       0.80336557501854688       0.38946127460591184       0.67400894094223507       0.33240363406782580     
  0.17999999225139618        1.0810438877592248       0.52250323699882073       0.78820709430926550       0.38211263856560163       0.66201075657103070       0.32648644240323355     
  0.18999999761581421        1.0560765371065155       0.51043571440973734       0.77247822374119846       0.37448748487463168       0.64954911811920168       0.32034068727120724     
  0.19999998807907104        1.0303557848978051       0.49800404864734871       0.75622452080890301       0.36660789921908327       0.63665469616405979       0.31398149460070451     
  0.20999999344348907        1.0039634833725786       0.48524780152831304       0.73948571856531398       0.35849314367082147       0.62336371079395492       0.30742672719481684     
  0.21999999880790710       0.97697290104990231       0.47220238608147724       0.72231004007798827       0.35016659615135504       0.60970420807655179       0.30069021664278039     
  0.22999998927116394       0.94946690144283452       0.45890785290450220       0.70474291823945667       0.34165028194130936       0.59571709311740095       0.29379213627600254     
  0.23999999463558197       0.92152482695733995       0.44540255073088225       0.68682584671352953       0.33296431663400611       0.58143131370469092       0.28674676238876962     
  0.25000000000000000       0.89322971502450044       0.43172661421844571       0.66860851659518983       0.32413278983172639       0.56688407637080107       0.27957244427264455     
  0.25999999046325684       0.86465107992175227       0.41791364185046392       0.65013255806934156       0.31517588331145791       0.55210841087721996       0.27228547134470260     
  0.26999998092651367       0.83586984130750497       0.40400274469720321       0.63144328645812486       0.30611556535721596       0.53713824445515612       0.26490257563068170     
  0.28000000119209290       0.80696096355512703       0.39003015544837072       0.61258752633105318       0.29697453591668593       0.52201125652843416       0.25744233963987528     
  0.28999999165534973       0.77799999678448695       0.37603238990377252       0.59360693544782317       0.28777299013476065       0.50675674137491578       0.24991921054624083     
  0.29999998211860657       0.74905329735145820       0.36204152022174679       0.57454140457842540       0.27853026654249974       0.49140997907756651       0.24235058756672581     
  0.31000000238418579       0.72019160468357835       0.34809173703996454       0.55543828457952615       0.26926932022481709       0.47600217195758998       0.23475185887250927     
  0.31999999284744263       0.69148252201160221       0.33421571517144688       0.53633542841769422       0.26000850181194379       0.46056713091313378       0.22713969911689719     
  0.32999998331069946       0.66298530067676809       0.32044209269272728       0.51726956094781917       0.25076561504011069       0.44513189565468164       0.21952744358000639     
  0.34000000357627869       0.63476281128965173       0.30680125698947092       0.49828337945583095       0.24156135900312747       0.42973090306074185       0.21193207563233399     
  0.34999999403953552       0.60687237208746303       0.29332091180693737       0.47941224482631428       0.23241287620200474       0.41438836742824231       0.20436553713370748     
  0.35999998450279236       0.57936107261283365       0.28002381703372370       0.46068786263096440       0.22333553708918447       0.39913750445882873       0.19684420920203838     
  0.37000000476837158       0.55228720771006090       0.26693814844066627       0.44214694279707267       0.21434713816419082       0.38400007905146843       0.18937882571795131     
  0.37999999523162842       0.52569111711004712       0.25408340351553127       0.42381850470524202       0.20546174764865247       0.36900349056337711       0.18198289932995326     
  0.38999998569488525       0.49961587475345109       0.24148040127749013       0.40573542026482218       0.19669530142047076       0.35417181112294244       0.17466830178405496     
  0.39999997615814209       0.47394448408203982       0.22907259353170401       0.38792155410254298       0.18805936874304660       0.33952887205353188       0.16744678606751071     
  0.40999999642372131       0.44902713623175866       0.21702923890325870       0.37040594460615262       0.17956802705242697       0.32509393439162410       0.16032785122125628     
  0.41999998688697815       0.42473418782659561       0.20528767658403299       0.35321031892089505       0.17123180938854224       0.31088817110184253       0.15332193919933340     
  0.42999997735023499       0.40109836885515299       0.19386372602889371       0.33635966345429069       0.16306282883965909       0.29693013255464651       0.14643819856072904     
  0.43999999761581421       0.37814012201788444       0.18276726785164485       0.31987034795768848       0.15506902125020966       0.28323693367812552       0.13968506994168442     
  0.44999998807907104       0.35588192348753495       0.17200916550856923       0.30376351379625116       0.14726063568149186       0.26982436527879350       0.13307034095620734     
  0.45999997854232788       0.33433733277644007       0.16159597274754686       0.28805482180063952       0.13964526430232704       0.25670904130229361       0.12660220516906057     
  0.46999999880790710       0.31352467808212675       0.15153654817519377       0.27275613050042774       0.13222865597498440       0.24389891212201509       0.12028458349708351     
  0.47999998927116394       0.29344968044315495       0.14183365695322073       0.25788162740826964       0.12501768862270798       0.23140788947576288       0.11412433684659642     
  0.48999997973442078       0.27412407941252770       0.13249297318470071       0.24344436170776820       0.11801868832149193       0.21924591629354995       0.10812636881140759     
  0.50000000000000000       0.25554743318199158       0.12351428332951241       0.22944775505572931       0.11123331384644707       0.20742156151341593       0.10229490536831264     
  0.50999999046325684       0.23772698920219115       0.11490109031336014       0.21590143761581415       0.10466623377677403       0.19594213854576098        9.6633553300614780E-002
  0.51999998092651367       0.22065416559112325       0.10664924623699848       0.20281060905093207        9.8319968842022820E-002  0.18481569693439123        9.1146282433417519E-002
  0.52999997138977051       0.20433074837028625        9.8759614341989627E-002  0.19018127642473390        9.2197431189214404E-002  0.17404252826530750        8.5833236569333088E-002
  0.53999996185302734       0.18874615829548780        9.1227081339781371E-002  0.17801059214155376        8.6297240340678150E-002  0.16362824024794090        8.0697181284424963E-002
  0.55000001192092896       0.17389602514470129        8.4049534961684949E-002  0.16630147418962679        8.0620810899494869E-002  0.15357499675349084        7.5739183743543187E-002
  0.56000000238418579       0.15976584868291921        7.7219966778334662E-002  0.15505317376236480        7.5167779853883371E-002  0.14388400328779338        7.0959838470731049E-002
  0.56999999284744263       0.14634850057495224        7.0734931436352136E-002  0.14426568270663476        6.9938143251309884E-002  0.13455396752650112        6.6358508125319307E-002
  0.57999998331069946       0.13362339761458997        6.4584480410987799E-002  0.13393090624359227        6.4927976847340141E-002  0.12558634812780115        6.1935912079489626E-002
  0.58999997377395630       0.12158022646546732        5.8763628935484209E-002  0.12404651532253744        6.0136151548218733E-002  0.11697983669027771        5.7691405063781828E-002
  0.59999996423721313       0.11019820161521936        5.3262330704028811E-002  0.11460676921021221        5.5559884320465602E-002  0.10872762162097677        5.3621627778171609E-002
  0.61000001430511475        9.9463055541811229E-002   4.8073689764910665E-002  0.10560703488217298        5.1196929133554864E-002  0.10082786777272336        4.9725675175925979E-002
  0.62000000476837158        8.9352063626704753E-002   4.3186722580014360E-002   9.7035409522138988E-002   4.7041515655592329E-002   9.3276123921110649E-002   4.6001352029238572E-002
  0.62999999523162842        7.9849050395662410E-002   3.8593611023041069E-002   8.8885541114818556E-002   4.3090564511448243E-002   8.6067068669881591E-002   4.2446033964237358E-002
  0.63999998569488525        7.0930803903740666E-002   3.4283136015369226E-002   8.1148193884239370E-002   3.9339598315989460E-002   7.9196565043531245E-002   3.9057680732479901E-002
  0.64999997615814209        6.2577608672333737E-002   3.0245768432874440E-002   7.3815498368995897E-002   3.5784802055771489E-002   7.2654430080032875E-002   3.5831270362627815E-002
  0.65999996662139893        5.4765398288880933E-002   2.6469876205288029E-002   6.6872883559348006E-002   3.2419111893106853E-002   6.6435405763444949E-002   3.2764209738327950E-002
  0.66999995708465576        4.7475961287124481E-002   2.2946657145966158E-002   6.0311418383324322E-002   2.9238198159434022E-002   6.0531928760467958E-002   2.9852768820820046E-002
  0.68000000715255737        4.0683650368768427E-002   1.9663715091782011E-002   5.4119649296547764E-002   2.6236508324086239E-002   5.4935950266839208E-002   2.7092978149724126E-002
  0.68999999761581421        3.4370060028713290E-002   1.6612154070886575E-002   4.8287841326904155E-002   2.3409322998075872E-002   4.9639159260266609E-002   2.4480738945565888E-002
  0.69999998807907104        2.8510688078251120E-002   1.3780131388400937E-002   4.2799946621351503E-002   2.0748862389120545E-002   4.4632825985284647E-002   2.2011745920588605E-002
  0.70999997854232788        2.3085010397965903E-002   1.1157727078121274E-002   3.7645674367973343E-002   1.8250137644261769E-002   3.9907989904402690E-002   1.9681579971358967E-002
  0.71999996900558472        1.8069046477371533E-002   8.7333505890109762E-003   3.2812591478264770E-002   1.5907121362466987E-002   3.5457132928358670E-002   1.7486533372296199E-002
  0.72999995946884155        1.3444941002140285E-002   6.4983718740946545E-003   2.8290035115314152E-002   1.3714644337855618E-002   3.1267582657303020E-002   1.5420356426242733E-002
  0.74000000953674316        9.1883383398311640E-003   4.4410190738448790E-003   2.4061661583682389E-002   1.1664783357565069E-002   2.7331528386452048E-002   1.3479197097272974E-002
  0.75000000000000000        5.2805545761391215E-003   2.5522616523004317E-003   2.0116852913222408E-002   9.7523909665439435E-003   2.3639460915328789E-002   1.1658365695675623E-002
  0.75999999046325684        1.7059737705731090E-003   8.2455192379578290E-004   1.6443089839077354E-002   7.9713979865750784E-003   2.0180831813333182E-002   9.9526600105419773E-003
  0.76999998092651367       -1.5635448495759615E-003  -7.5571145107684477E-004   1.3029802231721385E-002   6.3166801551236404E-003   1.6948015899443399E-002   8.3583195014279316E-003
  0.77999997138977051       -4.5424009005829800E-003  -2.1954882694175891E-003   9.8611013962436548E-003   4.7805348377175771E-003   1.3933025392302329E-002   6.8714048028592992E-003
  0.78999996185302734       -7.2471179408563945E-003  -3.5027648977865198E-003   6.9267656753526571E-003   3.3580067066690590E-003   1.1118794531193832E-002   5.4834995266614039E-003
  0.79999995231628418       -9.6984923034672526E-003  -4.6875928719912197E-003   4.2149581127769514E-003   2.0433573581675490E-003   8.5050874652758714E-003   4.1944873573490455E-003
  0.81000000238418579       -1.1911710781721634E-002  -5.7573124570771579E-003   1.7158031635715484E-003   8.3179925532906045E-004   6.0770321075896807E-003   2.9970337694419360E-003
  0.81999999284744263       -1.3898669692115851E-002  -6.7176735249488573E-003  -5.8545660563824652E-004  -2.8382181530875678E-004   3.8271152514510816E-003   1.8874334453194814E-003
  0.82999998331069946       -1.5683254339974542E-002  -7.5802206109301332E-003  -2.6981098741751825E-003  -1.3080088857414724E-003   1.7464182156608043E-003   8.6128792397970825E-004
  0.83999997377395630       -1.7275944510014754E-002  -8.3500189316136220E-003  -4.6328577995068130E-003  -2.2459497391610437E-003  -1.7378082815266703E-004  -8.5704172897928794E-005
  0.84999996423721313       -1.8689154171738144E-002  -9.0330685572296929E-003  -6.3983702838587165E-003  -3.1018474324029616E-003  -1.9405319677777257E-003  -9.5701976477101435E-004
  0.85999995470046997       -1.9939375276087773E-002  -9.6373405774350246E-003  -8.0080769052526639E-003  -3.8822124517718577E-003  -3.5650361953615092E-003  -1.7581828888870094E-003
  0.87000000476837158       -2.1037611428250544E-002  -1.0168153388081991E-002  -9.4699383382365939E-003  -4.5909040296677629E-003  -5.0538704177594028E-003  -2.4924371042061326E-003
  0.87999999523162842       -2.1994190625918630E-002  -1.0630498842218289E-002  -1.0793234753380674E-002  -5.2324210731526819E-003  -6.4148024101185318E-003  -3.1636132748766995E-003
  0.88999998569488525       -2.2820958432868476E-002  -1.1030102281328561E-002  -1.1985243553493457E-002  -5.8102915732953777E-003  -7.6553667399062520E-003  -3.7754272531006316E-003
  0.89999997615814209       -2.3532002722264141E-002  -1.1373772827053439E-002  -1.3180171705357910E-002  -6.3895773375339960E-003  -8.7813965730154011E-003  -4.3307558041893171E-003
  0.90999996662139893       -2.4133124362937203E-002  -1.1664314225638794E-002  -1.4139888115552956E-002  -6.8548354815192213E-003  -9.8027478752075077E-003  -4.8344596334500296E-003
  0.91999995708465576       -2.4636765737721115E-002  -1.1907740280390921E-002  -1.4994514297798425E-002  -7.2691472377097105E-003  -1.0724675102536859E-002  -5.2891301015923851E-003
  0.93000000715255737       -2.5050063174925169E-002  -1.2107500208019829E-002  -1.5750306725093435E-002  -7.6355456635633645E-003  -1.1553624657759750E-002  -5.6979464063580234E-003
  0.93999999761581421       -2.5379576762272590E-002  -1.2266764709649802E-002  -1.6416642349080392E-002  -7.9585765843584039E-003  -1.2294337934558796E-002  -6.0632468794735508E-003
  0.94999998807907104       -2.5633483296093787E-002  -1.2389485893608113E-002  -1.6999058047245979E-002  -8.2409242069246703E-003  -1.2955516603598966E-002  -6.3893229580042586E-003
  0.95999997854232788       -2.5822283293967435E-002  -1.2480738997345506E-002  -1.7503891993918500E-002  -8.4856611964712805E-003  -1.3541354955056454E-002  -6.6782431564937983E-003
  0.96999996900558472       -2.5948433604511160E-002  -1.2541711494719457E-002  -1.7935972183691345E-002  -8.6951281025395566E-003  -1.4057155324457492E-002  -6.9326224485589090E-003
  0.97999995946884155       -2.6021082391476720E-002  -1.2576824987134850E-002  -1.8303273451089608E-002  -8.8731910221039011E-003  -1.4510210861226570E-002  -7.1560576253179653E-003
  0.98999994993209839       -2.6044259837630899E-002  -1.2588027391383210E-002  -1.8609954434647750E-002  -9.0218660095169306E-003  -1.4900875917997601E-002  -7.3487234442497591E-003
   1.0000000000000000       -2.6021573860508362E-002  -1.2577062529905125E-002  -1.8861009265711985E-002  -9.1435741552761025E-003  -1.5234560602112644E-002  -7.5132880292203370E-003
