 Z Q2 pt2 MULT-RATIO STAT SYS fuu fuua DIS chi2
  0.40000000596046448        2.0000000000000000        9.9999995529651692E-005   0.0000000000000000        0.0000000000000000        0.0000000000000000        3.3638482269559478E-005   1.2939867633899642E-005  0.95899999141693115        0.0000000000000000     
  0.40000000596046448        2.0000000000000000        7.7049370915066029E-003   0.0000000000000000        0.0000000000000000        0.0000000000000000        3.2482639439407171E-005   1.2695687886504092E-005  0.95899999141693115        0.0000000000000000     
  0.40000000596046448        2.0000000000000000        2.7408640681519936E-002   0.0000000000000000        0.0000000000000000        0.0000000000000000        2.9649162954988093E-005   1.2060617332439675E-005  0.95899999141693115        0.0000000000000000     
  0.40000000596046448        2.0000000000000000        5.9211106953356074E-002   0.0000000000000000        0.0000000000000000        0.0000000000000000        2.5546437159736696E-005   1.1089086789292338E-005  0.95899999141693115        0.0000000000000000     
  0.40000000596046448        2.0000000000000000       0.10311232764514955        0.0000000000000000        0.0000000000000000        0.0000000000000000        2.0707728651223350E-005   9.8560833377748407E-006  0.95899999141693115        0.0000000000000000     
  0.40000000596046448        2.0000000000000000       0.15911234335428404        0.0000000000000000        0.0000000000000000        0.0000000000000000        1.5697463107313984E-005   8.4531947777251396E-006  0.95899999141693115        0.0000000000000000     
  0.40000000596046448        2.0000000000000000       0.22721107550197317        0.0000000000000000        0.0000000000000000        0.0000000000000000        1.1000018136406813E-005   6.9692696044432284E-006  0.95899999141693115        0.0000000000000000     
  0.40000000596046448        2.0000000000000000       0.30740862846256789        0.0000000000000000        0.0000000000000000        0.0000000000000000        6.9549382014109466E-006   5.4935423440058211E-006  0.95899999141693115        0.0000000000000000     
  0.40000000596046448        2.0000000000000000       0.39970487931805110        0.0000000000000000        0.0000000000000000        0.0000000000000000        3.7321006187394997E-006   4.1004608322934751E-006  0.95899999141693115        0.0000000000000000     
  0.40000000596046448        2.0000000000000000       0.50409996953010605        0.0000000000000000        0.0000000000000000        0.0000000000000000        1.3506964409209864E-006   2.8485925051642731E-006  0.95899999141693115        0.0000000000000000     
  0.40000000596046448        3.0000000000000000        9.9999995529651692E-005   0.0000000000000000        0.0000000000000000        0.0000000000000000        1.5966281638181373E-005   8.0626693230008442E-006  0.95200002193450928        0.0000000000000000     
  0.40000000596046448        3.0000000000000000        7.7049370915066029E-003   0.0000000000000000        0.0000000000000000        0.0000000000000000        1.5466300407569670E-005   7.8810610478984390E-006  0.95200002193450928        0.0000000000000000     
  0.40000000596046448        3.0000000000000000        2.7408640681519936E-002   0.0000000000000000        0.0000000000000000        0.0000000000000000        1.4184561734934403E-005   7.4312535391007203E-006  0.95200002193450928        0.0000000000000000     
  0.40000000596046448        3.0000000000000000        5.9211106953356074E-002   0.0000000000000000        0.0000000000000000        0.0000000000000000        1.2323432896222562E-005   6.7559529999760027E-006  0.95200002193450928        0.0000000000000000     
  0.40000000596046448        3.0000000000000000       0.10311232764514955        0.0000000000000000        0.0000000000000000        0.0000000000000000        1.0118057016930332E-005   5.9121068254192087E-006  0.95200002193450928        0.0000000000000000     
  0.40000000596046448        3.0000000000000000       0.15911234335428404        0.0000000000000000        0.0000000000000000        0.0000000000000000        7.8185668258585672E-006   4.9679173118552154E-006  0.95200002193450928        0.0000000000000000     
  0.40000000596046448        3.0000000000000000       0.22721107550197317        0.0000000000000000        0.0000000000000000        0.0000000000000000        5.6423956291535752E-006   3.9935862620645995E-006  0.95200002193450928        0.0000000000000000     
  0.40000000596046448        3.0000000000000000       0.30740862846256789        0.0000000000000000        0.0000000000000000        0.0000000000000000        3.7433319022952076E-006   3.0512672387445024E-006  0.95200002193450928        0.0000000000000000     
  0.40000000596046448        3.0000000000000000       0.39970487931805110        0.0000000000000000        0.0000000000000000        0.0000000000000000        2.2020981408290395E-006   2.1900627558064801E-006  0.95200002193450928        0.0000000000000000     
  0.40000000596046448        3.0000000000000000       0.50409996953010605        0.0000000000000000        0.0000000000000000        0.0000000000000000        1.0335668114454105E-006   1.4435554196282930E-006  0.95200002193450928        0.0000000000000000     
  0.40000000596046448        4.0000000000000000        9.9999995529651692E-005   0.0000000000000000        0.0000000000000000        0.0000000000000000        8.6464988540312644E-006   4.9937034563269132E-006  0.94900000095367432        0.0000000000000000     
  0.40000000596046448        4.0000000000000000        7.7049370915066029E-003   0.0000000000000000        0.0000000000000000        0.0000000000000000        8.3590239558680975E-006   4.8860049324700728E-006  0.94900000095367432        0.0000000000000000     
  0.40000000596046448        4.0000000000000000        2.7408640681519936E-002   0.0000000000000000        0.0000000000000000        0.0000000000000000        7.6907928128720144E-006   4.5921125140545438E-006  0.94900000095367432        0.0000000000000000     
  0.40000000596046448        4.0000000000000000        5.9211106953356074E-002   0.0000000000000000        0.0000000000000000        0.0000000000000000        6.7242153080860085E-006   4.1521209856606499E-006  0.94900000095367432        0.0000000000000000     
  0.40000000596046448        4.0000000000000000       0.10311232764514955        0.0000000000000000        0.0000000000000000        0.0000000000000000        5.5743570217346590E-006   3.6064653908673509E-006  0.94900000095367432        0.0000000000000000     
  0.40000000596046448        4.0000000000000000       0.15911234335428404        0.0000000000000000        0.0000000000000000        0.0000000000000000        4.3685949427224527E-006   3.0026049935298835E-006  0.94900000095367432        0.0000000000000000     
  0.40000000596046448        4.0000000000000000       0.22721107550197317        0.0000000000000000        0.0000000000000000        0.0000000000000000        3.2182869702284314E-006   2.3872742432288927E-006  0.94900000095367432        0.0000000000000000     
  0.40000000596046448        4.0000000000000000       0.30740862846256789        0.0000000000000000        0.0000000000000000        0.0000000000000000        2.2040147783094216E-006   1.8010941275513174E-006  0.94900000095367432        0.0000000000000000     
  0.40000000596046448        4.0000000000000000       0.39970487931805110        0.0000000000000000        0.0000000000000000        0.0000000000000000        1.3692218188149161E-006   1.2743392998543498E-006  0.94900000095367432        0.0000000000000000     
  0.40000000596046448        4.0000000000000000       0.50409996953010605        0.0000000000000000        0.0000000000000000        0.0000000000000000        7.2429270767712143E-007   8.2609377096667315E-007  0.94900000095367432        0.0000000000000000     
  0.40000000596046448        5.0000000000000000        9.9999995529651692E-005   0.0000000000000000        0.0000000000000000        0.0000000000000000        5.1981260437218381E-006   3.2760475971643882E-006  0.94599997997283936        0.0000000000000000     
  0.40000000596046448        5.0000000000000000        7.7049370915066029E-003   0.0000000000000000        0.0000000000000000        0.0000000000000000        5.0410389488977176E-006   3.1981316961374884E-006  0.94599997997283936        0.0000000000000000     
  0.40000000596046448        5.0000000000000000        2.7408640681519936E-002   0.0000000000000000        0.0000000000000000        0.0000000000000000        4.6547824611422275E-006   3.0025728534365425E-006  0.94599997997283936        0.0000000000000000     
  0.40000000596046448        5.0000000000000000        5.9211106953356074E-002   0.0000000000000000        0.0000000000000000        0.0000000000000000        4.0904156896296541E-006   2.7075257066679039E-006  0.94599997997283936        0.0000000000000000     
  0.40000000596046448        5.0000000000000000       0.10311232764514955        0.0000000000000000        0.0000000000000000        0.0000000000000000        3.4166881228111426E-006   2.3436588226647807E-006  0.94599997997283936        0.0000000000000000     
  0.40000000596046448        5.0000000000000000       0.15911234335428404        0.0000000000000000        0.0000000000000000        0.0000000000000000        2.7068972355760113E-006   1.9432578514551220E-006  0.94599997997283936        0.0000000000000000     
  0.40000000596046448        5.0000000000000000       0.22721107550197317        0.0000000000000000        0.0000000000000000        0.0000000000000000        2.0253380420735060E-006   1.5384256767911130E-006  0.94599997997283936        0.0000000000000000     
  0.40000000596046448        5.0000000000000000       0.30740862846256789        0.0000000000000000        0.0000000000000000        0.0000000000000000        1.4191138666534116E-006   1.1558859554826334E-006  0.94599997997283936        0.0000000000000000     
  0.40000000596046448        5.0000000000000000       0.39970487931805110        0.0000000000000000        0.0000000000000000        0.0000000000000000        9.1466332810724206E-007   8.1535856379070641E-007  0.94599997997283936        0.0000000000000000     
  0.40000000596046448        5.0000000000000000       0.50409996953010605        0.0000000000000000        0.0000000000000000        0.0000000000000000        5.1921040160365378E-007   5.2829306372186935E-007  0.94599997997283936        0.0000000000000000     
  0.40000000596046448        6.0000000000000000        9.9999995529651692E-005   0.0000000000000000        0.0000000000000000        0.0000000000000000        3.4279733622606322E-006   2.2968252625079980E-006  0.94499999284744263        0.0000000000000000     
  0.40000000596046448        6.0000000000000000        7.7049370915066029E-003   0.0000000000000000        0.0000000000000000        0.0000000000000000        3.3407613331825975E-006   2.2387186849544366E-006  0.94499999284744263        0.0000000000000000     
  0.40000000596046448        6.0000000000000000        2.7408640681519936E-002   0.0000000000000000        0.0000000000000000        0.0000000000000000        3.0917452286198512E-006   2.0978727308284933E-006  0.94499999284744263        0.0000000000000000     
  0.40000000596046448        6.0000000000000000        5.9211106953356074E-002   0.0000000000000000        0.0000000000000000        0.0000000000000000        2.7285787880126256E-006   1.8901234579590319E-006  0.94499999284744263        0.0000000000000000     
  0.40000000596046448        6.0000000000000000       0.10311232764514955        0.0000000000000000        0.0000000000000000        0.0000000000000000        2.2931861459366769E-006   1.6337206806532619E-006  0.94499999284744263        0.0000000000000000     
  0.40000000596046448        6.0000000000000000       0.15911234335428404        0.0000000000000000        0.0000000000000000        0.0000000000000000        1.8325701098364447E-006   1.3527736847010640E-006  0.94499999284744263        0.0000000000000000     
  0.40000000596046448        6.0000000000000000       0.22721107550197317        0.0000000000000000        0.0000000000000000        0.0000000000000000        1.3878675442501897E-006   1.0698465386699640E-006  0.94499999284744263        0.0000000000000000     
  0.40000000596046448        6.0000000000000000       0.30740862846256789        0.0000000000000000        0.0000000000000000        0.0000000000000000        9.8951287402085514E-007   8.0384621160171554E-007  0.94499999284744263        0.0000000000000000     
  0.40000000596046448        6.0000000000000000       0.39970487931805110        0.0000000000000000        0.0000000000000000        0.0000000000000000        6.5500543801324178E-007   5.6823210680188240E-007  0.94499999284744263        0.0000000000000000     
  0.40000000596046448        6.0000000000000000       0.50409996953010605        0.0000000000000000        0.0000000000000000        0.0000000000000000        3.8967641079733607E-007   3.7055586114104737E-007  0.94499999284744263        0.0000000000000000     
  0.40000000596046448        7.0000000000000000        9.9999995529651692E-005   0.0000000000000000        0.0000000000000000        0.0000000000000000        2.4662193294045382E-006   1.7247241846900259E-006  0.94400000572204590        0.0000000000000000     
  0.40000000596046448        7.0000000000000000        7.7049370915066029E-003   0.0000000000000000        0.0000000000000000        0.0000000000000000        2.4077482985247500E-006   1.6746974689534111E-006  0.94400000572204590        0.0000000000000000     
  0.40000000596046448        7.0000000000000000        2.7408640681519936E-002   0.0000000000000000        0.0000000000000000        0.0000000000000000        2.2331484097948371E-006   1.5696227953838789E-006  0.94400000572204590        0.0000000000000000     
  0.40000000596046448        7.0000000000000000        5.9211106953356074E-002   0.0000000000000000        0.0000000000000000        0.0000000000000000        1.9779348822452078E-006   1.4141876859935752E-006  0.94400000572204590        0.0000000000000000     
  0.40000000596046448        7.0000000000000000       0.10311232764514955        0.0000000000000000        0.0000000000000000        0.0000000000000000        1.6709306580749616E-006   1.2220000377082410E-006  0.94400000572204590        0.0000000000000000     
  0.40000000596046448        7.0000000000000000       0.15911234335428404        0.0000000000000000        0.0000000000000000        0.0000000000000000        1.3449018511004440E-006   1.0119296687636735E-006  0.94400000572204590        0.0000000000000000     
  0.40000000596046448        7.0000000000000000       0.22721107550197317        0.0000000000000000        0.0000000000000000        0.0000000000000000        1.0287141780950273E-006   8.0088935164873083E-007  0.94400000572204590        0.0000000000000000     
  0.40000000596046448        7.0000000000000000       0.30740862846256789        0.0000000000000000        0.0000000000000000        0.0000000000000000        7.4376436075000709E-007   6.0300860517746967E-007  0.94400000572204590        0.0000000000000000     
  0.40000000596046448        7.0000000000000000       0.39970487931805110        0.0000000000000000        0.0000000000000000        0.0000000000000000        5.0263378048418055E-007   4.2817627195662979E-007  0.94400000572204590        0.0000000000000000     
  0.40000000596046448        7.0000000000000000       0.50409996953010605        0.0000000000000000        0.0000000000000000        0.0000000000000000        3.0956769498778021E-007   2.8178944734847490E-007  0.94400000572204590        0.0000000000000000     
  0.40000000596046448        8.0000000000000000        9.9999995529651692E-005   0.0000000000000000        0.0000000000000000        0.0000000000000000        1.9306298563891308E-006   1.3739053731234557E-006  0.94300001859664917        0.0000000000000000     
  0.40000000596046448        8.0000000000000000        7.7049370915066029E-003   0.0000000000000000        0.0000000000000000        0.0000000000000000        1.8726569316511532E-006   1.3403223524747178E-006  0.94300001859664917        0.0000000000000000     
  0.40000000596046448        8.0000000000000000        2.7408640681519936E-002   0.0000000000000000        0.0000000000000000        0.0000000000000000        1.7398080754371980E-006   1.2558618245554907E-006  0.94300001859664917        0.0000000000000000     
  0.40000000596046448        8.0000000000000000        5.9211106953356074E-002   0.0000000000000000        0.0000000000000000        0.0000000000000000        1.5456847121216453E-006   1.1309360191099008E-006  0.94300001859664917        0.0000000000000000     
  0.40000000596046448        8.0000000000000000       0.10311232764514955        0.0000000000000000        0.0000000000000000        0.0000000000000000        1.3114809351593102E-006   9.7762950261765393E-007  0.94300001859664917        0.0000000000000000     
  0.40000000596046448        8.0000000000000000       0.15911234335428404        0.0000000000000000        0.0000000000000000        0.0000000000000000        1.0620892737688335E-006   8.1019128907554152E-007  0.94300001859664917        0.0000000000000000     
  0.40000000596046448        8.0000000000000000       0.22721107550197317        0.0000000000000000        0.0000000000000000        0.0000000000000000        8.1920406601663018E-007   6.4231750792977076E-007  0.94300001859664917        0.0000000000000000     
  0.40000000596046448        8.0000000000000000       0.30740862846256789        0.0000000000000000        0.0000000000000000        0.0000000000000000        5.9919955813063472E-007   4.8508761726934536E-007  0.94300001859664917        0.0000000000000000     
  0.40000000596046448        8.0000000000000000       0.39970487931805110        0.0000000000000000        0.0000000000000000        0.0000000000000000        4.1179355587052608E-007   3.4634716681996714E-007  0.94300001859664917        0.0000000000000000     
  0.40000000596046448        8.0000000000000000       0.50409996953010605        0.0000000000000000        0.0000000000000000        0.0000000000000000        2.6049633155573373E-007   2.3022150092108292E-007  0.94300001859664917        0.0000000000000000     
  0.40000000596046448        9.0000000000000000        9.9999995529651692E-005   0.0000000000000000        0.0000000000000000        0.0000000000000000        1.6102507552880603E-006   1.1642966751516391E-006  0.94199997186660767        0.0000000000000000     
  0.40000000596046448        9.0000000000000000        7.7049370915066029E-003   0.0000000000000000        0.0000000000000000        0.0000000000000000        1.5562492678775500E-006   1.1362463617176626E-006  0.94199997186660767        0.0000000000000000     
  0.40000000596046448        9.0000000000000000        2.7408640681519936E-002   0.0000000000000000        0.0000000000000000        0.0000000000000000        1.4481425537598051E-006   1.0653411274550286E-006  0.94199997186660767        0.0000000000000000     
  0.40000000596046448        9.0000000000000000        5.9211106953356074E-002   0.0000000000000000        0.0000000000000000        0.0000000000000000        1.2897758525218227E-006   9.6031994138924887E-007  0.94199997186660767        0.0000000000000000     
  0.40000000596046448        9.0000000000000000       0.10311232764514955        0.0000000000000000        0.0000000000000000        0.0000000000000000        1.0985968307725765E-006   8.3071181266900294E-007  0.94199997186660767        0.0000000000000000     
  0.40000000596046448        9.0000000000000000       0.15911234335428404        0.0000000000000000        0.0000000000000000        0.0000000000000000        8.9436633352760541E-007   6.8936410760238341E-007  0.94199997186660767        0.0000000000000000     
  0.40000000596046448        9.0000000000000000       0.22721107550197317        0.0000000000000000        0.0000000000000000        0.0000000000000000        6.9484009139929870E-007   5.4767404470528086E-007  0.94199997186660767        0.0000000000000000     
  0.40000000596046448        9.0000000000000000       0.30740862846256789        0.0000000000000000        0.0000000000000000        0.0000000000000000        5.1322873681566474E-007   4.1511403294848836E-007  0.94199997186660767        0.0000000000000000     
  0.40000000596046448        9.0000000000000000       0.39970487931805110        0.0000000000000000        0.0000000000000000        0.0000000000000000        3.5767432858428997E-007   2.9808263248162584E-007  0.94199997186660767        0.0000000000000000     
  0.40000000596046448        9.0000000000000000       0.50409996953010605        0.0000000000000000        0.0000000000000000        0.0000000000000000        2.3120255864562076E-007   2.0013306472476840E-007  0.94199997186660767        0.0000000000000000     
  0.40000000596046448        10.000000000000000        9.9999995529651692E-005   0.0000000000000000        0.0000000000000000        0.0000000000000000        1.4132520811958404E-006   1.0377390463235403E-006  0.94099998474121094        0.0000000000000000     
  0.40000000596046448        10.000000000000000        7.7049370915066029E-003   0.0000000000000000        0.0000000000000000        0.0000000000000000        1.3653843084837034E-006   1.0140227980042149E-006  0.94099998474121094        0.0000000000000000     
  0.40000000596046448        10.000000000000000        2.7408640681519936E-002   0.0000000000000000        0.0000000000000000        0.0000000000000000        1.2727899824867225E-006   9.5128479829840644E-007  0.94099998474121094        0.0000000000000000     
  0.40000000596046448        10.000000000000000        5.9211106953356074E-002   0.0000000000000000        0.0000000000000000        0.0000000000000000        1.1364421994462046E-006   8.5768632101573236E-007  0.94099998474121094        0.0000000000000000     
  0.40000000596046448        10.000000000000000       0.10311232764514955        0.0000000000000000        0.0000000000000000        0.0000000000000000        9.7113615894752810E-007   7.4263681990599940E-007  0.94099998474121094        0.0000000000000000     
  0.40000000596046448        10.000000000000000       0.15911234335428404        0.0000000000000000        0.0000000000000000        0.0000000000000000        7.9434420937792156E-007   6.1720542840377721E-007  0.94099998474121094        0.0000000000000000     
  0.40000000596046448        10.000000000000000       0.22721107550197317        0.0000000000000000        0.0000000000000000        0.0000000000000000        6.2100123965619993E-007   4.9152609897427740E-007  0.94099998474121094        0.0000000000000000     
  0.40000000596046448        10.000000000000000       0.30740862846256789        0.0000000000000000        0.0000000000000000        0.0000000000000000        4.6262871693216554E-007   3.7390711955297082E-007  0.94099998474121094        0.0000000000000000     
  0.40000000596046448        10.000000000000000       0.39970487931805110        0.0000000000000000        0.0000000000000000        0.0000000000000000        3.2623686639446992E-007   2.7006141729747371E-007  0.94099998474121094        0.0000000000000000     
  0.40000000596046448        10.000000000000000       0.50409996953010605        0.0000000000000000        0.0000000000000000        0.0000000000000000        2.1467942029017845E-007   1.8305395059099603E-007  0.94099998474121094        0.0000000000000000     
