 x kt PDF(p) PDF(Pb) ratio
  0.40000000000000002        9.9999997764825821E-003  0.97313499136746928       0.85362168413381845       0.87718732930802512     
  0.40000000000000002        1.9999999552965164E-002  0.97409169884358537       0.85379507458782600       0.87650379897644937     
  0.40000000000000002        2.9999999329447746E-002  0.97234583052855705       0.85298209122799118       0.87724147566336452     
  0.40000000000000002        3.9999999105930328E-002  0.97100177138022215       0.85170573636100433       0.87714127972223421     
  0.40000000000000002        4.9999997019767761E-002  0.96847158855551208       0.85035799793568267       0.87804124352682622     
  0.40000000000000002        5.9999998658895493E-002  0.96612040583441672       0.84826488578413373       0.87801156114853640     
  0.40000000000000002        7.0000000298023224E-002  0.96318360102546074       0.84597684323119582       0.87831317137305920     
  0.40000000000000002        7.9999998211860657E-002  0.95974274045903973       0.84334889308908934       0.87872390958197832     
  0.40000000000000002        8.9999996125698090E-002  0.95580130698574062       0.84037592687750240       0.87923705558402188     
  0.40000000000000002        9.9999994039535522E-002  0.95147454402445197       0.83706871140668015       0.87975943934992784     
  0.40000000000000002       0.10999999940395355       0.94666827095952222       0.83342471205646229       0.88037672500813957     
  0.40000000000000002       0.11999999731779099       0.94154157950385520       0.82945404583572102       0.88095317710005050     
  0.40000000000000002       0.12999999523162842       0.93583076342986227       0.82515845506655916       0.88173897173706484     
  0.40000000000000002       0.14000000059604645       0.92986149676894370       0.82054075868987708       0.88243331027370076     
  0.40000000000000002       0.14999999105930328       0.92339744158552239       0.81561097747650158       0.88327186187136741     
  0.40000000000000002       0.15999999642372131       0.91656998768598752       0.81036772776602051       0.88413076868457163     
  0.40000000000000002       0.17000000178813934       0.90932797770248108       0.80482958300179863       0.88508173369447030     
  0.40000000000000002       0.17999999225139618       0.90177945170747975       0.79899241715845570       0.88601754635858987     
  0.40000000000000002       0.18999999761581421       0.89375608517996785       0.79286171469365929       0.88711196247017177     
  0.40000000000000002       0.19999998807907104       0.88548167728722804       0.78645513032404435       0.88816646408024780     
  0.40000000000000002       0.20999999344348907       0.87685780612264430       0.77976734451882324       0.88927456547014960     
  0.40000000000000002       0.21999999880790710       0.86775367582599217       0.77281568473621576       0.89059338642454333     
  0.40000000000000002       0.22999998927116394       0.85847626107779229       0.76560632683662011       0.89182003224576456     
  0.40000000000000002       0.23999999463558197       0.84888588009084209       0.75814002999520980       0.89310005947334015     
  0.40000000000000002       0.25000000000000000       0.83891794837912614       0.75043088594183205       0.89452238731063027     
  0.40000000000000002       0.25999999046325684       0.82874490492527264       0.74249397021246066       0.89592583411346682     
  0.40000000000000002       0.26999998092651367       0.81829808127701120       0.73432362879791924       0.89737914043737710     
  0.40000000000000002       0.28000000119209290       0.80747930667423029       0.72593639680497235       0.89901548040270007     
  0.40000000000000002       0.28999999165534973       0.79653102170368351       0.71734719070586606       0.90058914362374387     
  0.40000000000000002       0.29999998211860657       0.78528465648615697       0.70855255586882460       0.90228753359236813     
  0.40000000000000002       0.31000000238418579       0.77388700356869955       0.69956850884363264       0.90396725312305948     
  0.40000000000000002       0.31999999284744263       0.76228410139278735       0.69040755917707430       0.90570898424303259     
  0.40000000000000002       0.32999998331069946       0.75049005269940805       0.68107808231942735       0.90751113871487632     
  0.40000000000000002       0.34000000357627869       0.73851898554306739       0.67157854278696494       0.90935853503227404     
  0.40000000000000002       0.34999999403953552       0.72624195275172498       0.66193409394836022       0.91145119259538399     
  0.40000000000000002       0.35999998450279236       0.71396493900252389       0.65214510471740961       0.91341334719953837     
  0.40000000000000002       0.37000000476837158       0.70155296935593137       0.64222863058347845       0.91543854653353363     
  0.40000000000000002       0.37999999523162842       0.68902019393474845       0.63218553495967100       0.91751379788955822     
  0.40000000000000002       0.38999998569488525       0.67638056652109735       0.62203032630451283       0.91964547341132208     
  0.40000000000000002       0.39999997615814209       0.66364796287504491       0.61177276902648559       0.92183326590226167     
  0.40000000000000002       0.40999999642372131       0.65071554368407047       0.60142591825232639       0.92425319187445942     
  0.40000000000000002       0.41999998688697815       0.63784210048067802       0.59099245336530914       0.92654977292959662     
  0.40000000000000002       0.42999997735023499       0.62491618509287850       0.58048574925267449       0.92890176810894964     
  0.40000000000000002       0.43999999761581421       0.61195098690524119       0.56991830419915512       0.93131364503772796     
  0.40000000000000002       0.44999998807907104       0.59895958733455101       0.55929340656494586       0.93377486293169654     
  0.40000000000000002       0.45999997854232788       0.58591451241596471       0.54862374092204480       0.93635458637104785     
  0.40000000000000002       0.46999999880790710       0.57290987771345903       0.53791855262787991       0.93892350883312914     
  0.40000000000000002       0.47999998927116394       0.55985420498646488       0.52719105552565926       0.94165775809151009     
  0.40000000000000002       0.48999997973442078       0.54688585707133086       0.51644176033594913       0.94433189971593856     
  0.40000000000000002       0.50000000000000000       0.53401087430368810       0.50568401282898345       0.94695452314217221     
  0.40000000000000002       0.50999999046325684       0.52100977713757901       0.49492658629814229       0.94993723345704295     
  0.40000000000000002       0.51999998092651367       0.50821900970403955       0.48418001565874064       0.95269953782465167     
  0.40000000000000002       0.52999997138977051       0.49541344991890685       0.47344834551392834       0.95566308422071722     
  0.40000000000000002       0.53999996185302734       0.48276642725718422       0.46274204916906320       0.95852160183986146     
  0.40000000000000002       0.55000001192092896       0.47012917807241655       0.45206943700571894       0.96158557709448156     
  0.40000000000000002       0.56000000238418579       0.45754413572318559       0.44143856738938947       0.96479996774881627     
  0.40000000000000002       0.56999999284744263       0.44518975331841948       0.43085417250119129       0.96779894256242072     
  0.40000000000000002       0.57999998331069946       0.43287665188251667       0.42032765137270151       0.97101021629316020     
  0.40000000000000002       0.58999997377395630       0.42075965035719570       0.40986411880158891       0.97410509409265544     
  0.40000000000000002       0.59999996423721313       0.40866129434512916       0.39947044153598088       0.97750985244669075     
  0.40000000000000002       0.61000001430511475       0.39681521114426033       0.38915166853878191       0.98068737691939845     
  0.40000000000000002       0.62000000476837158       0.38504812798268667       0.37891728272817393       0.98407771702038138     
  0.40000000000000002       0.62999999523162842       0.37350023161752111       0.36877190222076772       0.98734049139333502     
  0.40000000000000002       0.63999998569488525       0.36204782732242824       0.35872140575000755       0.99081220402005543     
  0.40000000000000002       0.64999997615814209       0.35082355984482244       0.34877141608937001       0.99415049617431583     
  0.40000000000000002       0.65999996662139893       0.33970949845773923       0.33892624828556195       0.99769435304066212     
  0.40000000000000002       0.66999995708465576       0.32879528490615356       0.32919307038184920        1.0012098271902201     
  0.40000000000000002       0.68000000715255737       0.31804054077837690       0.31957565977913949        1.0048268028881020     
  0.40000000000000002       0.68999999761581421       0.30752811881407988       0.31007871010479415        1.0082938474067025     
  0.40000000000000002       0.69999998807907104       0.29714938898125698       0.30070591358788407        1.0119688100952191     
  0.40000000000000002       0.70999997854232788       0.28701749067817328       0.29146243095259822        1.0154866529699020     
  0.40000000000000002       0.71999996900558472       0.27694455035269067       0.28235151892981175        1.0195236503850149     
  0.40000000000000002       0.72999995946884155       0.26720860221016440       0.27337670816888165        1.0230834857399760     
  0.40000000000000002       0.74000000953674316       0.25767210102685079       0.26454110178400619        1.0266579141854384     
  0.40000000000000002       0.75000000000000000       0.24833727350389029       0.25584803519253185        1.0302441980725214     
  0.40000000000000002       0.75999999046325684       0.23915944710733344       0.24730012280629413        1.0340386959303647     
  0.40000000000000002       0.76999998092651367       0.23016061079556566       0.23890019507793681        1.0379716766138314     
  0.40000000000000002       0.77999997138977051       0.22142783470557975       0.23064985628934662        1.0416479779790506     
  0.40000000000000002       0.78999996185302734       0.21288988105402681       0.22255146638427026        1.0453830181237762     
  0.40000000000000002       0.79999995231628418       0.20458761475256534       0.21460680388591519        1.0489726083637436     
  0.40000000000000002       0.81000000238418579       0.19646750159554774       0.20681807683992970        1.0526833962885622     
  0.40000000000000002       0.81999999284744263       0.18856430871553942       0.19918526017065374        1.0563253540792636     
  0.40000000000000002       0.82999998331069946       0.18091312196966916       0.19171012012201991        1.0596805695175660     
  0.40000000000000002       0.83999997377395630       0.17345400195014324       0.18439352528502112        1.0630687283768885     
  0.40000000000000002       0.84999996423721313       0.16615727974336988       0.17723720863433073        1.0666833791939410     
  0.40000000000000002       0.85999995470046997       0.15906601047190344       0.17023945491698145        1.0702440729602105     
  0.40000000000000002       0.87000000476837158       0.15221936222322113       0.16340155589931726        1.0734610466945596     
  0.40000000000000002       0.87999999523162842       0.14559723568404115       0.15672364243193831        1.0764190796317208     
  0.40000000000000002       0.88999998569488525       0.13911003105776287       0.15020695932267114        1.0797708704435589     
  0.40000000000000002       0.89999997615814209       0.13285830013554090       0.14384833134638714        1.0827199444794515     
  0.40000000000000002       0.90999996662139893       0.12676381319933322       0.13764869108604674        1.0858673907954890     
  0.40000000000000002       0.91999995708465576       0.12086232254241498       0.13160737203590889        1.0889032186993020     
  0.40000000000000002       0.93000000715255737       0.11518611509260458       0.12572351132775542        1.0914814795748535     
  0.40000000000000002       0.93999999761581421       0.10971653061337566       0.11999795572491941        1.0937089885550055     
  0.40000000000000002       0.94999998807907104       0.10437531293235550       0.11442602442977108        1.0962939531872766     
  0.40000000000000002       0.95999997854232788        9.9247603802710804E-002  0.10900820401944729        1.0983459533807898     
  0.40000000000000002       0.96999996900558472        9.4265085779100685E-002  0.10374309001350296        1.1005462855739916     
  0.40000000000000002       0.97999995946884155        8.9457302928528007E-002   9.8631224452040867E-002   1.1025508395982200     
  0.40000000000000002       0.98999994993209839        8.4850738533306602E-002   9.3666818266000831E-002   1.1039010371045108     
  0.40000000000000002        1.0000000000000000        8.0428222215012862E-002   8.8850149782920704E-002   1.1047135860518349     
