 z up dp u1 d1 u2 d2
   0.0000000000000000        0.0000000000000000        0.0000000000000000        0.0000000000000000        0.0000000000000000        0.0000000000000000        0.0000000000000000     
  0.20000000298023224        3.5295540602887847        2.4858200101447201        2.8386670096578515        1.9762767952489748        2.5923133825376787        1.8289929586303824     
  0.25000000000000000        2.0406650290499009        1.3383818060117090        1.5964309650031723        1.0442367137226265        1.4293960441280062       0.95158642696720352     
  0.30000001192092896        1.2451865022139723       0.73108528670562123       0.94346705770384454       0.56106398771761856       0.82599497592155546       0.50364994090101189     
  0.35000002384185791       0.78395255551320098       0.40940474911012514       0.57497100478718788       0.30872071257591827       0.49185085466795364       0.27249678334220728     
  0.40000000596046448       0.50501612077702818       0.23773562441904605       0.35916218742255335       0.17544410828342030       0.30047902696993051       0.15190498599922805     
  0.45000001788139343       0.33354738952343410       0.14325603825581215       0.23066056553003450       0.10323749787387654       0.18918594423478349        8.7565716384013614E-002
  0.50000000000000000       0.22686842895615758        8.8716247833424966E-002  0.15356134242271899        6.2619816363787217E-002  0.12400653017815468        5.2117115929929077E-002
  0.55000001192092896       0.15925241995902625        5.5329541174992926E-002  0.10611866713696491        3.8339987058078756E-002   8.4744011857971938E-002   3.1401249630274394E-002
  0.60000002384185791       0.11477604545033089        3.3876431146092130E-002   7.5658543695212382E-002   2.3127631993445051E-002   5.9960090300936082E-002   1.8699268652903878E-002
  0.64999997615814209        8.3915096358470040E-002   1.9870183580253005E-002   5.4856421750035196E-002   1.3399874810273465E-002   4.3226279559971749E-002   1.0722346543374327E-002
  0.70000004768371582        6.1094045659967802E-002   1.0857149847078220E-002   3.9617491889936102E-002   7.2352928369535698E-003   3.1044421861197481E-002   5.7371629915604263E-003
  0.75000000000000000        4.3297264161147944E-002   5.3381343958756418E-003   2.7806195494095354E-002   3.5081604800177644E-003   2.1643161312340359E-002   2.7568129518922278E-003
  0.80000007152557373        2.9003880663741835E-002   2.2365708871051604E-003   1.8387904526989730E-002   1.4521476535341560E-003   1.4186707026499145E-002   1.1298333615635846E-003
  0.85000002384185791        1.7573282422400052E-002   7.2917604989234254E-004   1.0943630192013736E-002   4.6545207723404895E-004   8.3420505470340207E-003   3.5768168897137105E-004
  0.89999997615814209        8.8199515522830469E-003   1.4698810278852264E-004   5.3494291812020821E-003   9.3834975638086836E-005   4.0071453441935696E-003   7.0871097591697926E-005
