 kt up dp u1 d1 u2 d2
   0.0000000000000000        0.0000000000000000        0.0000000000000000        0.0000000000000000        0.0000000000000000        0.0000000000000000        0.0000000000000000     
   9.9999997764825821E-003   4.2429897315184606        1.8761057836011523        4.0087788595458882        1.7280914412678057        3.7862927684482819        1.6592319282469956     
   1.9999999552965164E-002   4.2416894061070884        1.8755308239196047        4.0077542200244132        1.7276497429727666        3.7854444499905973        1.6588601775250116     
   2.9999999329447746E-002   4.2388443907291897        1.8742728548594256        4.0053621802127148        1.7266185901777145        3.7833555618386594        1.6579447834632757     
   3.9999999105930328E-002   4.2341558409992048        1.8721997375950148        4.0013018116438674        1.7248682596112108        3.7797299596759637        1.6563559694873480     
   4.9999997019767761E-002   4.2282587199338408        1.8695922311815196        3.9962112010856390        1.7226738156559021        3.7751952601733354        1.6543687702241354     
   5.9999998658895493E-002   4.2210940074146688        1.8664242389294516        3.9900295169590496        1.7200090352312238        3.7696908465759495        1.6519566221559328     
   7.0000000298023224E-002   4.2128534270593345        1.8627805345032948        3.9829479619913357        1.7169563413911952        3.7634040159339905        1.6492016027301915     
   7.9999998211860657E-002   4.2030647554065146        1.8584523167456111        3.9744890555655177        1.7133099033338468        3.7558636012926256        1.6458972368265743     
   8.9999996125698090E-002   4.1920474794463054        1.8535808519398076        3.9649719833514872        1.7092073145866944        3.7473825656544206        1.6421806713161688     
   9.9999994039535522E-002   4.1797980164113193        1.8481645559079707        3.9543904409501041        1.7046458574697223        3.7379533008918853        1.6380485721598999     
  0.10999999940395355        4.1663220147204481        1.8422059261888712        3.9427471002458270        1.6996266837702518        3.7275768663024094        1.6335014035638276     
  0.11999999731779099        4.1518245768549482        1.8357956521255563        3.9302451368373106        1.6942373777690352        3.7164515666637290        1.6286260667896513     
  0.12999999523162842        4.1358839904605720        1.8287472668545937        3.9164564446823973        1.6882933928963253        3.7041540708149308        1.6232370493529007     
  0.14000000059604645        4.1187700025229272        1.8211800433207279        3.9016487372305453        1.6819101342011218        3.6909459365467137        1.6174489712959090     
  0.14999999105930328        4.1004980885330440        1.8131008242598745        3.8858334602527349        1.6750925356894073        3.6768362671185675        1.6112658218555700     
  0.15999999642372131        4.0810850706712305        1.8045170478681605        3.8690232001280793        1.6678460230568315        3.6618351776278453        1.6046920336770889     
  0.17000000178813934        4.0605491718935491        1.7954367717171114        3.8512317270271632        1.6601765323040480        3.6459538303739656        1.5977324983113088     
  0.17999999225139618        4.0389106846069831        1.7858689684190860        3.8324746453819576        1.6520907901391846        3.6292050564295359        1.5903928386000543     
  0.18999999761581421        4.0163529463022920        1.7758947035784181        3.8129314804856396        1.6436661857457064        3.6117629475573345        1.5827493451602765     
  0.19999998807907104        3.9925515850853208        1.7653705509732338        3.7922704984088837        1.6347597163329555        3.5932981897370593        1.5746577057661819     
  0.20999999344348907        3.9677239778454769        1.7543926272724892        3.7707050919312066        1.6254633705710062        3.5740179968685717        1.5662087258413508     
  0.21999999880790710        3.9418946067563501        1.7429717576608754        3.7482543150610144        1.6157853622002500        3.5539381771692424        1.5574093328741172     
  0.22999998927116394        3.9150888323741229        1.7311191557139920        3.7249379651936483        1.6057342254179221        3.5330751942131808        1.5482667415437175     
  0.23999999463558197        3.8873342568626894        1.7188470261701470        3.7007779392292783        1.5953193994690134        3.5114474865209822        1.5387890319918502     
  0.25000000000000000        3.8586590560373990        1.7061678274168197        3.6757965762001894        1.5845505141913994        3.4890738514613706        1.5289844416148983     
  0.25999999046325684        3.8290920499936836        1.6930943027202292        3.6500167487932864        1.5734374294690661        3.4659735448210549        1.5188614086974999     
  0.26999998092651367        3.7986622691668095        1.6796392883517199        3.6234614646051484        1.5619900633424268        3.4421659099212785        1.5084284098837424     
  0.28000000119209290        3.7675297700850061        1.6658735558656266        3.5962855318656493        1.5502751500431389        3.4177999823846061        1.4977507556708674     
  0.28999999165534973        3.7354519659056145        1.6516898416088757        3.5682383346595241        1.5381846548720115        3.3926256082580077        1.4867188234144497     
  0.29999998211860657        3.7026066321066788        1.6371667518529081        3.5394924080025931        1.5257929536663284        3.3668092024955989        1.4754055395948460     
  0.31000000238418579        3.6690252273151502        1.6223181965328612        3.5100729451366153        1.5131109066473638        3.3403720893489033        1.4638202489408292     
  0.31999999284744263        3.6347404321517307        1.6071586259079644        3.4800063066141860        1.5001498772369788        3.3133366982617436        1.4519727804993325     
  0.32999998331069946        3.5997848733943507        1.5917024664299964        3.4493188297909341        1.4869212188573613        3.2857254450017552        1.4398729573240987     
  0.34000000357627869        3.5641910880255541        1.5759641048462736        3.4180367641263998        1.4734362470407358        3.2575606501320729        1.4275305607482904     
  0.34999999403953552        3.5279926202897234        1.5599583732810485        3.3861873616567304        1.4597067095068141        3.2288656046859137        1.4149557973851605     
  0.35999998450279236        3.4912224546709774        1.5436998563516162        3.3537973737669975        1.4457441381562559        3.1996631302940908        1.4021586681461080     
  0.37000000476837158        3.4539143678412998        1.5272034889538084        3.3208943950279224        1.4315604283674723        3.1699768921973344        1.3891495436298675     
  0.37999999523162842        3.4161022895059006        1.5104842736495487        3.2875061900698537        1.4171675488276247        3.1398307183714143        1.3759388657490481     
  0.38999998569488525        3.3779256221895051        1.4936038494951216        3.2537668291733439        1.4026232941201671        3.1093531545351598        1.3625829659006004     
  0.39999997615814209        3.3391964105929439        1.4764791090483380        3.2194809033880039        1.3878434279859950        3.0783484007671671        1.3489960405027586     
  0.40999999642372131        3.3000647807387056        1.4591764329315613        3.1847934428572757        1.3728904695508521        3.0469558552211642        1.3352391767142711     
  0.41999998688697815        3.2605640404618423        1.4417105487368735        3.1497319538451909        1.3577762761261858        3.0151992428664074        1.3213227713081555     
  0.42999997735023499        3.2207287135377003        1.4240967217038130        3.1143236272218702        1.3425125690644542        2.9831020639223351        1.3072571225673977     
  0.43999999761581421        3.1805976900450372        1.4063521477028111        3.0785959200124760        1.3271111844513681        2.9506881275192018        1.2930526641461100     
  0.44999998807907104        3.1401942968020586        1.3884871410596915        3.0425777999242469        1.3115846095925898        2.9179813394279388        1.2787198720483470     
  0.45999997854232788        3.0995544347045110        1.3705175759298041        3.0063012068458108        1.2959466130321353        2.8850051649474677        1.2642690292542063     
  0.46999999880790710        3.0587057995091245        1.3524556984350282        2.9697847919600124        1.2802052348616564        2.8517880151565373        1.2497125860869580     
  0.47999998927116394        3.0176809214872895        1.3343158923552354        2.9330572251390352        1.2643728339970426        2.8183488535586281        1.2350588527466815     
  0.48999997973442078        2.9765126757597278        1.3161126939509458        2.8961430697882236        1.2484599991517216        2.7847094429195551        1.2203173661281930     
  0.50000000000000000        2.9352297213092764        1.2978587752498718        2.8590691670662247        1.2324783009256581        2.7508933388372072        1.2054984487824660     
  0.50999999046325684        2.8938642621954704        1.2795683757920921        2.8218622697939320        1.2164392718384653        2.7169218801119244        1.1906114518138675     
  0.51999998092651367        2.8524461685078144        1.2612547031155059        2.7845459876235084        1.2003530894627314        2.6828169400117199        1.1756659605415702     
  0.52999997138977051        2.8110006749211784        1.2429289151352776        2.7471468590419876        1.1842311939237191        2.6486036430005555        1.1606729850261599     
  0.53999996185302734        2.7695592590420124        1.2246049301786370        2.7096878182124993        1.1680834716063859        2.6143011225418067        1.1456409099476583     
  0.55000001192092896        2.7281475748705928        1.2062940915721856        2.6721942317619805        1.1519208574743323        2.5799319697331775        1.1305796351930777     
  0.56000000238418579        2.6867947504966181        1.1880092787667371        2.6346885908207671        1.1357530469313684        2.5455162384091530        1.1154979487681287     
  0.56999999284744263        2.6455251373774451        1.1697612591487050        2.5971952232502917        1.1195905271534174        2.5110750551586820        1.1004051087817455     
  0.57999998331069946        2.6043670372239300        1.1515625467722750        2.5597351899973706        1.1034423770253969        2.4766292900741260        1.0853102609407497     
  0.58999997377395630        2.5633418642544723        1.1334226102766727        2.5223319237379438        1.0873186978295586        2.4421974442164087        1.0702215127933055     
  0.59999996423721313        2.5224740706851336        1.1153522616003837        2.4850054213712549        1.0712281097646328        2.4077985181478541        1.0551471907794421     
  0.61000001430511475        2.4817893861448308        1.0973628775104201        2.4477759210300283        1.0551793370194980        2.3734538558817877        1.0400966482879621     
  0.62000000476837158        2.4413053799871420        1.0794622265775240        2.4106669996846883        1.0391825430784061        2.3391800332714272        1.0250771492011301     
  0.62999999523162842        2.4010497915339366        1.0616625741865902        2.3736956069138300        1.0232450345109445        2.3049960097040874        1.0100970019152344     
  0.63999998569488525        2.3610388984841548        1.0439711177825983        2.3368831219626895        1.0073760274130878        2.2709180097519948       0.99516331637393229     
  0.64999997615814209        2.3212930621755845        1.0263968604567646        2.3002435173159910       0.99158154499842033        2.2369641253535280       0.98028402083941635     
  0.65999996662139893        2.2818339248305888        1.0089493716639122        2.2637999389702972       0.97587156496836658        2.2031496691563990       0.96546582563113148     
  0.66999995708465576        2.2426747396957096       0.99163451153900606        2.2275641555751227       0.96025116051434556        2.1694902001755625       0.95071554903175193     
  0.68000000715255737        2.2038386190965586       0.97446249956653697        2.1915576487780597       0.94472959187560923        2.1360040791026549       0.93604123707671394     
  0.68999999761581421        2.1653365574879624       0.95743819712058142        2.1557914425655045       0.92931161123660366        2.1027018350399249       0.92144750383674612     
  0.69999998807907104        2.1271897837091367       0.94057099087198970        2.1202855548996222       0.91400584787579309        2.0695999574886850       0.90694157535291897     
  0.70999997854232788        2.0894072942092623       0.92386485874468027        2.0850493595856952       0.89881634262288035        2.0367142889550571       0.89253039413961222     
  0.71999996900558472        2.0520086895392087       0.90732846743576356        2.0501001548785847       0.88375055235369249        2.0040535742046677       0.87821779233427799     
  0.72999995946884155        2.0150041964695840       0.89096633887546151        2.0154506536318832       0.86881395728408906        1.9716347854815901       0.86401120752587024     
  0.74000000953674316        1.9784030881191370       0.87478257332156417        1.9811119344280776       0.85401133313362254        1.9394654016683062       0.84991391711562370     
  0.75000000000000000        1.9422227260995977       0.85878484748842876        1.9470973383261978       0.83934843092292266        1.9075603411485786       0.83593245864835342     
  0.75999999046325684        1.9064680479501639       0.84297534458799550        1.9134166425637416       0.82482946539194890        1.8759299892432451       0.82207138318679440     
  0.76999998092651367        1.8711542163847850       0.82736076905678968        1.8800814359846105       0.81045943222209316        1.8445836927007744       0.80833478666975267     
  0.77999997138977051        1.8362875413265058       0.81194391092822449        1.8471004188148441       0.79624208187869250        1.8135322774053508       0.79472741322394835     
  0.78999996185302734        1.8018736366260166       0.79672725245618536        1.8144838609782237       0.78218184148731673        1.7827840051766892       0.78125288334993270     
  0.79999995231628418        1.7679251780207654       0.78171639842075402        1.7822392050808049       0.76828191938254242        1.7523473111269718       0.76791489348860664     
  0.81000000238418579        1.7344435125709601       0.76691194444615074        1.7503760334075025       0.75454644626479694        1.7222329167418897       0.75471814201710541     
  0.81999999284744263        1.7014401097164320       0.75231896192867043        1.7188985776501478       0.74097724631812478        1.6924450750868631       0.74166449271680579     
  0.82999998331069946        1.6689174321322009       0.73793853977946722        1.6878175159122681       0.72757892262490131        1.6629931894309131       0.72875806629499029     
  0.83999997377395630        1.6368776746178972       0.72377164846430619        1.6571347814710569       0.71435230857601439        1.6338836546380555       0.71600166511354646     
  0.84999996423721313        1.6053295280811299       0.70982213080701428        1.6268599653426650       0.70130153863572453        1.6051216084256734       0.70339754062666482     
  0.85999995470046997        1.5742714520613610       0.69608930566832106        1.5969938588978549       0.68842695394558417        1.5767134062468853       0.69094847792556302     
  0.87000000476837158        1.5437105506235611       0.68257631422419596        1.5675448738438431       0.67573218059716689        1.5486633251313400       0.67865635129323620     
  0.87999999523162842        1.5136444921133356       0.66928212549634836        1.5385129091691818       0.66321717504678457        1.5209770411732528       0.66652364811175524     
  0.88999998569488525        1.4840790585694259       0.65620929610570244        1.5099032819913141       0.65088422938024881        1.4936576191105932       0.65455171141278756     
  0.89999997615814209        1.4550113247549019       0.64335653261195425        1.4817205751818310       0.63873531916704140        1.4667084466061253       0.64274202574033668     
  0.90999996662139893        1.4264434826025572       0.63072480421325350        1.4539639114045630       0.62677006620792020        1.4401352378656862       0.63109709517777535     
  0.91999995708465576        1.3983755460658212       0.61831411707933093        1.4266367360691468       0.61498995573894111        1.4139370768921351       0.61961651831618081     
  0.93000000715255737        1.3708033858641833       0.60612264538275507        1.3997392189246645       0.60339506093499085        1.3881180055382043       0.60830206637915174     
  0.93999999761581421        1.3437305612842618       0.59415196291904060        1.3732734597435117       0.59198628695917099        1.3626818950258082       0.59715543581632669     
  0.94999998807907104        1.3171514785789935       0.58239959632344163        1.3472387401773822       0.58076332414821363        1.3376265984207483       0.58617568579666590     
  0.95999997854232788        1.2910658314557681       0.57086541016378090        1.3216359554426484       0.56972655840910102        1.3129556364630133       0.57536435918136575     
  0.96999996900558472        1.2654711612310983       0.55954831729382382        1.2964637270308343       0.55887539549885223        1.2886694422696963       0.56472164577131201     
  0.97999995946884155        1.2403617535059090       0.54844579100060875        1.2717221009371207       0.54820985524492094        1.2647675276768360       0.55424733164294016     
  0.98999994993209839        1.2157380676112624       0.53755803438471117        1.2474090040030967       0.53772904395687671        1.2412506885200068       0.54394176554788853     
   1.0000000000000000        1.1915943423433071       0.52688250003768922        1.2235224497564778       0.52743210531266371        1.2181176098402460       0.53380437124389790     
