 pt up dp u1 d1 u2 d2
   0.0000000000000000        0.0000000000000000        0.0000000000000000        0.0000000000000000        0.0000000000000000        0.0000000000000000        0.0000000000000000     
   9.9999997764825821E-003   1.3378197830411287       0.64744686274028063       0.87339861868727009       0.42616776389793204       0.78674126590206273       0.38800027710519674     
   1.9999999552965164E-002   1.3353595589004592       0.64625622075568245       0.87205127951301709       0.42551034068839383       0.78556722302441218       0.38742126977253882     
   2.9999999329447746E-002   1.3311234560215746       0.64420613033696794       0.86969653777529343       0.42436136357822751       0.78350838303932691       0.38640590357865728     
   3.9999999105930328E-002   1.3254335387215499       0.64145245667191086       0.86653676631155274       0.42281957875017862       0.78074573049668050       0.38504343538415775     
   4.9999997019767761E-002   1.3179841475703808       0.63784727382793693       0.86241602774346315       0.42080889782671871       0.77714709408980009       0.38326868174711598     
   5.9999998658895493E-002   1.3089360907565899       0.63346840600713927       0.85740403001522292       0.41836333423318361       0.77276976230234617       0.38110989585380661     
   7.0000000298023224E-002   1.2983194983325939       0.62833043485060314       0.85152099179409768       0.41549275350408699       0.76762792140190972       0.37857407400148169     
   7.9999998211860657E-002   1.2861709825356042       0.62245107909624953       0.84477527704894584       0.41220123677011788       0.76173653312656575       0.37566859492921439     
   8.9999996125698090E-002   1.2725359211128027       0.61585229960937671       0.83719616788368934       0.40850307199611074       0.75510975140802394       0.37240043898704212     
   9.9999994039535522E-002   1.2574599035870888       0.60855615974556643       0.82880090751478541       0.40440667286951931       0.74777069540410668       0.36878100794074309     
  0.10999999940395355        1.2409973682649114       0.60058900528858394       0.81961567868563445       0.39992481504737898       0.73973827792393909       0.36481962909460319     
  0.11999999731779099        1.2232054223084234       0.59197847363282774       0.80966837228342670       0.39507110766161746       0.73103395205558475       0.36052688255224025     
  0.12999999523162842        1.2041404411114369       0.58275184802849433       0.79898594108003040       0.38985870209840789       0.72168394403068836       0.35591570240722009     
  0.14000000059604645        1.1838722555814736       0.57294292361194632       0.78759892178812563       0.38430249849874198       0.71171561379339854       0.35099958187055308     
  0.14999999105930328        1.1624677906960432       0.56258408917521552       0.77554458813325655       0.37842068427433162       0.70115594602877840       0.34579182908525385     
  0.15999999642372131        1.1399942251870918       0.55170785631649455       0.76285151820020447       0.37222720386958891       0.69003249176984371       0.34030603150237859     
  0.17000000178813934        1.1165278123725051       0.54035112834074639       0.74955630994627831       0.36573991496060343       0.67837527706553591       0.33455699718630000     
  0.17999999225139618        1.0921477342762980       0.52855222591992068       0.73569803025480829       0.35897787991586927       0.66621776261917864       0.32856122808336802     
  0.18999999761581421        1.0669239336933638       0.51634499833902514       0.72131494634806326       0.35195977091575786       0.65359024722876724       0.32233366677067671     
  0.19999998807907104        1.0409389930570936       0.50376941192094948       0.70644172613865686       0.34470250388672241       0.64052776019911595       0.31589158878792734     
  0.20999999344348907        1.0142756053450013       0.49086548648715167       0.69112288184726778       0.33722779820539911       0.62706228854311796       0.30925076929577994     
  0.21999999880790710       0.98700779164725150       0.47766904504100843       0.67539241618972545       0.32955224522087051       0.61323113953773856       0.30242960727040008     
  0.22999998927116394       0.95921926660213930       0.46422060184357028       0.65929822747646039       0.32169921652477240       0.59906362278721126       0.29544255744431236     
  0.23999999463558197       0.93099018757411922       0.45055894958933901       0.64287523242796707       0.31368574944734273       0.58460118246714832       0.28831005900422085     
  0.25000000000000000       0.90240444490589256       0.43672468757269228       0.62616722684684611       0.30553321379483306       0.56987377314240728       0.28104688476041217     
  0.25999999046325684       0.87353226688463559       0.42275180324454448       0.60921530063181561       0.29726165904966922       0.55491908495617737       0.27367162250869093     
  0.26999998092651367       0.84445540432786204       0.40867986046169891       0.59205680252576720       0.28888930922766909       0.53977059545301820       0.26620078250106566     
  0.28000000119209290       0.81524959159885824       0.39454551137755756       0.57473434218371722       0.28043695536400270       0.52446513580264009       0.25865252891002000     
  0.28999999165534973       0.78599115482385629       0.38038569453317067       0.55728782052928205       0.27192406679034931       0.50903267903150518       0.25104164365062170     
  0.29999998211860657       0.75674713193216003       0.36623285338434786       0.53975318040687736       0.26336818152578195       0.49351192609882300       0.24338721302677840     
  0.31000000238418579       0.72758898894506918       0.35212157439173947       0.52217164448942521       0.25478941383881981       0.47793079004927774       0.23570300302426150     
  0.31999999284744263       0.69858502347393459       0.33808491064273555       0.50457606767121543       0.24620379500834641       0.46232493119728840       0.22800660038025672     
  0.32999998331069946       0.66979509545489591       0.32415183175517953       0.48700735997378158       0.23763128674717562       0.44672520260402060       0.22031322101999909     
  0.34000000357627869       0.64128272126843688       0.31035307690769459       0.46949610415244419       0.22908681166243069       0.43116081714032339       0.21263727196963073     
  0.34999999403953552       0.61310580789096081       0.29671667057015250       0.45207862987121661       0.22058809651866615       0.41566245896147813       0.20499388585440925     
  0.35999998450279236       0.58531192854116609       0.28326563612102806       0.43478413276991912       0.21214938709126061       0.40025658940546349       0.19739611271621427     
  0.37000000476837158       0.55795997683367782       0.27002847552038173       0.41764456010117490       0.20378627178271649       0.38497214486593562       0.18985822322984539     
  0.37999999523162842       0.53109070684536963       0.25702491197723709       0.40069212867342102       0.19551447052310672       0.36983263119253690       0.18239180986740208     
  0.38999998569488525       0.50474763494706754       0.24427600553131337       0.38394789235942900       0.18734425637869015       0.35486353159727202       0.17500944028453980     
  0.39999997615814209       0.47881256286075491       0.23172455333268038       0.36744080987318972       0.17928975951881101       0.34008953598583230       0.16772329089892574     
  0.40999999642372131       0.45363927867960380       0.21954177350346735       0.35119491448419038       0.17136270678216314       0.32552880591707273       0.16054231851780235     
  0.41999998688697815       0.42909680740715289       0.20766427981510138       0.33523267081910163       0.16357405960091467       0.31120332124276634       0.15347736303091286     
  0.42999997735023499       0.40521821521518131       0.19610807486333837       0.31957572387264194       0.15593437947447922       0.29713273117735323       0.14653811491844185     
  0.43999999761581421       0.38202415477953006       0.18488315364926097       0.30424244015226948       0.14845262819103303       0.28333226175111081       0.13973208326148490     
  0.44999998807907104       0.35953733313496100       0.17400050539473969       0.28924776503621136       0.14113609822652368       0.26981876109795083       0.13306757712035158     
  0.45999997854232788       0.33777144906913931       0.16346675972000441       0.27460875418023917       0.13399311174969136       0.25660647598396280       0.12655162262857553     
  0.46999999880790710       0.31674501903604896       0.15329087778723302       0.26034001455820194       0.12703079611481538       0.24370964510932733       0.12019124194179402     
  0.47999998927116394       0.29646382283739064       0.14347565677024968       0.24645315600381523       0.12025481624598426       0.23113765008325524       0.11399106182503332     
  0.48999997973442078       0.27693972060794642       0.13402683646088104       0.23295633176084860       0.11366915045229010       0.21890007503416087       0.10795580892050932     
  0.50000000000000000       0.25817226600146803       0.12494420084686450       0.21985972031026155       0.10727876524086670       0.20700630628530012       0.10209011231809223     
  0.50999999046325684       0.24016878091014707       0.11623129340706723       0.20717283976800094       0.10108830489910228       0.19546355417241654        9.6397527967352251E-002
  0.51999998092651367       0.22292059530394015       0.10788391822226062       0.19489636357237552        9.5098098025751157E-002  0.18427758139750308        9.0880897882642989E-002
  0.52999997138977051       0.20642951354930703        9.9902948527703275E-002  0.18303673681437552        8.9311289450627232E-002  0.17345288749436008        8.5542441116703741E-002
  0.53999996185302734       0.19068484773828601        9.2283211838605134E-002  0.17159654858243401        8.3729142498407655E-002  0.16299271852122574        8.0383758540812936E-002
  0.55000001192092896       0.17568218276050174        8.5022571432668420E-002  0.16057695301998820        7.8352220324010846E-002  0.15290112059788744        7.5406845595741914E-002
  0.56000000238418579       0.16140686944306820        7.8113937744357445E-002  0.14998019430032880        7.3181617953571129E-002  0.14317494632197744        7.0610150064715507E-002
  0.56999999284744263       0.14785170623273219        7.1553825533642146E-002  0.13980045442397981        6.8214496541486855E-002  0.13381602526001399        6.5994574242232137E-002
  0.57999998331069946       0.13499589850470414        6.5332171102293390E-002  0.13003748174977617        6.3450733301495157E-002  0.12482311357089242        6.1559504698293868E-002
  0.58999997377395630       0.12282902699009884        5.9443931975205241E-002  0.12068770093842265        5.8888583675818854E-002  0.11619398875938940        5.7303845356210609E-002
  0.59999996423721313       0.11133009268000223        5.3878945541079720E-002  0.11174523888367266        5.4525181929955265E-002  0.10792551073964006        5.3226047607515481E-002
  0.61000001430511475       0.10048468150479102        4.8630236014182940E-002  0.10321038783596241        5.0360670665131550E-002  0.10001551664541487        4.9325044782983517E-002
  0.62000000476837158        9.0269835432020787E-002   4.3686692700631413E-002   9.5068920905528417E-002   4.6388107986011520E-002   9.2455519686709300E-002   4.5596651419087739E-002
  0.62999999523162842        8.0669212842503793E-002   3.9040406964142856E-002   8.7316938585500006E-002   4.2605591159882120E-002   8.5241865120455562E-002   4.2039065091849057E-002
  0.63999998569488525        7.1659363371860157E-002   3.4680029843489175E-002   7.9945323100165694E-002   3.9008671242122116E-002   7.8368380962333145E-002   3.8649241939542625E-002
  0.64999997615814209        6.3220369035692586E-002   3.0595921896442439E-002   7.2951124216918198E-002   3.5595908690687059E-002   7.1827169299091692E-002   3.5423286917301081E-002
  0.65999996662139893        5.5327916225415941E-002   2.6776316388947681E-002   6.6317665999060665E-002   3.2359166617676183E-002   6.5613091973621182E-002   3.2358666020021458E-002
  0.66999995708465576        4.7963606417310137E-002   2.3212309231969472E-002   6.0037349620759559E-002   2.9294737237727211E-002   5.9720077635797918E-002   2.9452385016140656E-002
  0.68000000715255737        4.1101528879126971E-002   1.9891360752737269E-002   5.4102464815038297E-002   2.6398858388677105E-002   5.4133067973058523E-002   2.6697017538566188E-002
  0.68999999761581421        3.4723089055252114E-002   1.6804471991264600E-002   4.8501490424939772E-002   2.3665908415541684E-002   4.8848545554611440E-002   2.4090828882153036E-002
  0.69999998807907104        2.8803533084917024E-002   1.3939663150497794E-002   4.3226647961614316E-002   2.1092091867848932E-002   4.3856472035465346E-002   2.1628868396913529E-002
  0.70999997854232788        2.3322126037031560E-002   1.1286899421373902E-002   3.8259932180735333E-002   1.8668623232834271E-002   3.9147669583593496E-002   1.9306609815415206E-002
  0.71999996900558472        1.8254641087420528E-002   8.8344560697357476E-003   3.3596543955462167E-002   1.6393160815525096E-002   3.4714398811479794E-002   1.7120236273549170E-002
  0.72999995946884155        1.3583039522477228E-002   6.5736031390670321E-003   2.9220826521463072E-002   1.4258065024900428E-002   3.0543808021005380E-002   1.5063409648926799E-002
  0.74000000953674316        9.2827155430397126E-003   4.4924324877222161E-003   2.5124749732701436E-002   1.2259417616407323E-002   2.6627883884531519E-002   1.3132177977314049E-002
  0.75000000000000000        5.3347933246324954E-003   2.5818090337620062E-003   2.1297657278191703E-002   1.0392018929630762E-002   2.2956950332029654E-002   1.1321769273288063E-002
  0.75999999046325684        1.7234965290153111E-003   8.3409771241245369E-004   1.7724700035559759E-002   8.6486234558847720E-003   1.9521233455806652E-002   9.6273633004412655E-003
  0.76999998092651367       -1.5796046619747102E-003  -7.6446027763219545E-004   1.4396385917367213E-002   7.0245996081805860E-003   1.6310994872904754E-002   8.0441573422389938E-003
  0.77999997138977051       -4.5890577689952387E-003  -2.2209053066294449E-003   1.1301563950788282E-002   5.5145063598749161E-003   1.3316543247842118E-002   6.5673718847350749E-003
  0.78999996185302734       -7.3215560707210322E-003  -3.5433161988303809E-003   8.4292215114579495E-003   4.1129701903325870E-003   1.0529819328784547E-002   5.1930323150796050E-003
  0.79999995231628418       -9.7981095079157487E-003  -4.7418608560752104E-003   5.7685165323914699E-003   2.8147008010070669E-003   7.9382043760926092E-003   3.9149153999315459E-003
  0.81000000238418579       -1.2034060863687477E-002  -5.8239645212216822E-003   3.3104300095471422E-003   1.6152974421115506E-003   5.5338868836537162E-003   2.7291687081706260E-003
  0.81999999284744263       -1.4041428646493371E-002  -6.7954436320995524E-003   1.0412837800369136E-003   5.0808596513298094E-004   3.3076713384121176E-003   1.6312572525420054E-003
  0.82999998331069946       -1.5844343497455678E-002  -7.6679763744319446E-003  -1.0474533192934466E-003  -5.1109634171586258E-004   1.2520754634583677E-003   6.1749096918343441E-004
  0.83999997377395630       -1.7453392843471718E-002  -8.4466866045230411E-003  -2.9656823398868980E-003  -1.4470806160889397E-003  -6.4475512199670929E-004  -3.1797641339288024E-004
  0.84999996423721313       -1.8881118163030907E-002  -9.1376438550595535E-003  -4.7214089539361036E-003  -2.3037731607256995E-003  -2.3898936784882722E-003  -1.1786332428390107E-003
  0.85999995470046997       -2.0144180802689364E-002  -9.7489114965294780E-003  -6.3271819894899894E-003  -3.0872970743748072E-003  -3.9916938166630785E-003  -1.9685993020953064E-003
  0.87000000476837158       -2.1253697390189830E-002  -1.0285869495537775E-002  -7.7904153458088262E-003  -3.8012699089787138E-003  -5.4568097186798890E-003  -2.6911562602865676E-003
  0.87999999523162842       -2.2220102006337811E-002  -1.0753567495518314E-002  -9.1197425917441260E-003  -4.4499043443529248E-003  -6.7960070481933796E-003  -3.3516134619995222E-003
  0.88999998569488525       -2.3055361885568559E-002  -1.1157797119893736E-002  -1.0323539905074798E-002  -5.0372874684292464E-003  -8.0177008234336451E-003  -3.9541209747933469E-003
  0.89999997615814209       -2.3773709603387171E-002  -1.1505446319101314E-002  -1.1408282048708474E-002  -5.5665785891926799E-003  -9.1245562563516177E-003  -4.4999932117036068E-003
  0.90999996662139893       -2.4381005611735476E-002  -1.1799351298190505E-002  -1.2384791025690199E-002  -6.0430582151532212E-003  -1.0123617659274083E-002  -4.9927042438808180E-003
  0.91999995708465576       -2.4889820094279910E-002  -1.2045595481911094E-002  -1.3258843561511456E-002  -6.4695450526067811E-003  -1.1028536692817090E-002  -5.4389867143571514E-003
  0.93000000715255737       -2.5307362679493781E-002  -1.2247668018349965E-002  -1.4037471227391412E-002  -6.8494700996327004E-003  -1.1837448705854563E-002  -5.8379210258202785E-003
  0.93999999761581421       -2.5640260836460062E-002  -1.2408776315649819E-002  -1.4725832432701246E-002  -7.1853503601967631E-003  -1.2561650904291956E-002  -6.1950786656343529E-003
  0.94999998807907104       -2.5896775348748288E-002  -1.2532918235461220E-002  -1.5333342319102277E-002  -7.4817798762206776E-003  -1.3205628018511772E-002  -6.5126713858791700E-003
  0.95999997854232788       -2.6087514589073251E-002  -1.2625227770957164E-002  -1.5979596655470996E-002  -7.7971144319972227E-003  -1.3774991558431067E-002  -6.7934666369188854E-003
  0.96999996900558472       -2.6214960641355270E-002  -1.2686906143309440E-002  -1.6440185139614705E-002  -8.0218548428072182E-003  -1.4273665704533147E-002  -7.0393997222400898E-003
  0.97999995946884155       -2.6288355633899776E-002  -1.2722426142539657E-002  -1.6834470759428628E-002  -8.2142433093538910E-003  -1.4709493680371874E-002  -7.2543387151779298E-003
  0.98999994993209839       -2.6311771145138739E-002  -1.2733758236356236E-002  -1.7169709110488082E-002  -8.3778201405819309E-003  -1.5085888035515601E-002  -7.4399665961930967E-003
   1.0000000000000000       -2.6288852151012048E-002  -1.2722666435328491E-002  -1.7449632270159290E-002  -8.5144063733374083E-003  -1.5407369350551585E-002  -7.5985127977516147E-003
