 x kt FF(p) FF(Pb) ratio
  0.75000000000000000        9.9999997764825821E-003  0.10461394677749407        4.4914681193676545E-002  0.42933741224013533     
  0.75000000000000000        1.5959594398736954E-002  0.10322336302139191        4.3942066662993336E-002  0.42569884740033925     
  0.75000000000000000        2.1919190883636475E-002  0.10360606422524926        4.4259987220922753E-002  0.42719494801672425     
  0.75000000000000000        2.7878785505890846E-002  0.10311488517405640        4.4048641306723306E-002  0.42718023913201136     
  0.75000000000000000        3.3838383853435516E-002  0.10270011998816336        4.3843477278455341E-002  0.42690775126171704     
  0.75000000000000000        3.9797976613044739E-002  0.10306223729144007        4.4016750790620535E-002  0.42708902841056789     
  0.75000000000000000        4.5757569372653961E-002  0.10291691730582722        4.4051390336426403E-002  0.42802866126978512     
  0.75000000000000000        5.1717169582843781E-002  0.10231116620318462        4.3765516021675673E-002  0.42776871426486968     
  0.75000000000000000        5.7676762342453003E-002  0.10196772924920024        4.3626028672846914E-002  0.42784152392203129     
  0.75000000000000000        6.3636362552642822E-002  0.10173753252685509        4.3577708160936104E-002  0.42833462812195822     
  0.75000000000000000        6.9595955312252045E-002  0.10184423009530909        4.3671438615998273E-002  0.42880621293056215     
  0.75000000000000000        7.5555548071861267E-002  0.10133247091730681        4.3473100243820298E-002  0.42901450887639836     
  0.75000000000000000        8.1515140831470490E-002  0.10079238137703257        4.3258283650004080E-002  0.42918207764323435     
  0.75000000000000000        8.7474741041660309E-002  0.10028557425980152        4.3093778859297639E-002  0.42971064559752298     
  0.75000000000000000        9.3434333801269531E-002   9.9875382192938830E-002   4.2966524581968882E-002  0.43020135331213388     
  0.75000000000000000        9.9393934011459351E-002   9.9520327146571705E-002   4.2863092093499769E-002  0.43069685683781761     
  0.75000000000000000       0.10535352677106857        9.9078256821187358E-002   4.2745619951121312E-002  0.43143290286452018     
  0.75000000000000000       0.11131311953067780        9.8635285714422399E-002   4.2577072076663919E-002  0.43166166923201116     
  0.75000000000000000       0.11727271974086761        9.8026655284077419E-002   4.2347178860344226E-002  0.43199657009232595     
  0.75000000000000000       0.12323231250047684        9.7419714540210992E-002   4.2139074483555701E-002  0.43255181646177338     
  0.75000000000000000       0.12919192016124725        9.6829970305863808E-002   4.1946638609951160E-002  0.43319892051449865     
  0.75000000000000000       0.13515150547027588        9.6262825777789648E-002   4.1764876405630091E-002  0.43386297948534086     
  0.75000000000000000       0.14111110568046570        9.5687261110733446E-002   4.1590625544632810E-002  0.43465164601693779     
  0.75000000000000000       0.14707070589065552        9.4963303041829192E-002   4.1362552589100182E-002  0.43556354153857635     
  0.75000000000000000       0.15303029119968414        9.4248007512741094E-002   4.1098299098171781E-002  0.43606544247225415     
  0.75000000000000000       0.15898989140987396        9.3549947784527868E-002   4.0843138232504926E-002  0.43659178011064514     
  0.75000000000000000       0.16494949162006378        9.2949222036863677E-002   4.0645766197439953E-002  0.43729000960674891     
  0.75000000000000000       0.17090909183025360        9.2215403155770509E-002   4.0392231075250751E-002  0.43802043577275357     
  0.75000000000000000       0.17686867713928223        9.1471520814192811E-002   4.0145136997921299E-002  0.43888126753100121     
  0.75000000000000000       0.18282827734947205        9.0734489563566861E-002   3.9901173149563152E-002  0.43975750942654662     
  0.75000000000000000       0.18878787755966187        8.9962078542089818E-002   3.9658230894396455E-002  0.44083275461273258     
  0.75000000000000000       0.19474746286869049        8.9100624751935614E-002   3.9356481334239996E-002  0.44170825337995195     
  0.75000000000000000       0.20070706307888031        8.8239055376767558E-002   3.9051377326695967E-002  0.44256341095167478     
  0.75000000000000000       0.20666666328907013        8.7375305613333093E-002   3.8748919948298051E-002  0.44347678873680679     
  0.75000000000000000       0.21262624859809875        8.6523019570155166E-002   3.8448381069838361E-002  0.44437169739162180     
  0.75000000000000000       0.21858584880828857        8.5671448926770144E-002   3.8149284461088645E-002  0.44529752839475983     
  0.75000000000000000       0.22454544901847839        8.4915224649980817E-002   3.7898055822954607E-002  0.44630460531865496     
  0.75000000000000000       0.23050503432750702        8.4045202107631903E-002   3.7595324431776010E-002  0.44732267266880765     
  0.75000000000000000       0.23646463453769684        8.3171078373944302E-002   3.7293761653206955E-002  0.44839819781500251     
  0.75000000000000000       0.24242423474788666        8.2252300795708444E-002   3.6984819701984542E-002  0.44965088324817104     
  0.75000000000000000       0.24838383495807648        8.1300588045811778E-002   3.6639084397253621E-002  0.45066198508438826     
  0.75000000000000000       0.25434342026710510        8.0344465898487538E-002   3.6294406878586087E-002  0.45173499472188688     
  0.75000000000000000       0.26030299067497253        7.9387180267351629E-002   3.5950777136241445E-002  0.45285368513115437     
  0.75000000000000000       0.26626259088516235        7.8427183657429345E-002   3.5607810501748979E-002  0.45402383256912832     
  0.75000000000000000       0.27222219109535217        7.7463295880631097E-002   3.5265405063100545E-002  0.45525309325133295     
  0.75000000000000000       0.27818179130554199        7.6503429802471809E-002   3.4923647469574090E-002  0.45649780094494163     
  0.75000000000000000       0.28414139151573181        7.5539642080977271E-002   3.4582176626973528E-002  0.45780170085929178     
  0.75000000000000000       0.29010099172592163        7.4570573599161111E-002   3.4240964944660363E-002  0.45917529250499906     
  0.75000000000000000       0.29606056213378906        7.3598050541011525E-002   3.3940808561134607E-002  0.46116450519598406     
  0.75000000000000000       0.30202016234397888        7.2620432532916876E-002   3.3584188728067232E-002  0.46246197601266598     
  0.75000000000000000       0.30797976255416870        7.1638870814612093E-002   3.3209396288990917E-002  0.46356671889665291     
  0.75000000000000000       0.31393936276435852        7.0655404242181835E-002   3.2835950505611160E-002  0.46473374340993207     
  0.75000000000000000       0.31989896297454834        6.9669967997148086E-002   3.2465953051629061E-002  0.46599638244355218     
  0.75000000000000000       0.32585856318473816        6.8684237271510656E-002   3.2101206231344138E-002  0.46737370183565113     
  0.75000000000000000       0.33181816339492798        6.7696735375388770E-002   3.1736541217132326E-002  0.46880460396130391     
  0.75000000000000000       0.33777773380279541        6.6709132892489920E-002   3.1368414873469364E-002  0.47022669180880333     
  0.75000000000000000       0.34373733401298523        6.5723019770267760E-002   3.0998924780560547E-002  0.47166008027196671     
  0.75000000000000000       0.34969693422317505        6.4736950844055702E-002   3.0631097515657818E-002  0.47316250018393380     
  0.75000000000000000       0.35565653443336487        6.3753509202336398E-002   3.0259334532015361E-002  0.47463010131693956     
  0.75000000000000000       0.36161613464355469        6.2771243394676449E-002   2.9886771902917303E-002  0.47612203115052459     
  0.75000000000000000       0.36757573485374451        6.1790155131800625E-002   2.9515271669290768E-002  0.47766948644705021     
  0.75000000000000000       0.37353530526161194        6.0814816600923256E-002   2.9141590492781821E-002  0.47918570048502634     
  0.75000000000000000       0.37949490547180176        5.9842270908844974E-002   2.8767645020190524E-002  0.48072448761195874     
  0.75000000000000000       0.38545450568199158        5.8874883409545622E-002   2.8395197096169264E-002  0.48229729643193547     
  0.75000000000000000       0.39141410589218140        5.7911266163367649E-002   2.8021186109727259E-002  0.48386415918932785     
  0.75000000000000000       0.39737370610237122        5.6953724238159656E-002   2.7647422961959028E-002  0.48543661247414849     
  0.75000000000000000       0.40333330631256104        5.6000859010858717E-002   2.7275573325872361E-002  0.48705633819980432     
  0.75000000000000000       0.40929290652275085        5.5052590135437798E-002   2.6902741240022645E-002  0.48867348791106435     
  0.75000000000000000       0.41525247693061829        5.4114498778559637E-002   2.6532111557147065E-002  0.49029580160611569     
  0.75000000000000000       0.42121207714080811        5.3179479543429137E-002   2.6160840457317685E-002  0.49193487190775115     
  0.75000000000000000       0.42717167735099792        5.2255347548619983E-002   2.5790599715726833E-002  0.49354948202632209     
  0.75000000000000000       0.43313127756118774        5.1335061308276184E-002   2.5421533828123219E-002  0.49520801534573772     
  0.75000000000000000       0.43909087777137756        5.0424064080808989E-002   2.5056005080891550E-002  0.49690570440211052     
  0.75000000000000000       0.44505047798156738        4.9522098605333721E-002   2.4691043798885995E-002  0.49858637849056492     
  0.75000000000000000       0.45101004838943481        4.8627787006594564E-002   2.4326227833172325E-002  0.50025364777289516     
  0.75000000000000000       0.45696964859962463        4.7743079524452781E-002   2.3963128464120947E-002  0.50191836602931417     
  0.75000000000000000       0.46292924880981445        4.6866584246513153E-002   2.3601872070882764E-002  0.50359701801051848     
  0.75000000000000000       0.46888884902000427        4.5998086723035826E-002   2.3243874366225145E-002  0.50532263453002757     
  0.75000000000000000       0.47484844923019409        4.5142537423962611E-002   2.2886624886167790E-002  0.50698578751178236     
  0.75000000000000000       0.48080804944038391        4.4293333867943645E-002   2.2531568796984376E-002  0.50868983725993855     
  0.75000000000000000       0.48676764965057373        4.3457458759855204E-002   2.2180047710857825E-002  0.51038529043826963     
  0.75000000000000000       0.49272722005844116        4.2628362849634456E-002   2.1829666550681869E-002  0.51209253866217996     
  0.75000000000000000       0.49868682026863098        4.1809622075297551E-002   2.1481789585975828E-002  0.51380013785553802     
  0.75000000000000000       0.50464642047882080        4.1004593325518535E-002   2.1136513931328264E-002  0.51546698106561395     
  0.75000000000000000       0.51060599088668823        4.0206936511158926E-002   2.0795078164475372E-002  0.51720125851179832     
  0.75000000000000000       0.51656562089920044        3.9423212246103019E-002   2.0455243220563406E-002  0.51886292504196951     
  0.75000000000000000       0.52252519130706787        3.8647138456233646E-002   2.0120108825005256E-002  0.52061057114980147     
  0.75000000000000000       0.52848482131958008        3.7883220485123451E-002   1.9784245618685213E-002  0.52224297103923323     
  0.75000000000000000       0.53444439172744751        3.7131065501391856E-002   1.9456098127071698E-002  0.52398437438705836     
  0.75000000000000000       0.54040402173995972        3.6389258358800122E-002   1.9128101522698563E-002  0.52565241462451395     
  0.75000000000000000       0.54636359214782715        3.5659332325632724E-002   1.8803264260729376E-002  0.52730275735457810     
  0.75000000000000000       0.55232316255569458        3.4939872409444697E-002   1.8482713036882138E-002  0.52898627734788239     
  0.75000000000000000       0.55828279256820679        3.4230489384291921E-002   1.8164341774148354E-002  0.53064803048021325     
  0.75000000000000000       0.56424236297607422        3.3535357188659534E-002   1.7849305822559062E-002  0.53225333853295176     
  0.75000000000000000       0.57020199298858643        3.2848489436522348E-002   1.7537649387148028E-002  0.53389515584996505     
  0.75000000000000000       0.57616156339645386        3.2174025892340502E-002   1.7230420586135008E-002  0.53553822091741909     
  0.75000000000000000       0.58212113380432129        3.1511490951979165E-002   1.6925646101754153E-002  0.53712615907471339     
  0.75000000000000000       0.58808076381683350        3.0859481817403358E-002   1.6624381300720793E-002  0.53871226351394497     
  0.75000000000000000       0.59404033422470093        3.0219345084481788E-002   1.6326668073438005E-002  0.54027206836530883     
  0.75000000000000000       0.59999996423721313        2.9589670994761837E-002   1.6033461259584138E-002  0.54186007213201148     
