 x kt PDF(p) PDF(Pb) ratio
   4.0000001899898052E-003   9.9999997764825821E-003   25.501910389202511        19.605138854882348       0.76877138048383820     
   8.0000003799796104E-003   9.9999997764825821E-003   13.184824988429709        10.990421043128809       0.83356594060015277     
   1.2000000104308128E-002   9.9999997764825821E-003   9.2178130053641087        8.1637271263639271       0.88564685805767818     
   1.6000000759959221E-002   9.9999997764825821E-003   7.2273630838848737        6.7200245353947787       0.92980309103034731     
   2.0000001415610313E-002   9.9999997764825821E-003   6.0132294034873803        5.8246123889153250       0.96863299203874265     
   2.4000000208616257E-002   9.9999997764825821E-003   5.1874699372455071        5.2035512358632943        1.0031000273374744     
   2.8000000864267349E-002   9.9999997764825821E-003   4.5849901866865865        4.7416279811168840        1.0341631689605630     
   3.2000001519918442E-002   9.9999997764825821E-003   4.1229256847844118        4.3789228175633088        1.0620911343912043     
   3.6000002175569534E-002   9.9999997764825821E-003   3.7570273468015358        4.0815413620719951        1.0863752071293087     
   4.0000002831220627E-002   9.9999997764825821E-003   3.4591625320683321        3.8297508320347480        1.1071323756923415     
   4.4000003486871719E-002   9.9999997764825821E-003   3.2110529226695239        3.6131386948916204        1.1252192915860821     
   4.8000000417232513E-002   9.9999997764825821E-003   3.0009048671124212        3.4202921242633328        1.1397535995716055     
   5.2000001072883606E-002   9.9999997764825821E-003   2.8205309228679578        3.2472736962643216        1.1512987395161920     
   5.6000001728534698E-002   9.9999997764825821E-003   2.6637725478695802        3.0880832494050252        1.1592893889813523     
   6.0000002384185791E-002   9.9999997764825821E-003   2.5261231296464337        2.9423390589696869        1.1647647038414586     
   6.4000003039836884E-002   9.9999997764825821E-003   2.4042022169169841        2.8091931123910929        1.1684512611395255     
   6.8000003695487976E-002   9.9999997764825821E-003   2.2953488521706733        2.6903022525682894        1.1720668298520789     
   7.2000004351139069E-002   9.9999997764825821E-003   2.1974080066956603        2.5806594511282954        1.1744106889866790     
   7.6000005006790161E-002   9.9999997764825821E-003   2.1087181309124969        2.4804019319459396        1.1762605421676748     
   8.0000005662441254E-002   9.9999997764825821E-003   2.0280894268263534        2.3876361465997138        1.1772834644357846     
   8.4000006318092346E-002   9.9999997764825821E-003   1.9543129543422120        2.3016030689577103        1.1777044530375076     
   8.8000006973743439E-002   9.9999997764825821E-003   1.8863831522866656        2.2217959483816441        1.1778073535529578     
   9.2000007629394531E-002   9.9999997764825821E-003   1.8235200660269293        2.1473238881771919        1.1775707480180153     
   9.6000000834465027E-002   9.9999997764825821E-003   1.7653448249208947        2.0770179933366659        1.1765508721106299     
  0.10000000149011612        9.9999997764825821E-003   1.7112561248395215        2.0110269982556752        1.1751759243194912     
  0.10400000214576721        9.9999997764825821E-003   1.6606738583900758        1.9489696027980847        1.1736016635364481     
  0.10800000280141830        9.9999997764825821E-003   1.6131317590756133        1.8903956739123029        1.1718792735167352     
  0.11200000345706940        9.9999997764825821E-003   1.5682651283118505        1.8348367951569757        1.1699786994129460     
  0.11600000411272049        9.9999997764825821E-003   1.5259777140680513        1.7820603145599183        1.1678154262221729     
  0.12000000476837158        9.9999997764825821E-003   1.4860565888620338        1.7317756722474311        1.1653497486078641     
  0.12400000542402267        9.9999997764825821E-003   1.4482534774281370        1.6840547950524947        1.1628177120231069     
  0.12800000607967377        9.9999997764825821E-003   1.4123574851505700        1.6387418391118762        1.1602882813604174     
  0.13199999928474426        9.9999997764825821E-003   1.3781879515694482        1.5956948249295515        1.1578209076000205     
  0.13600000739097595        9.9999997764825821E-003   1.3455857516427461        1.5543532490684309        1.1551499019447946     
  0.14000000059604645        9.9999997764825821E-003   1.3142958990991933        1.5143171897337775        1.1521889330794359     
  0.14400000870227814        9.9999997764825821E-003   1.2842229750856384        1.4758099976795114        1.1491851697958424     
  0.14800000190734863        9.9999997764825821E-003   1.2553537414061078        1.4388730023770098        1.1461892810908774     
  0.15200001001358032        9.9999997764825821E-003   1.2275940434338377        1.4033333640163890        1.1431575214318990     
  0.15600000321865082        9.9999997764825821E-003   1.2008248578529066        1.3690982248658810        1.1401314820496387     
  0.16000001132488251        9.9999997764825821E-003   1.1750251384188424        1.3362318052626452        1.1371942280832634     
  0.16400000452995300        9.9999997764825821E-003   1.1500872745784880        1.3043197434477809        1.1341050129659245     
  0.16800001263618469        9.9999997764825821E-003   1.1259249267945255        1.2731090917144769        1.1307228940556280     
  0.17200000584125519        9.9999997764825821E-003   1.1025357917352836        1.2428292675769541        1.1272461872832829     
  0.17600001394748688        9.9999997764825821E-003   1.0798307637022557        1.2134930880519554        1.1237808079216336     
  0.18000000715255737        9.9999997764825821E-003   1.0577668467310766        1.1853005241543437        1.1205687981405328     
  0.18400001525878906        9.9999997764825821E-003   1.0363405166673647        1.1582884884812108        1.1176717206869446     
  0.18800000846385956        9.9999997764825821E-003   1.0154843664749054        1.1317307464857265        1.1144738253473583     
  0.19200000166893005        9.9999997764825821E-003  0.99517081266122132        1.1053621900392352        1.1107260944313140     
  0.19600000977516174        9.9999997764825821E-003  0.97540361785275720        1.0797749394110838        1.1070032134882670     
  0.20000000298023224        9.9999997764825821E-003  0.95611661668389714        1.0551545247995520        1.1035835026684804     
  0.20400001108646393        9.9999997764825821E-003  0.93726589125600790        1.0311147375165437        1.1001304401835974     
  0.20800000429153442        9.9999997764825821E-003  0.91887656077438684        1.0074884896683105        1.0964350737374839     
  0.21200001239776611        9.9999997764825821E-003  0.90090404967353854       0.98448310707230036        1.0927724294602166     
  0.21600000560283661        9.9999997764825821E-003  0.88329954098027408       0.96230574621698750        1.0894444088004771     
  0.22000001370906830        9.9999997764825821E-003  0.86606586009354158       0.94066539631827084        1.0861361008003154     
  0.22400000691413879        9.9999997764825821E-003  0.84920459695459971       0.91930859094791517        1.0825525370973272     
  0.22800001502037048        9.9999997764825821E-003  0.83268412881614073       0.89833361698107284        1.0788408063670776     
  0.23200000822544098        9.9999997764825821E-003  0.81648027696387859       0.87787472085156848        1.0751940317725592     
  0.23600001633167267        9.9999997764825821E-003  0.80061049212269675       0.85795865128787774        1.0716305366085461     
  0.24000000953674316        9.9999997764825821E-003  0.78505900862348132       0.83849889585267423        1.0680711725388568     
  0.24400001764297485        9.9999997764825821E-003  0.76979861710055097       0.81944203334739574        1.0644888353188096     
  0.24800001084804535        9.9999997764825821E-003  0.75480915150818539       0.80078571738533300        1.0609115109233662     
  0.25200000405311584        9.9999997764825821E-003  0.74010958391403225       0.78255225287036978        1.0573464658191314     
  0.25600001215934753        9.9999997764825821E-003  0.72568675616468381       0.76472688879532735        1.0537974991261712     
  0.26000002026557922        9.9999997764825821E-003  0.71151770980272344       0.74729651851458267        1.0502851977103695     
  0.26399999856948853        9.9999997764825821E-003  0.69758238079445811       0.73022948463073145        1.0468003561086110     
  0.26800000667572021        9.9999997764825821E-003  0.68388919534921788       0.71350674808133996        1.0433075312982512     
  0.27200001478195190        9.9999997764825821E-003  0.67044026924616973       0.69710870973730077        1.0397775039991506     
  0.27600002288818359        9.9999997764825821E-003  0.65722085006852748       0.68103764568568725        1.0362386488722573     
  0.28000000119209290        9.9999997764825821E-003  0.64421769746240987       0.66528397963462416        1.0327005641962257     
  0.28400000929832458        9.9999997764825821E-003  0.63142198014443551       0.64984235008712243        1.0291728361094958     
  0.28800001740455627        9.9999997764825821E-003  0.61884132551785453       0.63472567242254585        1.0256678832678137     
  0.29200002551078796        9.9999997764825821E-003  0.60647243404070783       0.61992836592939893        1.0221872110477290     
  0.29600000381469727        9.9999997764825821E-003  0.59431030355631254       0.60543380309891737        1.0187166526914351     
  0.30000001192092896        9.9999997764825821E-003  0.58234985762741565       0.59122852342157761        1.0152462745167228     
  0.30400002002716064        9.9999997764825821E-003  0.57059096330705650       0.57730697137734910        1.0117702671478841     
  0.30800002813339233        9.9999997764825821E-003  0.55903792519871487       0.56367225307971447        1.0082898273482113     
  0.31200000643730164        9.9999997764825821E-003  0.54767940630070466       0.55031847052191873        1.0048186296414532     
  0.31600001454353333        9.9999997764825821E-003  0.53650392106767431       0.53723199840809921        1.0013570773890637     
  0.32000002264976501        9.9999997764825821E-003  0.52550119267925144       0.52439770261180130       0.99790011881452823     
  0.32400000095367432        9.9999997764825821E-003  0.51466327614689089       0.51181479888948622       0.99446535746880904     
  0.32800000905990601        9.9999997764825821E-003  0.50399297459541914       0.49948820185287035       0.99106183425242189     
  0.33200001716613770        9.9999997764825821E-003  0.49349131878311642       0.48742414935783118       0.98770562075895063     
  0.33600002527236938        9.9999997764825821E-003  0.48315793950646319       0.47560503366400109       0.98436762552183821     
  0.34000000357627869        9.9999997764825821E-003  0.47299226896939373       0.46401711174651877       0.98102472743913771     
  0.34400001168251038        9.9999997764825821E-003  0.46299326763326665       0.45265488937538528       0.97767056460512014     
  0.34800001978874207        9.9999997764825821E-003  0.45315800532294609       0.44152416252431542       0.97432718243531913     
  0.35200002789497375        9.9999997764825821E-003  0.44348236277859709       0.43063428945286503       0.97102912222882176     
  0.35600000619888306        9.9999997764825821E-003  0.43396405396928056       0.41997319422486318       0.96776032573101600     
  0.36000001430511475        9.9999997764825821E-003  0.42460053329175834       0.40952886584998466       0.96450388951485988     
  0.36400002241134644        9.9999997764825821E-003  0.41538943859072114       0.39928525347740501       0.96123111562982366     
  0.36800003051757812        9.9999997764825821E-003  0.40632831781697398       0.38925512887050312       0.95798178911527088     
  0.37200000882148743        9.9999997764825821E-003  0.39741083122902310       0.37943850431682463       0.95477645423850754     
  0.37600001692771912        9.9999997764825821E-003  0.38863373274246593       0.36983299409717746       0.95162350289920128     
  0.38000002503395081        9.9999997764825821E-003  0.37999847666077347       0.36042479485628265       0.94849010454859184     
  0.38400000333786011        9.9999997764825821E-003  0.37150614395328824       0.35120196175949470       0.94534630846819456     
  0.38800001144409180        9.9999997764825821E-003  0.36315728413043541       0.34216559545177200       0.94219670210133022     
  0.39200001955032349        9.9999997764825821E-003  0.35495232476233318       0.33332297958498958       0.93906408362918581     
  0.39600002765655518        9.9999997764825821E-003  0.34688813901788296       0.32467661920367186       0.93596921509885922     
  0.40000000596046448        9.9999997764825821E-003  0.33895531998414258       0.31621083419576790       0.93289827759765287     
