 x up dp u1 d1 u2 d2
   0.0000000000000000        0.0000000000000000        0.0000000000000000        0.0000000000000000        0.0000000000000000        0.0000000000000000        0.0000000000000000     
   4.0000001899898052E-003   77.982040170348569        58.674394960762747        49.459386506606322        33.299113431940171        41.903883001715890        27.262894525211809     
   8.0000003799796104E-003   39.989475619627896        25.594759551311586        28.903653002328358        16.749523296471018        25.064355896842777        13.983816698252490     
   1.2000000104308128E-002   27.908941313151299        15.889108670995176        21.588172205875590        11.231373568049190        19.090849855382643        9.5878894802192214     
   1.6000000759959221E-002   21.888123308895626        11.346102278878684        17.696904057944153        8.4218836886476627        15.898417868616162        7.3393527521309458     
   2.0000001415610313E-002   18.231073009053951        8.7230424622900404        15.228122211443550        6.7000129223426725        13.851546191437206        5.9426263097521161     
   2.4000000208616257E-002   15.748583144878598        7.0152748460228160        13.498405661809798        5.5294143353109870        12.397917678055395        4.9759816127072298     
   2.8000000864267349E-002   13.939178340554937        5.8137216124617694        12.204184916668003        4.6776621088523624        11.294350530529998        4.2587467512340931     
   3.2000001519918442E-002   12.552788540988306        4.9207626688208537        11.190341154772458        4.0285605842431549        10.417594010631275        3.7017481863978432     
   3.6000002175569534E-002   11.453100951216655        4.2311790337141568        10.369777930063519        3.5167490971521089        9.6987217667993963        3.2548012712893852     
   4.0000002831220627E-002   10.557359458880315        3.6839197952760796        9.6858321382473527        3.1014888078306999        9.0923317300904021        2.8863752355237695     
   4.4000003486871719E-002   9.8106777136355579        3.2378289088105068        9.1049852187505618        2.7579859085237968        8.5721456088089933        2.5774632738150625     
   4.8000000417232513E-002   9.1786840142710417        2.8692345227620546        8.6015387016272662        2.4684240757232323        8.1170874221567892        2.3140136805771272     
   5.2000001072883606E-002   8.6355238398832377        2.5590721928315596        8.1607744110326621        2.2213290675704918        7.7156733074844297        2.0869977318757704     
   5.6000001728534698E-002   8.1626894499141009        2.2951430138169253        7.7683899942320398        2.0077008357965558        7.3559325085301444        1.8891812324304582     
   6.0000002384185791E-002   7.7479275816500079        2.0688571599897960        7.4161327295205490        1.8210763480559411        7.0312059380650913        1.7152391322935148     
   6.4000003039836884E-002   7.3797005704743279        1.8722051421255137        7.0974746108760813        1.6569324895599955        6.7360926663639429        1.5614540326984405     
   6.8000003695487976E-002   7.0504378425065637        1.7005441615701877        6.8060686168305260        1.5115644098540155        6.4650844429991743        1.4247321228993535     
   7.2000004351139069E-002   6.7545684525585443        1.5499867830412448        6.5392047768953105        1.3819079678588506        6.2160823073576053        1.3023839638235604     
   7.6000005006790161E-002   6.4863655558415143        1.4167275018419390        6.2927605184393167        1.2659200762805780        5.9854549667196748        1.1926771707530164     
   8.0000005662441254E-002   6.2417373997662695        1.2981143284949441        6.0635840859098895        1.1617835103657754        5.7704237152611046        1.0940266579393476     
   8.4000006318092346E-002   6.0177313295893295        1.1924792701831901        5.8504846558437098        1.0676225263082533        5.5700650156097424        1.0047052380495174     
   8.8000006973743439E-002   5.8118877322071780        1.0979348766248045        5.6511914114412738       0.98253683462484787        5.3823289198850190       0.92392833454239964     
   9.2000007629394531E-002   5.6213281247779676        1.0128487996224971        5.4638584487861239       0.90567211128591052        5.2055461117698787       0.85093364217493594     
   9.6000000834465027E-002   5.4442763821228315       0.93590273843987315        5.2878550354650846       0.83568508889775817        5.0392218267212021       0.78445507756900912     
  0.10000000149011612        5.2792158892550898       0.86630592435669851        5.1218669270731727       0.77197360536370885        4.8821572951894670       0.72393784383243509     
  0.10400000214576721        5.1249786144910239       0.80330366315076251        4.9646065452032646       0.71411710726977562        4.7331609821264271       0.66899765896814145     
  0.10800000280141830        4.9803914215260638       0.74599642400813537        4.8154474394843350       0.66138330969839532        4.5916807998350917       0.61894238550869640     
  0.11200000345706940        4.8438855194598585       0.69368091291124256        4.6739320121157713       0.61307472003230834        4.4573238709144860       0.57310759675567247     
  0.11600000411272049        4.7148794107365593       0.64570017859179962        4.5391732781465981       0.56894484110715615        4.3292651242429701       0.53126225301923347     
  0.12000000476837158        4.5927348744276539       0.60172987294689972        4.4104565614282052       0.52872581223137693        4.2068409612762547       0.49315307905751710     
  0.12400000542402267        4.4767544824891328       0.56151816023731860        4.2875977510217780       0.49186187554656707        4.0898979728192524       0.45824849522235578     
  0.12800000607967377        4.3665139656041294       0.52469810147469342        4.1701385729899840       0.45800699544271012        3.9780164725334961       0.42621761162949884     
  0.13199999928474426        4.2615157250921341       0.49080692990733316        4.0574943927826119       0.42697048977547575        3.8706509934051603       0.39687837872093390     
  0.13600000739097595        4.1612326225950635       0.45945474646797690        3.9491976595540979       0.39855754059629089        3.7673658328961328       0.37004444437318645     
  0.14000000059604645        4.0647328402398211       0.43043310037605736        3.8451984966880461       0.37242871952590034        3.6681223204507232       0.34539020680808580     
  0.14400000870227814        3.9722482492451356       0.40365249511037571        3.7451987385827983       0.34836167796907386        3.5726456429601403       0.32270260991674699     
  0.14800000190734863        3.8832502855185669       0.37882026763912852        3.6488104681772104       0.32620888875552273        3.4805741549386071       0.30184039100263499     
  0.15200001001358032        3.7975194413325433       0.35578516749935390        3.5557048460421998       0.30583207899021969        3.3916011008669589       0.28267109045140693     
  0.15600000321865082        3.7147983061289174       0.33439974464858802        3.4658224015996888       0.28705271241255526        3.3056708552358480       0.26502326835462320     
  0.16000001132488251        3.6348838058784594       0.31451619750815990        3.3790270762347725       0.26970571995375953        3.2226585255093174       0.24873852787261877     
  0.16400000452995300        3.5575692281402689       0.29601489707656764        3.2950432645518628       0.25367181554491319        3.1423093110223270       0.23370261147929366     
  0.16800001263618469        3.4826361518246625       0.27877688189187921        3.2136329460794526       0.23884307868060128        3.0644027168196524       0.21981215463436382     
  0.17200000584125519        3.4099631540997812       0.26269860340028034        3.1346533774227110       0.22512041841418770        2.9888050276860265       0.20697210391724888     
  0.17600001394748688        3.3394008524203556       0.24769273514695628        3.0581031711676911       0.21240496770590844        2.9155117052764430       0.19508744586108612     
  0.18000000715255737        3.2707958041339609       0.23367223857496872        2.9838162929187062       0.20060713795234278        2.8443697028980837       0.18407270264452066     
  0.18400001525878906        3.2040567942715574       0.22056013676602521        2.9116334941379036       0.18964679536245124        2.7752319980669182       0.17385145786873238     
  0.18800000846385956        3.1390664341978871       0.20829043913379236        2.8414156568055464       0.17945239296198670        2.7079698081345853       0.16435548423130586     
  0.19200000166893005        3.0756897569689752       0.19679569294752050        2.7731220552861964       0.16997245543674722        2.6425405301582283       0.15553531693996381     
  0.19600000977516174        3.0138784125305977       0.18601774427465118        2.7066954099900689       0.16114983992418919        2.5788894014711001       0.14733621912964620     
  0.20000000298023224        2.9535454574158271       0.17590869757721853        2.6420278584175931       0.15292212666086821        2.5169184113717988       0.13969871528017383     
  0.20400001108646393        2.8945780970267037       0.16641806199226139        2.5790211219725911       0.14523366249951380        2.4565377918301223       0.13256979936363156     
  0.20800000429153442        2.8369580456272483       0.15749860517013733        2.5175897689298603       0.13803655482168320        2.3976687146788849       0.12590385581426389     
  0.21200001239776611        2.7806033713902427       0.14911511049358622        2.4576962347857685       0.13130921040792193        2.3402698373825279       0.11968010367167416     
  0.21600000560283661        2.7254438782989370       0.14123022717915920        2.3992902583548101       0.12501481494458899        2.2842939750551841       0.11386349178675742     
  0.22000001370906830        2.6714352486035344       0.13380621061312917        2.3423120307705529       0.11911251985493010        2.2296872487196033       0.10841523305421875     
  0.22400000691413879        2.6185423414541891       0.12681320937229110        2.2867062276902108       0.11356590944392081        2.1763994849799828       0.10330076073307796     
  0.22800001502037048        2.5667176100237539       0.12022506179198041        2.2324192760218660       0.10834439784531902        2.1243810487669998        9.8491054229524241E-002
  0.23200000822544098        2.5158870984063291       0.11401364030429652        2.1793986486513450       0.10344065009614857        2.0735766624015648        9.3979083393525620E-002
  0.23600001633167267        2.4660520089584561       0.10815122245453121        2.1276080148457881        9.8829631413400565E-002   2.0239523413292502        8.9741063758198722E-002
  0.24000000953674316        2.4171672965313342       0.10261777450846943        2.0770155601740323        9.4482600043192880E-002   1.9754801344236894        8.5749727863924582E-002
  0.24400001764297485        2.3692019923793857        9.7393926162818764E-002   2.0275890821102132        9.0373782282198292E-002   1.9281312964081638        8.1980641195460696E-002
  0.24800001084804535        2.3220942428863025        9.2458579581764955E-002   1.9792959286059590        8.6481066920843411E-002   1.8818760413494617        7.8412853639524910E-002
  0.25200000405311584        2.2758530982167451        8.7791225649562751E-002   1.9320737268088486        8.2802439352412216E-002   1.8366508943388751        7.5044462399708578E-002
  0.25600001215934753        2.2304469032948941        8.3377219302201405E-002   1.8858920181871106        7.9324606152314417E-002   1.7924262302016101        7.1862936715093764E-002
  0.26000002026557922        2.1858508448834217        7.9202863535154530E-002   1.8407353538920224        7.6028314968261831E-002   1.7491887320457193        6.8850117483605658E-002
  0.26399999856948853        2.1420203783097822        7.5252656130901527E-002   1.7965872162327527        7.2896260332299220E-002   1.7069238163391196        6.5989692519320353E-002
  0.26800000667572021        2.0989524462129698        7.1510941917540607E-002   1.7534291225937844        6.9912797011491015E-002   1.6656148052311388        6.3266925722231540E-002
  0.27200001478195190        2.0566395766548684        6.7965931292955528E-002   1.7112040131447548        6.7074830332189264E-002   1.6252048018223666        6.0678934427580704E-002
  0.27600002288818359        2.0150530496708607        6.4607965460828184E-002   1.6698688408137619        6.4378563854992854E-002   1.5856509864067101        5.8222165858000108E-002
  0.28000000119209290        1.9741695959102319        6.1426217090906725E-002   1.6294227005927813        6.1810257138197586E-002   1.5469539955425580        5.5883674330272581E-002
  0.28400000929832458        1.9339595699214764        5.8408955315439340E-002   1.5898612642067285        5.9357454566321820E-002   1.5091109599187849        5.3651736006239598E-002
  0.28800001740455627        1.8944368679863888        5.5545700015750481E-002   1.5511789674070726        5.7008962489813783E-002   1.4721176236655460        5.1515821128254410E-002
  0.29200002551078796        1.8555817497094802        5.2828879159827889E-002   1.5133482916409933        5.4757887974462759E-002   1.4359477325537107        4.9469465742151705E-002
  0.29600000381469727        1.8173755554524678        5.0251677248288815E-002   1.4762953701148622        5.2606575410075365E-002   1.4005281656232653        4.7514942089596793E-002
  0.30000001192092896        1.7797948821524163        4.7805722735278326E-002   1.4400170507392285        5.0547197618035764E-002   1.3658557832156757        4.5644927365575280E-002
  0.30400002002716064        1.7428247460010360        4.5482446770346567E-002   1.4045152931432556        4.8571695009662255E-002   1.3319325505325339        4.3851878189220678E-002
  0.30800002813339233        1.7064743638100592        4.3274594348984195E-002   1.3697894846326040        4.6672715529751163E-002   1.2987579341192317        4.2128918738722730E-002
  0.31200000643730164        1.6707313021617369        4.1176786380215567E-002   1.3358355301514393        4.4843761904783348E-002   1.2663279808375800        4.0469978640741991E-002
  0.31600001454353333        1.6355770948177257        3.9184234140549064E-002   1.3025900671688968        4.3085181629735181E-002   1.2345803181432091        3.8875440729510734E-002
  0.32000002264976501        1.6009955585420454        3.7290958213124642E-002   1.2700283857585559        4.1394452542738013E-002   1.2034910794253311        3.7342975578244592E-002
  0.32400000095367432        1.5669761577488306        3.5490641617613845E-002   1.2381555144047083        3.9766253583201419E-002   1.1730658145663431        3.5867613670982151E-002
  0.32800000905990601        1.5335222574828200        3.3777743964717173E-002   1.2069735346745567        3.8195669393142583E-002   1.1433071496290033        3.4444769614246841E-002
  0.33200001716613770        1.5006281033353810        3.2148200930915499E-002   1.1764832764066460        3.6678224395041356E-002   1.1142164168248914        3.3070271215197337E-002
  0.33600002527236938        1.4682810337518131        3.0598505037761951E-002   1.1466667222922204        3.5210612230217340E-002   1.0857764720465195        3.1741053001615144E-002
  0.34000000357627869        1.4364628508453066        2.9124975916429027E-002   1.1174564436748728        3.3792871546452906E-002   1.0579214333400400        3.0457212243855832E-002
  0.34400001168251038        1.4051657420019903        2.7722815557911180E-002   1.0888526457423306        3.2422739993806890E-002   1.0306511373922380        2.9216658361896509E-002
  0.34800001978874207        1.3743851950201293        2.6387605835908073E-002   1.0608620895378140        3.1097801271272194E-002   1.0039718496692067        2.8017152814122086E-002
  0.35200002789497375        1.3441204505543836        2.5116003632699873E-002   1.0334892498318426        2.9815779430556518E-002  0.97788765557133761        2.6856589446143130E-002
  0.35600000619888306        1.3143698187414457        2.3905218049209323E-002   1.0067369615942496        2.8574548672791595E-002  0.95240107794197926        2.5733003324902054E-002
  0.36000001430511475        1.2851170391400411        2.2752979487385350E-002  0.98056867705047479        2.7371922165182826E-002  0.92747685994343876        2.4644390833759602E-002
  0.36400002241134644        1.2563485401254100        2.1656412044021953E-002  0.95493624115219700        2.6206449576083455E-002  0.90306857622976799        2.3589441525510763E-002
  0.36800003051757812        1.2280644750967145        2.0612042421748106E-002  0.92984748111541526        2.5077376541321708E-002  0.87918351916873638        2.2567469756480336E-002
  0.37200000882148743        1.2002590765317660        1.9616789554157323E-002  0.90530893595641415        2.3983956314853245E-002  0.85582775904758657        2.1577797382034792E-002
  0.37600001692771912        1.1729278812973545        1.8668317292159668E-002  0.88132484319542881        2.2925415554474887E-002  0.83300517612573199        2.0619722601628091E-002
  0.38000002503395081        1.1460717614285154        1.7764568989941328E-002  0.85789789193408317        2.1900976920183550E-002  0.81071817543205138        1.9692539769312026E-002
  0.38400000333786011        1.1196789157226703        1.6903946663252196E-002  0.83497917208252936        2.0907342092962432E-002  0.78891980628015845        1.8793213574472646E-002
  0.38800001144409180        1.0937314430490135        1.6084643592274961E-002  0.81254139825980964        1.9943178032157883E-002  0.76758376224086766        1.7920531629163093E-002
  0.39200001955032349        1.0682327922046344        1.5304053183363526E-002  0.79059215270298455        1.9009171619493993E-002  0.74671708487040056        1.7075149941556532E-002
  0.39600002765655518        1.0431804899027746        1.4559805429165434E-002  0.76913722101206961        1.8105873846630049E-002  0.72632511181644910        1.6257598400594996E-002
  0.40000000596046448        1.0185628089611336        1.3850186166165080E-002  0.74818107883611062        1.7233726490288641E-002  0.70641193951794068        1.5468305149659611E-002
  0.40400001406669617       0.99438189731450866        1.3173683181908289E-002  0.72772439524271959        1.6392858582180724E-002  0.68697804806126328        1.4707408471441709E-002
  0.40800002217292786       0.97063873796287281        1.2528915703757398E-002  0.70771717477989371        1.5578800078635591E-002  0.66797568223511494        1.3970783810853683E-002
  0.41200003027915955       0.94730964610893265        1.1915047961247233E-002  0.68814256216281500        1.4790561349628599E-002  0.64938856127465172        1.3257530942808068E-002
  0.41600000858306885       0.92439202292609579        1.1330406973525635E-002  0.66900708990351532        1.4029353457970805E-002  0.63122266351932610        1.2568788372771120E-002
  0.42000001668930054       0.90189135834425116        1.0773120708208682E-002  0.65031553372044981        1.3296208388062440E-002  0.61348231076129855        1.1905528731106545E-002
  0.42400002479553223       0.87980043103277683        1.0241639888546707E-002  0.63207188964423311        1.2592027021986705E-002  0.59617109510360988        1.1268602376283306E-002
  0.42800003290176392       0.85810690393909350        9.7348809471390248E-003  0.61427651788398130        1.1917311063298790E-002  0.57928917889275733        1.0658489923949403E-002
  0.43200001120567322       0.83681480093337235        9.2517516464770098E-003  0.59688480693959844        1.1267688502947952E-002  0.56279421902482596        1.0071160520859648E-002
  0.43600001931190491       0.81592517251288543        8.7912438568981243E-003  0.57988275132252487        1.0642101421479776E-002  0.54667268852933137        9.5056469450239545E-003
  0.44000002741813660       0.79541429605648695        8.3529141119459936E-003  0.56327469285934795        1.0041428275966397E-002  0.53092839238182188        8.9627729368437891E-003
  0.44400003552436829       0.77527954845727298        7.9355813509019418E-003  0.54706386132986284        9.4664225115063168E-003  0.51556410122054330        8.4432465182461367E-003
  0.44800001382827759       0.75552779135117620        7.5378611996692888E-003  0.53125271105376681        8.9177317767224797E-003  0.50058186912980218        7.9476775533872338E-003
  0.45200002193450928       0.73615675897914101        7.1585553158845395E-003  0.51584104269532793        8.3957687212340443E-003  0.48598126717079515        7.4764590273200407E-003
  0.45600003004074097       0.71714706737263434        6.7969680189904728E-003  0.50079284948634961        7.8977764558515479E-003  0.47172828375947196        7.0270612276332927E-003
  0.46000000834465027       0.69850146387537049        6.4523216800097954E-003  0.48609434000937191        7.4223458699058161E-003  0.45780972103988288        6.5981900592191126E-003
  0.46400001645088196       0.68022330075791726        6.1238504324854113E-003  0.47174728921737696        6.9693200207472010E-003  0.44422698463104809        6.1897044437857042E-003
  0.46800002455711365       0.66230331617552907        5.8110926388693649E-003  0.45775313313492039        6.5385289390822643E-003  0.43098117678355324        5.8014513021975335E-003
  0.47200003266334534       0.64472148161561882        5.5136783239893737E-003  0.44411258659844832        6.1297778156660966E-003  0.41807273324683780        5.4332548956507474E-003
  0.47600001096725464       0.62748465841974788        5.2305791987468852E-003  0.43082553449240424        5.7428494073060131E-003  0.40550132372447184        5.0849191226650424E-003
  0.48000001907348633       0.61059911552287671        4.9608038360007050E-003  0.41786572595673993        5.3768976283016402E-003  0.39324218854346321        4.7556825443222451E-003
  0.48400002717971802       0.59405501283468554        4.7036543899529916E-003  0.40521761417411328        5.0307740948299616E-003  0.38128057010774141        4.4444956935627269E-003
  0.48800003528594971       0.57783610584156520        4.4587254961957158E-003  0.39288112853270124        4.7035522393057009E-003  0.36961618177778388        4.1505040087126003E-003
  0.49200001358985901       0.56194604344839494        4.2254474088688184E-003  0.38085588035163159        4.3943529047411915E-003  0.35824844946911355        3.8728970084211871E-003
  0.49600002169609070       0.54638753447704969        4.0032720931980140E-003  0.36914084417126075        4.1023330269252464E-003  0.34717620960055490        3.6108980475462109E-003
  0.50000000000000000       0.53115197408713211        3.7919289363312204E-003  0.35773501202077618        3.8266990144777187E-003  0.33639832670303288        3.3637761538456200E-003
  0.50400000810623169       0.51621975955407673        3.5912621690635917E-003  0.34662205231903004        3.5674674736986818E-003  0.32589942702331065        3.1315629881650191E-003
  0.50800001621246338       0.50159690901125076        3.4004852291038413E-003  0.33578450398836279        3.3244252091659122E-003  0.31566304927074434        2.9140773237538663E-003
  0.51200002431869507       0.48728932957427279        3.2188368965387079E-003  0.32522126102345700        3.0963531285271356E-003  0.30568791205769552        2.7101926033215769E-003
  0.51600003242492676       0.47329457804618569        3.0456954815820544E-003  0.31493097839109530        2.8821032452615004E-003  0.29597252280580338        2.5188483078928390E-003
  0.52000004053115845       0.45959039765780185        2.8808633978861659E-003  0.30491208142665627        2.6805950204583729E-003  0.28651518596221043        2.3390465797896998E-003
  0.52400004863739014       0.44617764560258338        2.7240387019591889E-003  0.29516278741154794        2.4908114893593845E-003  0.27731402255013593        2.1698486153457321E-003
  0.52799999713897705       0.43305906843563569        2.5749139080972526E-003  0.28567478415468500        2.3125632576375460E-003  0.26836114048385112        2.0110880806683443E-003
  0.53200000524520874       0.42023586741741764        2.4332344457813310E-003  0.27643008927505808        2.1466410103198157E-003  0.25963972404136432        1.8635151381665820E-003
  0.53600001335144043       0.40769592306681823        2.2996697916357377E-003  0.26742614727733083        1.9919900206307488E-003  0.25114720632363863        1.7261565986350438E-003
  0.54000002145767212       0.39542901917636208        2.1733811079023917E-003  0.25866083487722613        1.8475352472197798E-003  0.24288142348390079        1.5980199916831395E-003
  0.54400002956390381       0.38342983161265076        2.0529182159170090E-003  0.25013191411862101        1.7122662367419284E-003  0.23484011292301418        1.4781727364293819E-003
  0.54800003767013550       0.37169313257092246        1.9369274979627999E-003  0.24183704415445950        1.5852333609414967E-003  0.22702092386055489        1.3657386396616793E-003
  0.55200004577636719       0.36022823041131952        1.8265956691591873E-003  0.23377193595849002        1.4658549572018722E-003  0.21941973346974747        1.2601837327153246E-003
  0.55600005388259888       0.34903708923404397        1.7232142262445353E-003  0.22592197804833949        1.3552658208991922E-003  0.21202297458969863        1.1625720555914747E-003
  0.56000000238418579       0.33810046322355342        1.6248921105946087E-003  0.21828264955764271        1.2528947893773233E-003  0.20482624842780181        1.0723810177299120E-003
  0.56400001049041748       0.32741951203713238        1.5315063385769195E-003  0.21085124874284925        1.1578458403780371E-003  0.19782681292567422        9.8878565886919667E-004
  0.56800001859664917       0.31698932704684096        1.4428708528322566E-003  0.20362537014999577        1.0692806110515695E-003  0.19102221705581254        9.1101414705639422E-004
  0.57200002670288086       0.30680591044513789        1.3588572298944303E-003  0.19660245335469068        9.8640927747902798E-004  0.18440987498253131        8.3833957528904894E-004
  0.57600003480911255       0.29686707465154077        1.2792095744584178E-003  0.18977977188132750        9.0851652248114727E-004  0.17798706065778588        7.7010397677429313E-004
  0.58000004291534424       0.28716740657960554        1.2037228203534223E-003  0.18314760354300844        8.3633764525493134E-004  0.17174476502946825        7.0699504862246779E-004
  0.58400005102157593       0.27770362224956074        1.1322140314425355E-003  0.17669919415153443        7.6998093581757184E-004  0.16567665929707007        6.4911961713764337E-004
  0.58799999952316284       0.26847289243018951        1.0644926937569807E-003  0.17043189112476650        7.0876630090604411E-004  0.15978011614423573        5.9585310222459058E-004
  0.59200000762939453       0.25946994641132443        1.0003704003140794E-003  0.16434276879085663        6.5205050987370255E-004  0.15405225873856984        5.4660503454709091E-004
  0.59600001573562622       0.25069192021632503        9.3966983196670849E-004  0.15842919161529503        5.9923053986122047E-004  0.14849049025669733        5.0082186465790846E-004
  0.60000002384185791       0.24213458422332482        8.8225381449239947E-004  0.15268844028762185        5.4973779914457355E-004  0.14309214170289358        4.5798182700279057E-004
