 gamma g3f pt DY-RATIO error R_dy tmp element 
   3.5555555555555554        0.0000000000000000       0.75000000000000000       0.97799999999999998        8.9999999999999993E-003  0.99552116298107396        3.7900142248068796      Ca
   3.5555555555555554        5.0505050505050509E-003  0.75000000000000000       0.97799999999999998        8.9999999999999993E-003  0.99548818160858421        3.7757592095657251      Ca
   3.5555555555555554        1.0101010101010102E-002  0.75000000000000000       0.97799999999999998        8.9999999999999993E-003  0.99545223974421637        3.7602552109827934      Ca
   3.5555555555555554        1.5151515151515152E-002  0.75000000000000000       0.97799999999999998        8.9999999999999993E-003  0.99541925982577240        3.7460569491082576      Ca
   3.5555555555555554        2.0202020202020204E-002  0.75000000000000000       0.97799999999999998        8.9999999999999993E-003  0.99538628063195211        3.7318858544814066      Ca
   3.5555555555555554        2.5252525252525252E-002  0.75000000000000000       0.97799999999999998        8.9999999999999993E-003  0.99535299543889932        3.7176105024995243      Ca
   3.5555555555555554        3.0303030303030304E-002  0.75000000000000000       0.97799999999999998        8.9999999999999993E-003  0.99532001770086231        3.7034939896072170      Ca
   3.5555555555555554        3.5353535353535352E-002  0.75000000000000000       0.97799999999999998        8.9999999999999993E-003  0.99528704069211038        3.6894046406256900      Ca
   3.5555555555555554        4.0404040404040407E-002  0.75000000000000000       0.97799999999999998        8.9999999999999993E-003  0.99525301541003708        3.6748955646787356      Ca
   3.5555555555555554        4.5454545454545456E-002  0.75000000000000000       0.97799999999999998        8.9999999999999993E-003  0.99522003988678664        3.6608614037348608      Ca
   3.5555555555555554        5.0505050505050504E-002  0.75000000000000000       0.97799999999999998        8.9999999999999993E-003  0.99518706509746913        3.6468544032671870      Ca
   3.5555555555555554        5.5555555555555552E-002  0.75000000000000000       0.97799999999999998        8.9999999999999993E-003  0.99515409104363040        3.6328745621377938      Ca
   3.5555555555555554        6.0606060606060608E-002  0.75000000000000000       0.97799999999999998        8.9999999999999993E-003  0.99512111772681522        3.6189218792032967      Ca
   3.5555555555555554        6.5656565656565663E-002  0.75000000000000000       0.97799999999999998        8.9999999999999993E-003  0.99508814514856636        3.6049963533144784      Ca
   3.5555555555555554        7.0707070707070704E-002  0.75000000000000000       0.97799999999999998        8.9999999999999993E-003  0.99505517331042570        3.5910979833167631      Ca
   3.5555555555555554        7.5757575757575760E-002  0.75000000000000000       0.97799999999999998        8.9999999999999993E-003  0.99502220221393278        3.5772267680496155      Ca
   3.5555555555555554        8.0808080808080815E-002  0.75000000000000000       0.97799999999999998        8.9999999999999993E-003  0.99498923186061039        3.5633827063404921      Ca
   3.5555555555555554        8.5858585858585856E-002  0.75000000000000000       0.97799999999999998        8.9999999999999993E-003  0.99495927593783751        3.5508276584656167      Ca
   3.5555555555555554        9.0909090909090912E-002  0.75000000000000000       0.97799999999999998        8.9999999999999993E-003  0.99492630698532281        3.5370354093998557      Ca
   3.5555555555555554        9.5959595959595953E-002  0.75000000000000000       0.97799999999999998        8.9999999999999993E-003  0.99489210277912976        3.5227547691442478      Ca
   3.5555555555555554       0.10101010101010101       0.75000000000000000       0.97799999999999998        8.9999999999999993E-003  0.99485913534163695        3.5090178329337358      Ca
   3.5555555555555554       0.10606060606060606       0.75000000000000000       0.97799999999999998        8.9999999999999993E-003  0.99482616865500040        3.4953080445249207      Ca
   3.5555555555555554       0.11111111111111110       0.75000000000000000       0.97799999999999998        8.9999999999999993E-003  0.99479320272074923        3.4816254027182705      Ca
   3.5555555555555554       0.11616161616161616       0.75000000000000000       0.97799999999999998        8.9999999999999993E-003  0.99476023754041076        3.4679699063085794      Ca
   3.5555555555555554       0.12121212121212122       0.75000000000000000       0.97799999999999998        8.9999999999999993E-003  0.99472867449482638        3.4549203747389554      Ca
   3.5555555555555554       0.12626262626262627       0.75000000000000000       0.97799999999999998        8.9999999999999993E-003  0.99469571079059782        3.4413180099171008      Ca
   3.5555555555555554       0.13131313131313133       0.75000000000000000       0.97799999999999998        8.9999999999999993E-003  0.99466274784485598        3.4277427869290515      Ca
   3.5555555555555554       0.13636363636363635       0.75000000000000000       0.97799999999999998        8.9999999999999993E-003  0.99462978565912197        3.4141947045473993      Ca
   3.5555555555555554       0.14141414141414141       0.75000000000000000       0.97799999999999998        8.9999999999999993E-003  0.99459682423491569        3.4006737615393261      Ca
   3.5555555555555554       0.14646464646464646       0.75000000000000000       0.97799999999999998        8.9999999999999993E-003  0.99456386357375604        3.3871799566667002      Ca
   3.5555555555555554       0.15151515151515152       0.75000000000000000       0.97799999999999998        8.9999999999999993E-003  0.99453090367715835        3.3737132886850394      Ca
   3.5555555555555554       0.15656565656565657       0.75000000000000000       0.97799999999999998        8.9999999999999993E-003  0.99449794454663887        3.3602737563453311      Ca
   3.5555555555555554       0.16161616161616163       0.75000000000000000       0.97799999999999998        8.9999999999999993E-003  0.99446498618371115        3.3468613583925904      Ca
   3.5555555555555554       0.16666666666666666       0.75000000000000000       0.97799999999999998        8.9999999999999993E-003  0.99443202858988711        3.3334760935662704      Ca
   3.5555555555555554       0.17171717171717171       0.75000000000000000       0.97799999999999998        8.9999999999999993E-003  0.99439907176667741        3.3201179606004554      Ca
   3.5555555555555554       0.17676767676767677       0.75000000000000000       0.97799999999999998        8.9999999999999993E-003  0.99436611571559108        3.3067869582236797      Ca
   3.5555555555555554       0.18181818181818182       0.75000000000000000       0.97799999999999998        8.9999999999999993E-003  0.99433316043813558        3.2934830851589858      Ca
   3.5555555555555554       0.18686868686868688       0.75000000000000000       0.97799999999999998        8.9999999999999993E-003  0.99429863149560327        3.2795726991292780      Ca
   3.5555555555555554       0.19191919191919191       0.75000000000000000       0.97799999999999998        8.9999999999999993E-003  0.99426567777255803        3.2663243629714702      Ca
   3.5555555555555554       0.19696969696969696       0.75000000000000000       0.97799999999999998        8.9999999999999993E-003  0.99423272482765823        3.2531031522280571      Ca
   3.5555555555555554       0.20202020202020202       0.75000000000000000       0.97799999999999998        8.9999999999999993E-003  0.99419977266240522        3.2399090656001519      Ca
   3.5555555555555554       0.20707070707070707       0.75000000000000000       0.97799999999999998        8.9999999999999993E-003  0.99416713370766241        3.2268668187831446      Ca
   3.5555555555555554       0.21212121212121213       0.75000000000000000       0.97799999999999998        8.9999999999999993E-003  0.99413418309675117        3.2137267185122433      Ca
   3.5555555555555554       0.21717171717171718       0.75000000000000000       0.97799999999999998        8.9999999999999993E-003  0.99410123326998279        3.2006137384493982      Ca
   3.5555555555555554       0.22222222222222221       0.75000000000000000       0.97799999999999998        8.9999999999999993E-003  0.99406828422885096        3.1875278772733484      Ca
   3.5555555555555554       0.22727272727272727       0.75000000000000000       0.97799999999999998        8.9999999999999993E-003  0.99403533597485105        3.1744691336586794      Ca
   3.5555555555555554       0.23232323232323232       0.75000000000000000       0.97799999999999998        8.9999999999999993E-003  0.99400238850947498        3.1614375062737956      Ca
   3.5555555555555554       0.23737373737373738       0.75000000000000000       0.97799999999999998        8.9999999999999993E-003  0.99396944183421321        3.1484329937817224      Ca
   3.5555555555555554       0.24242424242424243       0.75000000000000000       0.97799999999999998        8.9999999999999993E-003  0.99393619541722733        3.1353373379760252      Ca
   3.5555555555555554       0.24747474747474749       0.75000000000000000       0.97799999999999998        8.9999999999999993E-003  0.99390325030823257        3.1223872884728383      Ca
   3.5555555555555554       0.25252525252525254       0.75000000000000000       0.97799999999999998        8.9999999999999993E-003  0.99387030599381643        3.1094643498440284      Ca
   3.5555555555555554       0.25757575757575757       0.75000000000000000       0.97799999999999998        8.9999999999999993E-003  0.99383736247546395        3.0965685207312865      Ca
   3.5555555555555554       0.26262626262626265       0.75000000000000000       0.97799999999999998        8.9999999999999993E-003  0.99380441975465916        3.0836997997711286      Ca
   3.5555555555555554       0.26767676767676768       0.75000000000000000       0.97799999999999998        8.9999999999999993E-003  0.99377147783288278        3.0708581855939934      Ca
   3.5555555555555554       0.27272727272727271       0.75000000000000000       0.97799999999999998        8.9999999999999993E-003  0.99373804854374459        3.0578539748797757      Ca
   3.5555555555555554       0.27777777777777779       0.75000000000000000       0.97799999999999998        8.9999999999999993E-003  0.99370510823609071        3.0450669716953680      Ca
   3.5555555555555554       0.28282828282828282       0.75000000000000000       0.97799999999999998        8.9999999999999993E-003  0.99367216873190201        3.0323070711260192      Ca
   3.5555555555555554       0.28787878787878790       0.75000000000000000       0.97799999999999998        8.9999999999999993E-003  0.99363923003265442        3.0195742717812415      Ca
   3.5555555555555554       0.29292929292929293       0.75000000000000000       0.97799999999999998        8.9999999999999993E-003  0.99360629213982210        3.0068685722651076      Ca
   3.5555555555555554       0.29797979797979796       0.75000000000000000       0.97799999999999998        8.9999999999999993E-003  0.99357277297319735        2.9939661490709435      Ca
   3.5555555555555554       0.30303030303030304       0.75000000000000000       0.97799999999999998        8.9999999999999993E-003  0.99353983669843982        2.9813151186935491      Ca
   3.5555555555555554       0.30808080808080807       0.75000000000000000       0.97799999999999998        8.9999999999999993E-003  0.99350531359110339        2.9680833278821743      Ca
   3.5555555555555554       0.31313131313131315       0.75000000000000000       0.97799999999999998        8.9999999999999993E-003  0.99347237897135432        2.9554877905334322      Ca
   3.5555555555555554       0.31818181818181818       0.75000000000000000       0.97799999999999998        8.9999999999999993E-003  0.99343944516536975        2.9429193458575305      Ca
   3.5555555555555554       0.32323232323232326       0.75000000000000000       0.97799999999999998        8.9999999999999993E-003  0.99340651217461406        2.9303779924263211      Ca
   3.5555555555555554       0.32828282828282829       0.75000000000000000       0.97799999999999998        8.9999999999999993E-003  0.99337358000055243        2.9178637288072360      Ca
   3.5555555555555554       0.33333333333333331       0.75000000000000000       0.97799999999999998        8.9999999999999993E-003  0.99334166313001859        2.9057608345058332      Ca
   3.5555555555555554       0.33838383838383840       0.75000000000000000       0.97799999999999998        8.9999999999999993E-003  0.99330873256153152        2.8932999091419247      Ca
   3.5555555555555554       0.34343434343434343       0.75000000000000000       0.97799999999999998        8.9999999999999993E-003  0.99327580281412176        2.8808660693324786      Ca
   3.5555555555555554       0.34848484848484851       0.75000000000000000       0.97799999999999998        8.9999999999999993E-003  0.99324287388924659        2.8684593136231618      Ca
   3.5555555555555554       0.35353535353535354       0.75000000000000000       0.97799999999999998        8.9999999999999993E-003  0.99320994578836297        2.8560796405548277      Ca
   3.5555555555555554       0.35858585858585856       0.75000000000000000       0.97799999999999998        8.9999999999999993E-003  0.99317701851292561        2.8437270486628075      Ca
   3.5555555555555554       0.36363636363636365       0.75000000000000000       0.97799999999999998        8.9999999999999993E-003  0.99314409206438814        2.8314015364773391      Ca
   3.5555555555555554       0.36868686868686867       0.75000000000000000       0.97799999999999998        8.9999999999999993E-003  0.99311116644420272        2.8191031025234428      Ca
   3.5555555555555554       0.37373737373737376       0.75000000000000000       0.97799999999999998        8.9999999999999993E-003  0.99307824165381986        2.8068317453208502      Ca
   3.5555555555555554       0.37878787878787878       0.75000000000000000       0.97799999999999998        8.9999999999999993E-003  0.99303913047808356        2.7922894510718841      Ca
   3.5555555555555554       0.38383838383838381       0.75000000000000000       0.97799999999999998        8.9999999999999993E-003  0.99300620741432577        2.7800772958242757      Ca
   3.5555555555555554       0.38888888888888890       0.75000000000000000       0.97799999999999998        8.9999999999999993E-003  0.99297328518471328        2.7678922126266037      Ca
   3.5555555555555554       0.39393939393939392       0.75000000000000000       0.97799999999999998        8.9999999999999993E-003  0.99293730109190070        2.7546044927172662      Ca
   3.5555555555555554       0.39898989898989901       0.75000000000000000       0.97799999999999998        8.9999999999999993E-003  0.99290293970250187        2.7419458244000898      Ca
   3.5555555555555554       0.40404040404040403       0.75000000000000000       0.97799999999999998        8.9999999999999993E-003  0.99287118503324334        2.7302733863328568      Ca
   3.5555555555555554       0.40909090909090912       0.75000000000000000       0.97799999999999998        8.9999999999999993E-003  0.99283826619411841        2.7181993042903447      Ca
   3.5555555555555554       0.41414141414141414       0.75000000000000000       0.97799999999999998        8.9999999999999993E-003  0.99280534819634203        2.7061522866040595      Ca
   3.5555555555555554       0.41919191919191917       0.75000000000000000       0.97799999999999998        8.9999999999999993E-003  0.99277243104135704        2.6941323317487611      Ca
   3.5555555555555554       0.42424242424242425       0.75000000000000000       0.97799999999999998        8.9999999999999993E-003  0.99273951473059974        2.6821394381921881      Ca
   3.5555555555555554       0.42929292929292928       0.75000000000000000       0.97799999999999998        8.9999999999999993E-003  0.99270659926550420        2.6701736043966564      Ca
   3.5555555555555554       0.43434343434343436       0.75000000000000000       0.97799999999999998        8.9999999999999993E-003  0.99267368464750416        2.6582348288197526      Ca
   3.5555555555555554       0.43939393939393939       0.75000000000000000       0.97799999999999998        8.9999999999999993E-003  0.99264077087803049        2.6463231099134101      Ca
   3.5555555555555554       0.44444444444444442       0.75000000000000000       0.97799999999999998        8.9999999999999993E-003  0.99260785795851370        2.6344384461248458      Ca
   3.5555555555555554       0.44949494949494950       0.75000000000000000       0.97799999999999998        8.9999999999999993E-003  0.99257494589038209        2.6225808358958802      Ca
   3.5555555555555554       0.45454545454545453       0.75000000000000000       0.97799999999999998        8.9999999999999993E-003  0.99254203467506319        2.6107502776634663      Ca
   3.5555555555555554       0.45959595959595961       0.75000000000000000       0.97799999999999998        8.9999999999999993E-003  0.99250912431398253        2.5989467698592534      Ca
   3.5555555555555554       0.46464646464646464       0.75000000000000000       0.97799999999999998        8.9999999999999993E-003  0.99247621480856429        2.5871703109098365      Ca
   3.5555555555555554       0.46969696969696972       0.75000000000000000       0.97799999999999998        8.9999999999999993E-003  0.99244330616023202        2.5754208992369976      Ca
   3.5555555555555554       0.47474747474747475       0.75000000000000000       0.97799999999999998        8.9999999999999993E-003  0.99241039837040601        2.5636985332568001      Ca
   3.5555555555555554       0.47979797979797978       0.75000000000000000       0.97799999999999998        8.9999999999999993E-003  0.99237749144050735        2.5520032113810225      Ca
   3.5555555555555554       0.48484848484848486       0.75000000000000000       0.97799999999999998        8.9999999999999993E-003  0.99234458537195380        2.5403349320156985      Ca
   3.5555555555555554       0.48989898989898989       0.75000000000000000       0.97799999999999998        8.9999999999999993E-003  0.99231168016616256        2.5286936935621149      Ca
   3.5555555555555554       0.49494949494949497       0.75000000000000000       0.97799999999999998        8.9999999999999993E-003  0.99227877582454971        2.5170794944166146      Ca
   3.5555555555555554       0.50000000000000000       0.75000000000000000       0.97799999999999998        8.9999999999999993E-003  0.99224587234852901        2.5054923329701739      Ca
