 kt up dp u1 d1 u2 d2
   0.0000000000000000        0.0000000000000000        0.0000000000000000        0.0000000000000000        0.0000000000000000        0.0000000000000000        0.0000000000000000     
   9.9999997764825821E-003   11.242932273054308        4.0703187734847566        10.185629422193495        3.4616546621434678        9.4924017430108840        3.1497183460386862     
   1.9999999552965164E-002   11.234322932929825        4.0672019034472147        10.178485429895966        3.4592267283145435        9.4861047525661135        3.1476289121034560     
   2.9999999329447746E-002   11.220755418408496        4.0622900078914581        10.167360130094739        3.4554457203543696        9.4763866739304259        3.1444043108491271     
   3.9999999105930328E-002   11.201096127192377        4.0551726847441749        10.151109827777743        3.4499229458212319        9.4621051953024065        3.1396655064389187     
   4.9999997019767761E-002   11.176909217266230        4.0464162116858979        10.131298599467703        3.4431899666405044        9.4448154956555737        3.1339285301025339     
   5.9999998658895493E-002   11.147104516892529        4.0356259099636436        10.106715101446074        3.4348350995025987        9.4232481186104113        3.1267721575643512     
   7.0000000298023224E-002   11.111994719639833        4.0229149851425969        10.077886242835220        3.4250374180164571        9.3980367178493704        3.1184066444248710     
   7.9999998211860657E-002   11.071623254365729        4.0082991599265982        10.044720517320703        3.4137658231456918        9.3690224986922512        3.1087793002764372     
   8.9999996125698090E-002   11.026047178024291        3.9917990908477394        10.007253011230963        3.4010322392149996        9.3362463323571330        3.0979036867896221     
   9.9999994039535522E-002   10.975320547715109        3.9734343483901235        9.9655471314803954        3.3868582154906779        9.2997576625955318        3.0857962101275387     
  0.10999999940395355        10.919523469133454        3.9532339335036246        9.9196438737339871        3.3712576846251796        9.2595777412395197        3.0724639219602530     
  0.11999999731779099        10.858720122973084        3.9312210817531588        9.8696036494464927        3.3542511778577082        9.2157658211226199        3.0579264832483957     
  0.12999999523162842        10.793019724395046        3.9074353326920748        9.8154971338750219        3.3358627146497080        9.1683766008139749        3.0422020437807422     
  0.14000000059604645        10.722484398691007        3.8818991777607583        9.7573862549362591        3.3161133416201602        9.1174595949335373        3.0253070332355922     
  0.14999999105930328        10.647233903658767        3.8546559733008499        9.6953439292746353        3.2950278399810782        9.0630805601478368        3.0072632706408928     
  0.15999999642372131        10.567360276182628        3.8257390397530373        9.6294474517479784        3.2726324789097241        9.0052975721732569        2.9880900263725008     
  0.17000000178813934        10.482978382989369        3.7951899627271213        9.5597787243454508        3.2489550933479570        8.9441869318161817        2.9678126181588649     
  0.17999999225139618        10.394194170813977        3.7630470984965276        9.4864179475591968        3.2240229399724125        8.8798034631857057        2.9464492374447757     
  0.18999999761581421        10.301143860786395        3.7293597636816047        9.4094674486034577        3.1978707953750445        8.8122406823088539        2.9240309142217940     
  0.19999998807907104        10.203933331854968        3.6941662900147514        9.3290152755930116        3.1705285832998267        8.7415614157792287        2.9005784952766298     
  0.20999999344348907        10.102702168185614        3.6575172116481913        9.2451590058591897        3.1420294660590642        8.6678488805651988        2.8761195932218775     
  0.21999999880790710        9.9975981322136303        3.6194660235421230        9.1580001333082581        3.1124079370393960        8.5911981312709660        2.8506857485716126     
  0.22999998927116394        9.8887327241979044        3.5800530925319904        9.0676434943957265        3.0816996256152955        8.5116828693677107        2.8243014165566747     
  0.23999999463558197        9.7762619405660942        3.5393348945595386        8.9741966338300507        3.0499410815792265        8.4294015945575502        2.7969992808252373     
  0.25000000000000000        9.6603391434614121        3.4973669518671402        8.8777633095875856        3.0171675677772636        8.3444346557885112        2.7688060023386165     
  0.25999999046325684        9.5410989513075410        3.4541980008417008        8.7784783476532926        2.9834249057271713        8.2568902888153755        2.7397574953102835     
  0.26999998092651367        9.4187008924937956        3.4098857961136075        8.6764255966577863        2.9487415919499762        8.1668537003189901        2.7098820325686632     
  0.28000000119209290        9.2933098472990441        3.3644900298768650        8.5717514809302990        2.9131673897387409        8.0744248313904414        2.6792127760359632     
  0.28999999165534973        9.1650622675053750        3.3180601022556484        8.4645658207793844        2.8767396222639219        7.9797127126596852        2.6477859036769087     
  0.29999998211860657        9.0341337604826144        3.2706595890108692        8.3549901892677276        2.8394996069485066        7.8828125867027463        2.6156330183773844     
  0.31000000238418579        8.9006722520307306        3.2223420442462145        8.2431477249339622        2.8014891932530097        7.7838183209590071        2.5827852667327327     
  0.31999999284744263        8.7648467989841254        3.1731686722089489        8.1291639010482690        2.7627510241121680        7.6828532669908265        2.5492835786034349     
  0.32999998331069946        8.6268199826020933        3.1231983327708472        8.0131642950299664        2.7233277778565057        7.5800135111998346        2.5151598368691030     
  0.34000000357627869        8.4867550322802643        3.0724901204507797        7.8952753336409796        2.6832624214713379        7.4753969057377088        2.4804465103111579     
  0.34999999403953552        8.3448304695212183        3.0211086660235162        7.7756251474273741        2.6425985009844806        7.3691280842378992        2.4451849542001027     
  0.35999998450279236        8.2011821957580917        2.9691031703684327        7.6543412357607927        2.6013793479148801        7.2613059883271580        2.4094079988211901     
  0.37000000476837158        8.0559876376090980        2.9165378678754101        7.5315512765004788        2.5596483544416935        7.1520384254481293        2.3731514162676319     
  0.37999999523162842        7.9094108771913767        2.8634721617771257        7.4073839812804652        2.5174492640793860        7.0414343727457940        2.3364513667570557     
  0.38999998569488525        7.7616138359788271        2.8099646730808931        7.2819668589540925        2.4748254115693240        6.9295901001320921        2.2993397940604918     
  0.39999997615814209        7.6127577130948980        2.7560737612789290        7.1554199804601382        2.4318176038275894        6.8166375559344647        2.2618604805713689     
  0.40999999642372131        7.4630135851498522        2.7018613618451450        7.0278842455218467        2.3884737265727289        6.7026722248953128        2.2240451095299281     
  0.41999998688697815        7.3125166109378652        2.6473764067986894        6.8994788271875125        2.3448342815667069        6.5878021522324275        2.1859295319266625     
  0.42999997735023499        7.1614344779172106        2.5926796046267215        6.7703280942015480        2.3009415363637480        6.4721270994924263        2.1475468501082888     
  0.43999999761581421        7.0099205946142416        2.5378264943638666        6.6405551067797361        2.2568373138058204        6.3557659731231633        2.1089365189809901     
  0.44999998807907104        6.8581272566334333        2.4828722121296867        6.5102827771646687        2.2125633864452103        6.2388176418702708        2.0701313446469962     
  0.45999997854232788        6.7062067308984341        2.4278718836603175        6.3796311058162445        2.1681605372452726        6.1213855704492968        2.0311656582188693     
  0.46999999880790710        6.5542961912424520        2.3728751704866671        6.2487221644808990        2.1236702531100211        6.0035658750875687        1.9920713524728273     
  0.47999998927116394        6.4025495258056262        2.3179377852796468        6.1176656735033585        2.0791298232365287        5.8854726768971837        1.9528862944703573     
  0.48999997973442078        6.2510929827339412        2.2631054341047441        5.9865797017091866        2.0345793741092368        5.7671990333398773        1.9136413620443169     
  0.50000000000000000        6.1000622536444009        2.2084272418808530        5.8555666517565372        1.9900537079602161        5.6488367968468758        1.8743670331807420     
  0.50999999046325684        5.9496138470859092        2.1539598699547979        5.7247656279433636        1.9456001003206693        5.5304943947891489        1.8350992856741681     
  0.51999998092651367        5.7998425244278557        2.0997376251223017        5.5942550933687789        1.9012452174025307        5.4122654088068032        1.7958691712875403     
  0.52999997138977051        5.6508963447135523        2.0458141097256139        5.4641346229311782        1.8570229004047041        5.2942254633263008        1.7567017833165155     
  0.53999996185302734        5.5028788111693219        1.9922267954060253        5.3345445911600509        1.8129808565551213        5.1764812639173892        1.7176325282366882     
  0.55000001192092896        5.3559211491461411        1.9390231901442576        5.2055540419764110        1.7691425508946905        5.0591122627982807        1.6786877694612514     
  0.56000000238418579        5.2101333040853852        1.8862430978796370        5.0772576901259869        1.7255401728667490        4.9422063535720611        1.6398966713789065     
  0.56999999284744263        5.0656036459566565        1.8339185115066827        4.9497555762802747        1.6822077219663205        4.8258473670302280        1.6012870502777845     
  0.57999998331069946        4.9224552895480196        1.7820940027101657        4.8231373268434794        1.6391756583296540        4.7101159787408813        1.5628856754965432     
  0.58999997377395630        4.7807705441624915        1.7307993702199136        4.6974966622788372        1.5964758334864930        4.5950974921410985        1.5247208519687483     
  0.59999996423721313        4.6406623461525136        1.6800755007854318        4.5729017879041169        1.5541314274727964        4.4808529387388010        1.4868128308453104     
  0.61000001430511475        4.5021939581713895        1.6299452976101856        4.4494462323310344        1.5121742266162734        4.3674617720010191        1.4491879759537984     
  0.62000000476837158        4.3654700979667194        1.5804466720329275        4.3271933133409606        1.4706257498907691        4.2549954430275410        1.4118699958187690     
  0.62999999523162842        4.2305541686048889        1.5316025780913736        4.2062222524146184        1.4295129212493018        4.1435273643155028        1.3748832497852372     
  0.63999998569488525        4.0975345492556396        1.4834450120107996        4.0866091125150312        1.3888615912014179        4.0331084086074016        1.3382446181765093     
  0.64999997615814209        3.9664662922744762        1.4359939045913426        3.9684058207528161        1.3486894075248930        3.9238071076089729        1.3019768408193051     
  0.65999996662139893        3.8374277938061865        1.3892776378682417        3.8516814546389413        1.3090198466764065        3.8156822479065298        1.2660994239665693     
  0.66999995708465576        3.7104691185812118        1.3433143369539891        3.7365051797277569        1.2698764150347746        3.7087961307585591        1.2306330400911001     
  0.68000000715255737        3.5856496670029481        1.2981255067879716        3.6229099758197063        1.2312703210069840        3.6031882105133275        1.1955907807252533     
  0.68999999761581421        3.4630119806814257        1.2537265488606357        3.5109658295266688        1.1932253500137719        3.4989163148686955        1.1609918339486962     
  0.69999998807907104        3.3426141945032577        1.2101385099518258        3.4007070641541461        1.1557531670613532        3.3960330844365179        1.1268536666897566     
  0.70999997854232788        3.2244842649818479        1.1673715112575618        3.2921845755132155        1.1188710694334192        3.2945704348392755        1.0931868690208286     
  0.71999996900558472        3.1086819279904563        1.1254471791685787        3.1854454453154193        1.0825950581662844        3.1945759043494584        1.0600072148390818     
  0.72999995946884155        2.9952059319259461        1.0843650605625414        3.0805146811421871        1.0469336322546878        3.0960879395520178        1.0273274612862047     
  0.74000000953674316        2.8841001896460776        1.0441410533675888        2.9774319605416069        1.0119002763801925        2.9991474193161696       0.99516117257152759     
  0.75000000000000000        2.7753896271177929        1.0047841816202177        2.8762351120751930       0.97750784683384551        2.9037764180219932       0.96351567329864629     
  0.75999999046325684        2.6690989784357204       0.96630339989271441        2.7769389155490880       0.94376136663216581        2.8100102230899981       0.93240267235207386     
  0.76999998092651367        2.5652412019370119       0.92870339953798120        2.6795734169568401       0.91067104710813240        2.7178759810003141       0.90183117733271123     
  0.77999997138977051        2.4638202364377642       0.89198560653962644        2.5841595150731327       0.87824399085087601        2.6273981004414151       0.87180928740196917     
  0.78999996185302734        2.3648417317872172       0.85615206633267038        2.4907298942885716       0.84649130587036159        2.5385982959556670       0.84234420776399987     
  0.79999995231628418        2.2683156701407881       0.82120639279235785        2.3992691909169732       0.81540777071451098        2.4515011309700072       0.81344408892471098     
  0.81000000238418579        2.1742474866627846       0.78715055363055964        2.3098036885577167       0.78500231804134291        2.3661115243312296       0.78511056302972637     
  0.81999999284744263        2.0826239782039093       0.75397976886416007        2.2223487812385123       0.75528017961470717        2.2824499832093439       0.75735043465931784     
  0.82999998331069946        1.9934529668738636       0.72169687035936403        2.1368987976484251       0.72623942800143948        2.2005274437780860       0.73016733259658739     
  0.83999997377395630        1.9067124321622022       0.69029388595242536        2.0534625274306109       0.69788305042088195        2.1203582175818907       0.70356600562222060     
  0.84999996423721313        1.8223878044366215       0.65976554094752415        1.9720405801934109       0.67021125405252835        2.0419383599415548       0.67754514483370909     
  0.85999995470046997        1.7404693838208236       0.63010832366393010        1.8926363081886677       0.64322517818171265        1.9652775895593382       0.65210797503923557     
  0.87000000476837158        1.6609440453121005       0.60131748241021377        1.8152341379374892       0.61691953005689448        1.8903776255961366       0.62725506668163922     
  0.87999999523162842        1.5837898358354785       0.57338506943653411        1.7398335688905591       0.59129413956302279        1.8172444496975162       0.60298840455879343     
  0.88999998569488525        1.5089710685223934       0.54629816489888827        1.6664250675951073       0.56634576669205716        1.7458653368225696       0.57930376631518821     
  0.89999997615814209        1.4364764048974672       0.52005266388869320        1.5950025070027878       0.54207232912540881        1.6762413429380048       0.55620150233608912     
  0.90999996662139893        1.3662675269299236       0.49463469399293075        1.5255423417952532       0.51846582482828540        1.6083664684449639       0.53367962186645734     
  0.91999995708465576        1.2983201225232150       0.47003545341678366        1.4580343754372207       0.49552278843959430        1.5422328627432578       0.51173551996182465     
  0.93000000715255737        1.2326074162590874       0.44624524856031472        1.3924741715245050       0.47324171221753641        1.4778353641975626       0.49036748391576068     
  0.93999999761581421        1.1690947816769361       0.42325154348278921        1.3288173228975264       0.45160750409027034        1.4151615320934974       0.46957138571647550     
  0.94999998807907104        1.1077353936306824       0.40103738590996652        1.2670560156260591       0.43061750844105628        1.3541794250469739       0.44933662674349378     
  0.95999997854232788        1.0485062874168094       0.37959446184852325        1.2071729786466583       0.41026585558282591        1.2949105091938617       0.42967032977604647     
  0.96999996900558472       0.99135949468522477       0.35890540514600339        1.1491347012849342       0.39054115668751516        1.2372984375683520       0.41055379806311393     
  0.97999995946884155       0.93626112435727449       0.33895794609461588        1.0929211027173522       0.37143658715219141        1.1813612852155475       0.39199302917019241     
  0.98999994993209839       0.88317603050131466       0.31973936068767822        1.0385058729666918       0.35294320535415108        1.1270501142520104       0.37397178478863791     
   1.0000000000000000       0.83206085995511814       0.30123395362561672       0.98586594798234073       0.33505317282067615        1.0743794874934696       0.35649489707464282     
