 gamma g3f fuua tmp 
  0.84848484848484851        0.0000000000000000        203.99293739048025        0.0000000000000000     
  0.84848484848484851        5.0505050505050509E-003   203.99410823151840        0.0000000000000000     
  0.84848484848484851        1.0101010101010102E-002   203.99527917466668        0.0000000000000000     
  0.84848484848484851        1.5151515151515152E-002   203.99645021990511        0.0000000000000000     
  0.84848484848484851        2.0202020202020204E-002   203.99762136721327        0.0000000000000000     
  0.84848484848484851        2.5252525252525252E-002   203.99879261657128        0.0000000000000000     
  0.84848484848484851        3.0303030303030304E-002   203.99996396795868        0.0000000000000000     
  0.84848484848484851        3.5353535353535352E-002   204.00113542135520        0.0000000000000000     
  0.84848484848484851        4.0404040404040407E-002   204.00230697674070        0.0000000000000000     
  0.84848484848484851        4.5454545454545456E-002   204.00347863409482        0.0000000000000000     
  0.84848484848484851        5.0505050505050504E-002   204.00465039339718        0.0000000000000000     
  0.84848484848484851        5.5555555555555552E-002   204.00582225462742        0.0000000000000000     
  0.84848484848484851        6.0606060606060608E-002   204.00699421776537        0.0000000000000000     
  0.84848484848484851        6.5656565656565663E-002   204.00816628279054        0.0000000000000000     
  0.84848484848484851        7.0707070707070704E-002   204.00933844968242        0.0000000000000000     
  0.84848484848484851        7.5757575757575760E-002   204.01051071842070        0.0000000000000000     
  0.84848484848484851        8.0808080808080815E-002   204.01168308898488        0.0000000000000000     
  0.84848484848484851        8.5858585858585856E-002   204.01285556135454        0.0000000000000000     
  0.84848484848484851        9.0909090909090912E-002   204.01402813550916        0.0000000000000000     
  0.84848484848484851        9.5959595959595953E-002   204.01520081142823        0.0000000000000000     
  0.84848484848484851       0.10101010101010101        204.01637358909122        0.0000000000000000     
  0.84848484848484851       0.10606060606060606        204.01754646847758        0.0000000000000000     
  0.84848484848484851       0.11111111111111110        204.01871944956679        0.0000000000000000     
  0.84848484848484851       0.11616161616161616        204.01989253233808        0.0000000000000000     
  0.84848484848484851       0.12121212121212122        204.02106571677112        0.0000000000000000     
  0.84848484848484851       0.12626262626262627        204.02223900284500        0.0000000000000000     
  0.84848484848484851       0.13131313131313133        204.02341239053925        0.0000000000000000     
  0.84848484848484851       0.13636363636363635        204.02458587983315        0.0000000000000000     
  0.84848484848484851       0.14141414141414141        204.02575947070608        0.0000000000000000     
  0.84848484848484851       0.14646464646464646        204.02693316313716        0.0000000000000000     
  0.84848484848484851       0.15151515151515152        204.02810695710585        0.0000000000000000     
  0.84848484848484851       0.15656565656565657        204.02928085259128        0.0000000000000000     
  0.84848484848484851       0.16161616161616163        204.03045484957275        0.0000000000000000     
  0.84848484848484851       0.16666666666666666        204.03162894802946        0.0000000000000000     
  0.84848484848484851       0.17171717171717171        204.03280314794063        0.0000000000000000     
  0.84848484848484851       0.17676767676767677        204.03397744928540        0.0000000000000000     
  0.84848484848484851       0.18181818181818182        204.03515185204296        0.0000000000000000     
  0.84848484848484851       0.18686868686868688        204.03632635619238        0.0000000000000000     
  0.84848484848484851       0.19191919191919191        204.03750096171299        0.0000000000000000     
  0.84848484848484851       0.19696969696969696        204.03867566858366        0.0000000000000000     
  0.84848484848484851       0.20202020202020202        204.03985047678364        0.0000000000000000     
  0.84848484848484851       0.20707070707070707        204.04102538629192        0.0000000000000000     
  0.84848484848484851       0.21212121212121213        204.04220039708770        0.0000000000000000     
  0.84848484848484851       0.21717171717171718        204.04337550914983        0.0000000000000000     
  0.84848484848484851       0.22222222222222221        204.04455072245739        0.0000000000000000     
  0.84848484848484851       0.22727272727272727        204.04572603698946        0.0000000000000000     
  0.84848484848484851       0.23232323232323232        204.04690145272500        0.0000000000000000     
  0.84848484848484851       0.23737373737373738        204.04807696964292        0.0000000000000000     
  0.84848484848484851       0.24242424242424243        204.04925258772229        0.0000000000000000     
  0.84848484848484851       0.24747474747474749        204.05042830694194        0.0000000000000000     
  0.84848484848484851       0.25252525252525254        204.05160412728083        0.0000000000000000     
  0.84848484848484851       0.25757575757575757        204.05278004871784        0.0000000000000000     
  0.84848484848484851       0.26262626262626265        204.05395607123202        0.0000000000000000     
  0.84848484848484851       0.26767676767676768        204.05513219480204        0.0000000000000000     
  0.84848484848484851       0.27272727272727271        204.05630841940683        0.0000000000000000     
  0.84848484848484851       0.27777777777777779        204.05748474502525        0.0000000000000000     
  0.84848484848484851       0.28282828282828282        204.05866117163615        0.0000000000000000     
  0.84848484848484851       0.28787878787878790        204.05983769921829        0.0000000000000000     
  0.84848484848484851       0.29292929292929293        204.06101432775054        0.0000000000000000     
  0.84848484848484851       0.29797979797979796        204.06219105721163        0.0000000000000000     
  0.84848484848484851       0.30303030303030304        204.06336788758034        0.0000000000000000     
  0.84848484848484851       0.30808080808080807        204.06454481883546        0.0000000000000000     
  0.84848484848484851       0.31313131313131315        204.06572185095564        0.0000000000000000     
  0.84848484848484851       0.31818181818181818        204.06689898391954        0.0000000000000000     
  0.84848484848484851       0.32323232323232326        204.06807621770616        0.0000000000000000     
  0.84848484848484851       0.32828282828282829        204.06925355229390        0.0000000000000000     
  0.84848484848484851       0.33333333333333331        204.07043098766161        0.0000000000000000     
  0.84848484848484851       0.33838383838383840        204.07160852378780        0.0000000000000000     
  0.84848484848484851       0.34343434343434343        204.07278616065130        0.0000000000000000     
  0.84848484848484851       0.34848484848484851        204.07396389823066        0.0000000000000000     
  0.84848484848484851       0.35353535353535354        204.07514173650446        0.0000000000000000     
  0.84848484848484851       0.35858585858585856        204.07631967545143        0.0000000000000000     
  0.84848484848484851       0.36363636363636365        204.07749771505001        0.0000000000000000     
  0.84848484848484851       0.36868686868686867        204.07867585527885        0.0000000000000000     
  0.84848484848484851       0.37373737373737376        204.07985409611655        0.0000000000000000     
  0.84848484848484851       0.37878787878787878        204.08103243754167        0.0000000000000000     
  0.84848484848484851       0.38383838383838381        204.08221087953271        0.0000000000000000     
  0.84848484848484851       0.38888888888888890        204.08338942206822        0.0000000000000000     
  0.84848484848484851       0.39393939393939392        204.08456806512669        0.0000000000000000     
  0.84848484848484851       0.39898989898989901        204.08574680868662        0.0000000000000000     
  0.84848484848484851       0.40404040404040403        204.08692565272645        0.0000000000000000     
  0.84848484848484851       0.40909090909090912        204.08810459722477        0.0000000000000000     
  0.84848484848484851       0.41414141414141414        204.08928364215993        0.0000000000000000     
  0.84848484848484851       0.41919191919191917        204.09046278751049        0.0000000000000000     
  0.84848484848484851       0.42424242424242425        204.09164203325491        0.0000000000000000     
  0.84848484848484851       0.42929292929292928        204.09282137937140        0.0000000000000000     
  0.84848484848484851       0.43434343434343436        204.09400082583858        0.0000000000000000     
  0.84848484848484851       0.43939393939393939        204.09518037263473        0.0000000000000000     
  0.84848484848484851       0.44444444444444442        204.09636001973826        0.0000000000000000     
  0.84848484848484851       0.44949494949494950        204.09753976712761        0.0000000000000000     
  0.84848484848484851       0.45454545454545453        204.09871961478115        0.0000000000000000     
  0.84848484848484851       0.45959595959595961        204.09989956267714        0.0000000000000000     
  0.84848484848484851       0.46464646464646464        204.10107961079396        0.0000000000000000     
  0.84848484848484851       0.46969696969696972        204.10225975910993        0.0000000000000000     
  0.84848484848484851       0.47474747474747475        204.10344000760341        0.0000000000000000     
  0.84848484848484851       0.47979797979797978        204.10462035625267        0.0000000000000000     
  0.84848484848484851       0.48484848484848486        204.10580080503598        0.0000000000000000     
  0.84848484848484851       0.48989898989898989        204.10698135393159        0.0000000000000000     
  0.84848484848484851       0.49494949494949497        204.10816200291796        0.0000000000000000     
  0.84848484848484851       0.50000000000000000        204.10934275197306        0.0000000000000000     
