 gamma g3f pt DY-RATIO error R_dy tmp element 
  0.84848484848484851        0.0000000000000000        1.2500000000000000       0.98299999999999998        1.0999999999999999E-002  0.99519275635637916        1.2286223765787174      Fe
  0.84848484848484851        5.0505050505050509E-003   1.2500000000000000       0.98299999999999998        1.0999999999999999E-002  0.99641996486277795        1.4883922059354981      Fe
  0.84848484848484851        1.0101010101010102E-002   1.2500000000000000       0.98299999999999998        1.0999999999999999E-002  0.99720825646894862        1.6683847263423197      Fe
  0.84848484848484851        1.5151515151515152E-002   1.2500000000000000       0.98299999999999998        1.0999999999999999E-002  0.99797334668783211        1.8529017440827540      Fe
  0.84848484848484851        2.0202020202020204E-002   1.2500000000000000       0.98299999999999998        1.0999999999999999E-002  0.99871341439040007        2.0405900149126643      Fe
  0.84848484848484851        2.5252525252525252E-002   1.2500000000000000       0.98299999999999998        1.0999999999999999E-002  0.99941883446844038        2.2279183909260025      Fe
  0.84848484848484851        3.0303030303030304E-002   1.2500000000000000       0.98299999999999998        1.0999999999999999E-002   1.0001016683865704        2.4170831537539126      Fe
  0.84848484848484851        3.5353535353535352E-002   1.2500000000000000       0.98299999999999998        1.0999999999999999E-002   1.0011341895508494        2.7177589311251009      Fe
  0.84848484848484851        4.0404040404040407E-002   1.2500000000000000       0.98299999999999998        1.0999999999999999E-002   1.0017265034646532        2.8981977852204026      Fe
  0.84848484848484851        4.5454545454545456E-002   1.2500000000000000       0.98299999999999998        1.0999999999999999E-002   1.0022734129919550        3.0699541186649775      Fe
  0.84848484848484851        5.0505050505050504E-002   1.2500000000000000       0.98299999999999998        1.0999999999999999E-002   1.0027748680929576        3.2317802321807609      Fe
  0.84848484848484851        5.5555555555555552E-002   1.2500000000000000       0.98299999999999998        1.0999999999999999E-002   1.0033883575872298        3.4354142570640538      Fe
  0.84848484848484851        6.0606060606060608E-002   1.2500000000000000       0.98299999999999998        1.0999999999999999E-002   1.0038321754401878        3.5866077154608522      Fe
  0.84848484848484851        6.5656565656565663E-002   1.2500000000000000       0.98299999999999998        1.0999999999999999E-002   1.0042339052471432        3.7262705127657458      Fe
  0.84848484848484851        7.0707070707070704E-002   1.2500000000000000       0.98299999999999998        1.0999999999999999E-002   1.0045876623755796        3.8514641887769954      Fe
  0.84848484848484851        7.5757575757575760E-002   1.2500000000000000       0.98299999999999998        1.0999999999999999E-002   1.0054504438375371        4.1654746157223910      Fe
  0.84848484848484851        8.0808080808080815E-002   1.2500000000000000       0.98299999999999998        1.0999999999999999E-002   1.0057635638581930        4.2824780126118247      Fe
  0.84848484848484851        8.5858585858585856E-002   1.2500000000000000       0.98299999999999998        1.0999999999999999E-002   1.0060366736378055        4.3858539859071248      Fe
  0.84848484848484851        9.0909090909090912E-002   1.2500000000000000       0.98299999999999998        1.0999999999999999E-002   1.0062886881018283        4.4823387892912212      Fe
  0.84848484848484851        9.5959595959595953E-002   1.2500000000000000       0.98299999999999998        1.0999999999999999E-002   1.0064859966173032        4.5586118769254398      Fe
  0.84848484848484851       0.10101010101010101        1.2500000000000000       0.98299999999999998        1.0999999999999999E-002   1.0071766912197402        4.8306809779724205      Fe
  0.84848484848484851       0.10606060606060606        1.2500000000000000       0.98299999999999998        1.0999999999999999E-002   1.0073562047156843        4.9026835384489589      Fe
  0.84848484848484851       0.11111111111111110        1.2500000000000000       0.98299999999999998        1.0999999999999999E-002   1.0079671181690097        5.1517106583908880      Fe
  0.84848484848484851       0.11616161616161616        1.2500000000000000       0.98299999999999998        1.0999999999999999E-002   1.0080524599945337        5.1869896841133434      Fe
  0.84848484848484851       0.12121212121212122        1.2500000000000000       0.98299999999999998        1.0999999999999999E-002   1.0085664883928318        5.4020275102545812      Fe
  0.84848484848484851       0.12626262626262627        1.2500000000000000       0.98299999999999998        1.0999999999999999E-002   1.0085658290670190        5.4017488916035781      Fe
  0.84848484848484851       0.13131313131313133        1.2500000000000000       0.98299999999999998        1.0999999999999999E-002   1.0088691655556601        5.5306919549268674      Fe
  0.84848484848484851       0.13636363636363635        1.2500000000000000       0.98299999999999998        1.0999999999999999E-002   1.0088347912896074        5.5160036444427716      Fe
  0.84848484848484851       0.14141414141414141        1.2500000000000000       0.98299999999999998        1.0999999999999999E-002   1.0089000062839777        5.5438869876866512      Fe
  0.84848484848484851       0.14646464646464646        1.2500000000000000       0.98299999999999998        1.0999999999999999E-002   1.0088520899793350        5.5233930272696830      Fe
  0.84848484848484851       0.15151515151515152        1.2500000000000000       0.98299999999999998        1.0999999999999999E-002   1.0087261934658289        5.4697275226550390      Fe
  0.84848484848484851       0.15656565656565657        1.2500000000000000       0.98299999999999998        1.0999999999999999E-002   1.0085911943186356        5.4124729475551234      Fe
  0.84848484848484851       0.16161616161616163        1.2500000000000000       0.98299999999999998        1.0999999999999999E-002   1.0084303940524089        5.3446689393453966      Fe
  0.84848484848484851       0.16666666666666666        1.2500000000000000       0.98299999999999998        1.0999999999999999E-002   1.0082612777656650        5.2738194574717445      Fe
  0.84848484848484851       0.17171717171717171        1.2500000000000000       0.98299999999999998        1.0999999999999999E-002   1.0080421702536493        5.1827296777913876      Fe
  0.84848484848484851       0.17676767676767677        1.2500000000000000       0.98299999999999998        1.0999999999999999E-002   1.0078353811261347        5.0974888899203963      Fe
  0.84848484848484851       0.18181818181818182        1.2500000000000000       0.98299999999999998        1.0999999999999999E-002   1.0075715245059316        4.9897505499636079      Fe
  0.84848484848484851       0.18686868686868688        1.2500000000000000       0.98299999999999998        1.0999999999999999E-002   1.0072953201857422        4.8782031646920077      Fe
  0.84848484848484851       0.19191919191919191        1.2500000000000000       0.98299999999999998        1.0999999999999999E-002   1.0070197220288883        4.7681574078104516      Fe
  0.84848484848484851       0.19696969696969696        1.2500000000000000       0.98299999999999998        1.0999999999999999E-002   1.0067000506459540        4.6420859555436911      Fe
  0.84848484848484851       0.20202020202020202        1.2500000000000000       0.98299999999999998        1.0999999999999999E-002   1.0063905046256592        4.5216174102725875      Fe
  0.84848484848484851       0.20707070707070707        1.2500000000000000       0.98299999999999998        1.0999999999999999E-002   1.0059958154364061        4.3703101453326951      Fe
  0.84848484848484851       0.21212121212121213        1.2500000000000000       0.98299999999999998        1.0999999999999999E-002   1.0056577549464398        4.2427591670489200      Fe
  0.84848484848484851       0.21717171717171718        1.2500000000000000       0.98299999999999998        1.0999999999999999E-002   1.0052511117613321        4.0918345009528245      Fe
  0.84848484848484851       0.22222222222222221        1.2500000000000000       0.98299999999999998        1.0999999999999999E-002   1.0048695249104491        3.9526952050310356      Fe
  0.84848484848484851       0.22727272727272727        1.2500000000000000       0.98299999999999998        1.0999999999999999E-002   1.0044477967088170        3.8017188732458052      Fe
  0.84848484848484851       0.23232323232323232        1.2500000000000000       0.98299999999999998        1.0999999999999999E-002   1.0040066804720511        3.6469473095442475      Fe
  0.84848484848484851       0.23737373737373738        1.2500000000000000       0.98299999999999998        1.0999999999999999E-002   1.0035333818600733        3.4844609141453713      Fe
  0.84848484848484851       0.24242424242424243        1.2500000000000000       0.98299999999999998        1.0999999999999999E-002   1.0031073499030103        3.3413679348933023      Fe
  0.84848484848484851       0.24747474747474749        1.2500000000000000       0.98299999999999998        1.0999999999999999E-002   1.0026165115201942        3.1802274729083519      Fe
  0.84848484848484851       0.25252525252525254        1.2500000000000000       0.98299999999999998        1.0999999999999999E-002   1.0021235556253267        3.0223998326856725      Fe
  0.84848484848484851       0.25757575757575757        1.2500000000000000       0.98299999999999998        1.0999999999999999E-002   1.0016046476586045        2.8606025991803072      Fe
  0.84848484848484851       0.26262626262626265        1.2500000000000000       0.98299999999999998        1.0999999999999999E-002   1.0010944217001592        2.7058520385387728      Fe
  0.84848484848484851       0.26767676767676768        1.2500000000000000       0.98299999999999998        1.0999999999999999E-002   1.0005711786177363        2.5516224629453914      Fe
  0.84848484848484851       0.27272727272727271        1.2500000000000000       0.98299999999999998        1.0999999999999999E-002  0.99997164213569201        2.3804680725784868      Fe
  0.84848484848484851       0.27777777777777779        1.2500000000000000       0.98299999999999998        1.0999999999999999E-002  0.99943532136888202        2.2323949462680215      Fe
  0.84848484848484851       0.28282828282828282        1.2500000000000000       0.98299999999999998        1.0999999999999999E-002  0.99885823180663713        2.0783761655622981      Fe
  0.84848484848484851       0.28787878787878790        1.2500000000000000       0.98299999999999998        1.0999999999999999E-002  0.99826055202907471        1.9246648614222872      Fe
  0.84848484848484851       0.29292929292929293        1.2500000000000000       0.98299999999999998        1.0999999999999999E-002  0.99765888332266706        1.7758914071699736      Fe
  0.84848484848484851       0.29797979797979796        1.2500000000000000       0.98299999999999998        1.0999999999999999E-002  0.99705421081367496        1.6324036495472607      Fe
  0.84848484848484851       0.30303030303030304        1.2500000000000000       0.98299999999999998        1.0999999999999999E-002  0.99643127100234030        1.4909011631265114      Fe
  0.84848484848484851       0.30808080808080807        1.2500000000000000       0.98299999999999998        1.0999999999999999E-002  0.99591001650591060        1.3774258362221863      Fe
  0.84848484848484851       0.31313131313131315        1.2500000000000000       0.98299999999999998        1.0999999999999999E-002  0.99525418768876084        1.2410340157965132      Fe
  0.84848484848484851       0.31818181818181818        1.2500000000000000       0.98299999999999998        1.0999999999999999E-002  0.99459525287407480        1.1111561092044646      Fe
  0.84848484848484851       0.32323232323232326        1.2500000000000000       0.98299999999999998        1.0999999999999999E-002  0.99390643174165161       0.98305994491988480      Fe
  0.84848484848484851       0.32828282828282829        1.2500000000000000       0.98299999999999998        1.0999999999999999E-002  0.99321517403036530       0.86239487992272701      Fe
  0.84848484848484851       0.33333333333333331        1.2500000000000000       0.98299999999999998        1.0999999999999999E-002  0.99253977780363078       0.75212694663344548      Fe
  0.84848484848484851       0.33838383838383840        1.2500000000000000       0.98299999999999998        1.0999999999999999E-002  0.99183602398049608       0.64525057672646402      Fe
  0.84848484848484851       0.34343434343434343        1.2500000000000000       0.98299999999999998        1.0999999999999999E-002  0.99112094294696462       0.54503896155251819      Fe
  0.84848484848484851       0.34848484848484851        1.2500000000000000       0.98299999999999998        1.0999999999999999E-002  0.99041629609814730       0.45455741996194265      Fe
  0.84848484848484851       0.35353535353535354        1.2500000000000000       0.98299999999999998        1.0999999999999999E-002  0.98929797988018520       0.32780620306791519      Fe
  0.84848484848484851       0.35858585858585856        1.2500000000000000       0.98299999999999998        1.0999999999999999E-002  0.98856100408755154       0.25557658232863750      Fe
  0.84848484848484851       0.36363636363636365        1.2500000000000000       0.98299999999999998        1.0999999999999999E-002  0.98781740031268217       0.19179624605479684      Fe
  0.84848484848484851       0.36868686868686867        1.2500000000000000       0.98299999999999998        1.0999999999999999E-002  0.98705128545073029       0.13564391572974402      Fe
  0.84848484848484851       0.37373737373737376        1.2500000000000000       0.98299999999999998        1.0999999999999999E-002  0.98630349510597826        9.0190743101011508E-002 Fe
  0.84848484848484851       0.37878787878787878        1.2500000000000000       0.98299999999999998        1.0999999999999999E-002  0.98553359476907054        5.3050433502989193E-002 Fe
  0.84848484848484851       0.38383838383838381        1.2500000000000000       0.98299999999999998        1.0999999999999999E-002  0.98474277036376534        2.5101227610072982E-002 Fe
  0.84848484848484851       0.38888888888888890        1.2500000000000000       0.98299999999999998        1.0999999999999999E-002  0.98396415982029839        7.6826790006434068E-003 Fe
  0.84848484848484851       0.39393939393939392        1.2500000000000000       0.98299999999999998        1.0999999999999999E-002  0.98315951484129682        2.1028912887566259E-004 Fe
  0.84848484848484851       0.39898989898989901        1.2500000000000000       0.98299999999999998        1.0999999999999999E-002  0.98237018639099993        3.2782246453030581E-003 Fe
  0.84848484848484851       0.40404040404040403        1.2500000000000000       0.98299999999999998        1.0999999999999999E-002  0.98155127626331684        1.7345458390323733E-002 Fe
  0.84848484848484851       0.40909090909090912        1.2500000000000000       0.98299999999999998        1.0999999999999999E-002  0.98074852784655109        4.1893610394676144E-002 Fe
  0.84848484848484851       0.41414141414141414        1.2500000000000000       0.98299999999999998        1.0999999999999999E-002  0.97990276484882721        7.9279880840167169E-002 Fe
  0.84848484848484851       0.41919191919191917        1.2500000000000000       0.98299999999999998        1.0999999999999999E-002  0.97908127750449969       0.12691228096479376      Fe
  0.84848484848484851       0.42424242424242425        1.2500000000000000       0.98299999999999998        1.0999999999999999E-002  0.97824156407615581       0.18712985488703102      Fe
  0.84848484848484851       0.42929292929292928        1.2500000000000000       0.98299999999999998        1.0999999999999999E-002  0.97738973131963680       0.26012491459391790      Fe
  0.84848484848484851       0.43434343434343436        1.2500000000000000       0.98299999999999998        1.0999999999999999E-002  0.97655031195329811       0.34378905702288459      Fe
  0.84848484848484851       0.43939393939393939        1.2500000000000000       0.98299999999999998        1.0999999999999999E-002  0.97567366579996051       0.44359646950965337      Fe
  0.84848484848484851       0.44444444444444442        1.2500000000000000       0.98299999999999998        1.0999999999999999E-002  0.97481396164588929       0.55381176805761401      Fe
  0.84848484848484851       0.44949494949494950        1.2500000000000000       0.98299999999999998        1.0999999999999999E-002  0.97405813041246547       0.66080191504524499      Fe
  0.84848484848484851       0.45454545454545453        1.2500000000000000       0.98299999999999998        1.0999999999999999E-002  0.97319669490639105       0.79425446907751207      Fe
  0.84848484848484851       0.45959595959595961        1.2500000000000000       0.98299999999999998        1.0999999999999999E-002  0.97232002103187298       0.94266075007962902      Fe
  0.84848484848484851       0.46464646464646464        1.2500000000000000       0.98299999999999998        1.0999999999999999E-002  0.97143935536800985        1.1045330934476227      Fe
  0.84848484848484851       0.46969696969696972        1.2500000000000000       0.98299999999999998        1.0999999999999999E-002  0.97054635178466930        1.2817632551339595      Fe
  0.84848484848484851       0.47474747474747475        1.2500000000000000       0.98299999999999998        1.0999999999999999E-002  0.96964186294132071        1.4747093031277738      Fe
  0.84848484848484851       0.47979797979797978        1.2500000000000000       0.98299999999999998        1.0999999999999999E-002  0.96875667154614520        1.6766314499536317      Fe
  0.84848484848484851       0.48484848484848486        1.2500000000000000       0.98299999999999998        1.0999999999999999E-002  0.96783895438359835        1.8996471420050520      Fe
  0.84848484848484851       0.48989898989898989        1.2500000000000000       0.98299999999999998        1.0999999999999999E-002  0.96696817733635221        2.1241267596582691      Fe
  0.84848484848484851       0.49494949494949497        1.2500000000000000       0.98299999999999998        1.0999999999999999E-002  0.96604639368156142        2.3754112991785123      Fe
  0.84848484848484851       0.50000000000000000        1.2500000000000000       0.98299999999999998        1.0999999999999999E-002  0.96519072135527995        2.6212430235147210      Fe
