 pt up dp u1 d1 u2 d2
   0.0000000000000000        0.0000000000000000        0.0000000000000000        0.0000000000000000        0.0000000000000000        0.0000000000000000        0.0000000000000000     
   9.9999997764825821E-003  0.63840352573992709       0.30328187232144777       0.40232381811982987       0.19758533837697126       0.40232381811982987       0.19758533837697126     
   1.9999999552965164E-002  0.63755775954901672       0.30288008012641210       0.40194364736828209       0.19739863263596744       0.40194364736828209       0.19739863263596744     
   2.9999999329447746E-002  0.63609797120214928       0.30218658874489462       0.40126758147355629       0.19706660976643209       0.40126758147355629       0.19706660976643209     
   3.9999999105930328E-002  0.63409331963305504       0.30123425302506557       0.40035002121275698       0.19661598654591650       0.40035002121275698       0.19661598654591650     
   4.9999997019767761E-002  0.63150693196182572       0.30000555602723750       0.39915787628822347       0.19603051199109367       0.39915787628822347       0.19603051199109367     
   5.9999998658895493E-002  0.62838008619702002       0.29852010740457896       0.39772113329344599       0.19532491282445594       0.39772113329344599       0.19532491282445594     
   7.0000000298023224E-002  0.62468886040030380       0.29676654273011727       0.39601568218429128       0.19448734835695200       0.39601568218429128       0.19448734835695200     
   7.9999998211860657E-002  0.62047939324657964       0.29476678077959018       0.39407389437626478       0.19353371652153584       0.39407389437626478       0.19353371652153584     
   8.9999996125698090E-002  0.61572576398634671       0.29250850756486341       0.39186859851345840       0.19245067318766057       0.39186859851345840       0.19245067318766057     
   9.9999994039535522E-002  0.61046499721891945       0.29000931210189584       0.38942328533191306       0.19124975489584467       0.38942328533191306       0.19124975489584467     
  0.10999999940395355       0.60472336863678300       0.28728167699908780       0.38675205170962207       0.18993788476692511       0.38675205170962207       0.18993788476692511     
  0.11999999731779099       0.59848706132685670       0.28431903835273264       0.38383565497012861       0.18850561252585499       0.38383565497012861       0.18850561252585499     
  0.12999999523162842       0.59179184372050242       0.28113838841991606       0.38069477444263800       0.18696309400252714       0.38069477444263800       0.18696309400252714     
  0.14000000059604645       0.58465605090730732       0.27774843752267520       0.37733535726995826       0.18531324989954731       0.37733535726995826       0.18531324989954731     
  0.14999999105930328       0.57710845437348379       0.27416285392858114       0.37377142460187901       0.18356296614685763       0.37377142460187901       0.18356296614685763     
  0.15999999642372131       0.56914852998544252       0.27038138864117683       0.36999269568611765       0.18170719376195460       0.36999269568611765       0.18170719376195460     
  0.17000000178813934       0.56081052784124208       0.26642031261362414       0.36601692455624701       0.17975465193215195       0.36601692455624701       0.17975465193215195     
  0.17999999225139618       0.55211790731445054       0.26229077052550737       0.36186075347218544       0.17771351384136083       0.36186075347218544       0.17771351384136083     
  0.18999999761581421       0.54309242443262307       0.25800309785980080       0.35751233236553071       0.17557795979989474       0.35751233236553071       0.17557795979989474     
  0.19999998807907104       0.53375722410746307       0.25356828990690150       0.35299143071498679       0.17335769880076660       0.35299143071498679       0.17335769880076660     
  0.20999999344348907       0.52413665161282030       0.24899791220480827       0.34830791714839154       0.17105757742795430       0.34830791714839154       0.17105757742795430     
  0.21999999880790710       0.51425480863482287       0.24430341457201407       0.34346931675269549       0.16868129132855711       0.34346931675269549       0.16868129132855711     
  0.22999998927116394       0.50413653396481717       0.23949659699840298       0.33848445847790021       0.16623317649014283       0.33848445847790021       0.16623317649014283     
  0.23999999463558197       0.49380668299383373       0.23458926735975427       0.33336252776764763       0.16371774397794883       0.33336252776764763       0.16371774397794883     
  0.25000000000000000       0.48328969622475632       0.22959303643385387       0.32811275324553518       0.16113952606332985       0.32811275324553518       0.16113952606332985     
  0.25999999046325684       0.47261036974403942       0.22451968392307317       0.32274499332370488       0.15850336431323112       0.32274499332370488       0.15850336431323112     
  0.26999998092651367       0.46179324660643040       0.21938086932379069       0.31726875805401439       0.15581392921130180       0.31726875805401439       0.15581392921130180     
  0.28000000119209290       0.45086214199035235       0.21418790634529930       0.31169349052608303       0.15307585835535176       0.31169349052608303       0.15307585835535176     
  0.28999999165534973       0.43984112718622015       0.20895223036621469       0.30602898083166197       0.15029395975948370       0.30602898083166197       0.15029395975948370     
  0.29999998211860657       0.42875317328648316       0.20368475410184309       0.30028456633052902       0.14747281909650209       0.30028456633052902       0.14747281909650209     
  0.31000000238418579       0.41762109357420607       0.19839631529809762       0.29447022019666769       0.14461733429406443       0.29447022019666769       0.14461733429406443     
  0.31999999284744263       0.40646718109429614       0.19309750455500860       0.28859490415738615       0.14173190654803103       0.28859490415738615       0.14173190654803103     
  0.32999998331069946       0.39531253862485838       0.18779834702092926       0.28266848298186376       0.13882138054735230       0.28266848298186376       0.13882138054735230     
  0.34000000357627869       0.38417785395307025       0.18250867069739268       0.27669967868423873       0.13589003976230118       0.27669967868423873       0.13589003976230118     
  0.34999999403953552       0.37308327752317916       0.17723804831420512       0.27069786896326725       0.13294248967656619       0.27069786896326725       0.13294248967656619     
  0.35999998450279236       0.36204746337167049       0.17199534171326350       0.26467217618843275       0.12998321037902102       0.26467217618843275       0.12998321037902102     
  0.37000000476837158       0.35108867828209323       0.16678922876693650       0.25863084917558582       0.12701625294742352       0.25863084917558582       0.12701625294742352     
  0.37999999523162842       0.34022390786887408       0.16162777871159012       0.25258279775887599       0.12404599309237317       0.25258279775887599       0.12404599309237317     
  0.38999998569488525       0.32946940224999299       0.15651871137646617       0.24653609451381359       0.12107639533819566       0.24653609451381359       0.12107639533819566     
  0.39999997615814209       0.31884043404111262       0.15146928221565736       0.24049887039696236       0.11811145288074859       0.24049887039696236       0.11811145288074859     
  0.40999999642372131       0.30835094839563415       0.14648611605509684       0.23447877669612541       0.11515492334565991       0.23447877669612541       0.11515492334565991     
  0.41999998688697815       0.29801433968870084       0.14157557606636567       0.22848343441713770       0.11221054948677320       0.22848343441713770       0.11221054948677320     
  0.42999997735023499       0.28784250750052520       0.13674331529933131       0.22251985722035136       0.10928177578435894       0.22251985722035136       0.10928177578435894     
  0.43999999761581421       0.27784660041515219       0.13199463003339479       0.21659523687962826       0.10637213419205285       0.21659523687962826       0.10637213419205285     
  0.44999998807907104       0.26803682376069593       0.12733436844199686       0.21071581406463827       0.10348468956650232       0.21071581406463827       0.10348468956650232     
  0.45999997854232788       0.25842201832807976       0.12276673045749403       0.20488803070196474       0.10062260560368154       0.20488803070196474       0.10062260560368154     
  0.46999999880790710       0.24901037063523521       0.11829560519137426       0.19911798679317944        9.7788878076697949E-002  0.19911798679317944        9.7788878076697949E-002
  0.47999998927116394       0.23980882986115248       0.11392429394121874       0.19341096911780428        9.4986103376999517E-002  0.19341096911780428        9.4986103376999517E-002
  0.48999997973442078       0.23082363497368788       0.10965576060960058       0.18777258649083423        9.2217036050946014E-002  0.18777258649083423        9.2217036050946014E-002
  0.50000000000000000       0.22205976597103141       0.10549237100923005       0.18220741436684473        8.9483923151035455E-002  0.18220741436684473        8.9483923151035455E-002
  0.50999999046325684       0.21352170171903323       0.10143625288340105       0.17672025920994211        8.6789125180907284E-002  0.17672025920994211        8.6789125180907284E-002
  0.51999998092651367       0.20521252828696446        9.7488872309334410E-002  0.17131562693751146        8.4134855042634654E-002  0.17131562693751146        8.4134855042634654E-002
  0.52999997138977051       0.19713513746396424        9.3651603068955008E-002  0.16599690977700871        8.1522778693785866E-002  0.16599690977700871        8.1522778693785866E-002
  0.53999996185302734       0.18929124012769882        8.9925257936881095E-002  0.16076796480831659        7.8954790385706380E-002  0.16076796480831659        7.8954790385706380E-002
  0.55000001192092896       0.18168164743073265        8.6310222261655675E-002  0.15563217435256269        7.6432551210865687E-002  0.15563217435256269        7.6432551210865687E-002
  0.56000000238418579       0.17430688670067901        8.2806746557098673E-002  0.15059221829183211        7.3957377286740844E-002  0.15059221829183211        7.3957377286740844E-002
  0.56999999284744263       0.16716637934353754        7.9414555954628416E-002  0.14565098597604589        7.1530687602604295E-002  0.14565098597604589        7.1530687602604295E-002
  0.57999998331069946       0.16025925345898276        7.6133236246689981E-002  0.14081047042833733        6.9153460952483023E-002  0.14081047042833733        6.9153460952483023E-002
  0.58999997377395630       0.15358375574052302        7.2961954502301959E-002  0.13607281667507140        6.6826750780744765E-002  0.13607281667507140        6.6826750780744765E-002
  0.59999996423721313       0.14713788232264111        6.9899758759168332E-002  0.13143986523006271        6.4551460982531908E-002  0.13143986523006271        6.4551460982531908E-002
  0.61000001430511475       0.14091879373579466        6.6945300090467119E-002  0.12691269289907242        6.2328120388157340E-002  0.12691269289907242        6.2328120388157340E-002
  0.62000000476837158       0.13492352975993241        6.4097172205281314E-002  0.12249263459814817        6.0157384588533522E-002  0.12249263459814817        6.0157384588533522E-002
  0.62999999523162842       0.12914858871103499        6.1353711583215349E-002  0.11818065646277234        5.8039728062668591E-002  0.11818065646277234        5.8039728062668591E-002
  0.63999998569488525       0.12358993401419098        5.8713000597019976E-002  0.11397715551798464        5.5975345793616807E-002  0.11397715551798464        5.5975345793616807E-002
  0.64999997615814209       0.11824346650483887        5.6173091885421411E-002  0.10988258906604993        5.3964462367193496E-002  0.10988258906604993        5.3964462367193496E-002
  0.65999996662139893       0.11310452261894928        5.3731769961860569E-002  0.10589687649275882        5.2007038192936630E-002  0.10589687649275882        5.2007038192936630E-002
  0.66999995708465576       0.10816845156549040        5.1386825407756437E-002  0.10202004639462682        5.0103087314887260E-002  0.10202004639462682        5.0103087314887260E-002
  0.68000000715255737       0.10343008970154768        4.9135805167591737E-002   9.8251883001103518E-002   4.8252503765923077E-002   9.8251883001103518E-002   4.8252503765923077E-002
  0.68999999761581421        9.8884437972780181E-002   4.6976334375784919E-002   9.4591637855379773E-002   4.6454919971256690E-002   9.4591637855379773E-002   4.6454919971256690E-002
  0.69999998807907104        9.4525999259476051E-002   4.4905801554342414E-002   9.1038838322828927E-002   4.4710103815193247E-002   9.1038838322828927E-002   4.4710103815193247E-002
  0.70999997854232788        9.0349279879390468E-002   4.2921596858283631E-002   8.7592326499659839E-002   4.3017486639348443E-002   8.7592326499659839E-002   4.3017486639348443E-002
  0.71999996900558472        8.6349112191453942E-002   4.1021265332715946E-002   8.4251178746341387E-002   4.1376614834909946E-002   8.4251178746341387E-002   4.1376614834909946E-002
  0.72999995946884155        8.2519335542893937E-002   3.9201880279661892E-002   8.1014183501101580E-002   3.9786893391510661E-002   8.1014183501101580E-002   3.9786893391510661E-002
  0.74000000953674316        7.8854848730548946E-002   3.7461018306418382E-002   7.7879974321857184E-002   3.8247651235480129E-002   7.7879974321857184E-002   3.8247651235480129E-002
  0.75000000000000000        7.5349479159694463E-002   3.5795747041828758E-002   7.4847230028766976E-002   3.6758239521897253E-002   7.4847230028766976E-002   3.6758239521897253E-002
  0.75999999046325684        7.1998121554687045E-002   3.4203641158504668E-002   7.1914286122336135E-002   3.5317840798050830E-002   7.1914286122336135E-002   3.5317840798050830E-002
  0.76999998092651367        6.8794618590267004E-002   3.2681775539246748E-002   6.9079158992158524E-002   3.3925480892600189E-002   6.9079158992158524E-002   3.3925480892600189E-002
  0.77999997138977051        6.5733783734353221E-002   3.1227686254742343E-002   6.6340372875601031E-002   3.2580435043435524E-002   6.6340372875601031E-002   3.2580435043435524E-002
  0.78999996185302734        6.2810084609245045E-002   2.9838745077232907E-002   6.3695799658618268E-002   3.1281658112002175E-002   6.3695799658618268E-002   3.1281658112002175E-002
  0.79999995231628418        6.0017988307484026E-002   2.8512323527291730E-002   6.1143602003933074E-002   3.0028247763187844E-002   6.1143602003933074E-002   3.0028247763187844E-002
  0.81000000238418579        5.7352282321522362E-002   2.7245945335623811E-002   5.8681858690573456E-002   2.8819260465740452E-002   5.8681858690573456E-002   2.8819260465740452E-002
  0.81999999284744263        5.4807676569139353E-002   2.6037097380080039E-002   5.6308282774053406E-002   2.7653573077852947E-002   5.6308282774053406E-002   2.7653573077852947E-002
  0.82999998331069946        5.2379180689657225E-002   2.4883408925116375E-002   5.4020852556263169E-002   2.6530192722924038E-002   5.4020852556263169E-002   2.6530192722924038E-002
  0.83999997377395630        5.0061708077150567E-002   2.3782463512635955E-002   5.1817404836041449E-002   2.5448057030758045E-002   5.1817404836041449E-002   2.5448057030758045E-002
  0.84999996423721313        4.7850546633148971E-002   2.2732022599164254E-002   4.9695860830506915E-002   2.4406145089839081E-002   4.9695860830506915E-002   2.4406145089839081E-002
  0.85999995470046997        4.5740886552023977E-002   2.1729801224174446E-002   4.7653778581341219E-002   2.3403257629482831E-002   4.7653778581341219E-002   2.3403257629482831E-002
  0.87000000476837158        4.3728116816471534E-002   2.0773608864110674E-002   4.5689217397246781E-002   2.2438441556361485E-002   4.5689217397246781E-002   2.2438441556361485E-002
  0.87999999523162842        4.1808224522728518E-002   1.9861539137009752E-002   4.3799713104177393E-002   2.1510486689419812E-002   4.3799713104177393E-002   2.1510486689419812E-002
  0.88999998569488525        3.9976425600428113E-002   1.8991319308214495E-002   4.1982971238287807E-002   2.0618266194016549E-002   4.1982971238287807E-002   2.0618266194016549E-002
  0.89999997615814209        3.8229131744321486E-002   1.8161244706791219E-002   4.0236879476849959E-002   1.9760742686874389E-002   4.0236879476849959E-002   1.9760742686874389E-002
  0.90999996662139893        3.6561879945728924E-002   1.7369195122600115E-002   3.8559219614660536E-002   1.8936826784750400E-002   3.8559219614660536E-002   1.8936826784750400E-002
  0.91999995708465576        3.4971225765122869E-002   1.6613534229983642E-002   3.6947899785574133E-002   1.8145491150804115E-002   3.6947899785574133E-002   1.8145491150804115E-002
  0.93000000715255737        3.3453476060565056E-002   1.5892507553979446E-002   3.5400509487566172E-002   1.7385551962858542E-002   3.5400509487566172E-002   1.7385551962858542E-002
  0.93999999761581421        3.2005033483724334E-002   1.5204406127620272E-002   3.3915023008880801E-002   1.6656014373169912E-002   3.3915023008880801E-002   1.6656014373169912E-002
  0.94999998807907104        3.0622658116576051E-002   1.4547690785840402E-002   3.2489414542021089E-002   1.5955883486974999E-002   3.2489414542021089E-002   1.5955883486974999E-002
  0.95999997854232788        2.9303027447775139E-002   1.3920783126546248E-002   3.1121371753091754E-002   1.5284023693468405E-002   3.1121371753091754E-002   1.5284023693468405E-002
  0.96999996900558472        2.8043199152854890E-002   1.3322285360350327E-002   2.9809123414510464E-002   1.4639565124684438E-002   2.9809123414510464E-002   1.4639565124684438E-002
  0.97999995946884155        2.6840132136046583E-002   1.2750752775277402E-002   2.8550129728357031E-002   1.4021260459910641E-002   2.8550129728357031E-002   1.4021260459910641E-002
  0.98999994993209839        2.5691151950380530E-002   1.2204914840618196E-002   2.7343216925537848E-002   1.3428533249150516E-002   2.7343216925537848E-002   1.3428533249150516E-002
   1.0000000000000000        2.4593485195553565E-002   1.1683454016599273E-002   2.6185710125680078E-002   1.2860069831318714E-002   2.6185710125680078E-002   1.2860069831318714E-002
