 pt up dp u1 d1 u2 d2
   0.0000000000000000        0.0000000000000000        0.0000000000000000        0.0000000000000000        0.0000000000000000        0.0000000000000000        0.0000000000000000     
   9.9999997764825821E-003   1.3378197830411287       0.64744686274028063       0.76658030685420631       0.36854067126786977       0.76658030685420631       0.36854067126786977     
   1.9999999552965164E-002   1.3353595589004592       0.64625622075568245       0.76559029554947566       0.36806471404910768       0.76559029554947566       0.36806471404910768     
   2.9999999329447746E-002   1.3311234560215746       0.64420613033696794       0.76382378314866062       0.36721544664662098       0.76382378314866062       0.36721544664662098     
   3.9999999105930328E-002   1.3254335387215499       0.64145245667191086       0.76144809003952707       0.36607330990590636       0.76144809003952707       0.36607330990590636     
   4.9999997019767761E-002   1.3179841475703808       0.63784727382793693       0.75837947997904542       0.36459804684287500       0.75837947997904542       0.36459804684287500     
   5.9999998658895493E-002   1.3089360907565899       0.63346840600713927       0.75464593458550933       0.36280310988292441       0.75464593458550933       0.36280310988292441     
   7.0000000298023224E-002   1.2983194983325939       0.62833043485060314       0.75025597066307170       0.36069259355951933       0.75025597066307170       0.36069259355951933     
   7.9999998211860657E-002   1.2861709825356042       0.62245107909624953       0.74522023732337728       0.35827161753294606       0.74522023732337728       0.35827161753294606     
   8.9999996125698090E-002   1.2725359211128027       0.61585229960937671       0.73955265711317242       0.35554687519811529       0.73955265711317242       0.35554687519811529     
   9.9999994039535522E-002   1.2574599035870888       0.60855615974556643       0.73326573930650540       0.35252438050583301       0.73326573930650540       0.35252438050583301     
  0.10999999940395355        1.2409973682649114       0.60058900528858394       0.72637934044211683       0.34921367967330691       0.72637934044211683       0.34921367967330691     
  0.11999999731779099        1.2232054223084234       0.59197847363282774       0.71890486799342013       0.34562025695035692       0.71890486799342013       0.34562025695035692     
  0.12999999523162842        1.2041404411114369       0.58275184802849433       0.71086379104159458       0.34175443379909015       0.71086379104159458       0.34175443379909015     
  0.14000000059604645        1.1838722555814736       0.57294292361194632       0.70227798154760890       0.33762672536985006       0.70227798154760890       0.33762672536985006     
  0.14999999105930328        1.1624677906960432       0.56258408917521552       0.69316392349383393       0.33324505649174324       0.69316392349383393       0.33324505649174324     
  0.15999999642372131        1.1399942251870918       0.55170785631649455       0.68354593471519021       0.32862111819195317       0.68354593471519021       0.32862111819195317     
  0.17000000178813934        1.1165278123725051       0.54035112834074639       0.67344706908847596       0.32376599383794169       0.67344706908847596       0.32376599383794169     
  0.17999999225139618        1.0921477342762980       0.52855222591992068       0.66289297833622096       0.31869201573586969       0.66289297833622096       0.31869201573586969     
  0.18999999761581421        1.0669239336933638       0.51634499833902514       0.65190497587864649       0.31340943051237802       0.65190497587864649       0.31340943051237802     
  0.19999998807907104        1.0409389930570936       0.50376941192094948       0.64051039736784432       0.30793138003855597       0.64051039736784432       0.30793138003855597     
  0.20999999344348907        1.0142756053450013       0.49086548648715167       0.62873681503975287       0.30227111992539379       0.62873681503975287       0.30227111992539379     
  0.21999999880790710       0.98700779164725150       0.47766904504100843       0.61660798072613932       0.29644006908875137       0.61660798072613932       0.29644006908875137     
  0.22999998927116394       0.95921926660213930       0.46422060184357028       0.60415256464916389       0.29045201100679241       0.60415256464916389       0.29045201100679241     
  0.23999999463558197       0.93099018757411922       0.45055894958933901       0.59139925994001663       0.28432074017141079       0.59139925994001663       0.28432074017141079     
  0.25000000000000000       0.90240444490589256       0.43672468757269228       0.57837322189080465       0.27805835022518627       0.57837322189080465       0.27805835022518627     
  0.25999999046325684       0.87353226688463559       0.42275180324454448       0.56510363392981522       0.27167887137494096       0.56510363392981522       0.27167887137494096     
  0.26999998092651367       0.84445540432786204       0.40867986046169891       0.55161950075729815       0.26519624790231633       0.55161950075729815       0.26519624790231633     
  0.28000000119209290       0.81524959159885824       0.39454551137755756       0.53794631899203216       0.25862273754588988       0.53794631899203216       0.25862273754588988     
  0.28999999165534973       0.78599115482385629       0.38038569453317067       0.52411304197900810       0.25197225989778110       0.52411304197900810       0.25197225989778110     
  0.29999998211860657       0.75674713193216003       0.36623285338434786       0.51014811524600268       0.24525849041222184       0.51014811524600268       0.24525849041222184     
  0.31000000238418579       0.72758898894506918       0.35212157439173947       0.49607656212144530       0.23849345928901544       0.49607656212144530       0.23849345928901544     
  0.31999999284744263       0.69858502347393459       0.33808491064273555       0.48192626251423554       0.23169057005581420       0.48192626251423554       0.23169057005581420     
  0.32999998331069946       0.66979509545489591       0.32415183175517953       0.46772436354600011       0.22486287394591725       0.46772436354600011       0.22486287394591725     
  0.34000000357627869       0.64128272126843688       0.31035307690769459       0.45349462487348824       0.21802179363711782       0.45349462487348824       0.21802179363711782     
  0.34999999403953552       0.61310580789096081       0.29671667057015250       0.43926315900727525       0.21117988296374918       0.43926315900727525       0.21117988296374918     
  0.35999998450279236       0.58531192854116609       0.28326563612102806       0.42505514294216723       0.20434924600216672       0.42505514294216723       0.20434924600216672     
  0.37000000476837158       0.55795997683367782       0.27002847552038173       0.41089242024494355       0.19754038425194156       0.41089242024494355       0.19754038425194156     
  0.37999999523162842       0.53109070684536963       0.25702491197723709       0.39679944104714887       0.19076505234309932       0.39679944104714887       0.19076505234309932     
  0.38999998569488525       0.50474763494706754       0.24427600553131337       0.38279548632438687       0.18403251978547241       0.38279548632438687       0.18403251978547241     
  0.39999997615814209       0.47881256286075491       0.23172455333268038       0.36890534937407693       0.17735470618929894       0.36890534937407693       0.17735470618929894     
  0.40999999642372131       0.45363927867960380       0.21954177350346735       0.35514714832689681       0.17074032201580824       0.35514714832689681       0.17074032201580824     
  0.41999998688697815       0.42909680740715289       0.20766427981510138       0.34154002415876250       0.16419856946866998       0.34154002415876250       0.16419856946866998     
  0.42999997735023499       0.40521821521518131       0.19610807486333837       0.32810198057817536       0.15773810399957966       0.32810198057817536       0.15773810399957966     
  0.43999999761581421       0.38202415477953006       0.18488315364926097       0.31484829202451897       0.15136626893850902       0.31484829202451897       0.15136626893850902     
  0.44999998807907104       0.35953733313496100       0.17400050539473969       0.30179836703126905       0.14509239511993416       0.30179836703126905       0.14509239511993416     
  0.45999997854232788       0.33777144906913931       0.16346675972000441       0.28896529419093897       0.13892277500744632       0.28896529419093897       0.13892277500744632     
  0.46999999880790710       0.31674501903604896       0.15329087778723302       0.27636278090843508       0.13286399856449818       0.27636278090843508       0.13286399856449818     
  0.47999998927116394       0.29646382283739064       0.14347565677024968       0.26400357561058829       0.12692219471683944       0.26400357561058829       0.12692219471683944     
  0.48999997973442078       0.27693972060794642       0.13402683646088104       0.25189673034950816       0.12110171532340865       0.25189673034950816       0.12110171532340865     
  0.50000000000000000       0.25817226600146803       0.12494420084686450       0.24005763761404444       0.11540996046756652       0.24005763761404444       0.11540996046756652     
  0.50999999046325684       0.24016878091014707       0.11623129340706723       0.22849323199084065       0.10985026401687227       0.22849323199084065       0.10985026401687227     
  0.51999998092651367       0.22292059530394015       0.10788391822226062       0.21721180336817403       0.10442661141285506       0.21721180336817403       0.10442661141285506     
  0.52999997138977051       0.20642951354930703        9.9902948527703275E-002  0.20621917229223413        9.9141800937678853E-002  0.20621917229223413        9.9141800937678853E-002
  0.53999996185302734       0.19068484773828601        9.2283211838605134E-002  0.19552442096329650        9.4000198944295954E-002  0.19552442096329650        9.4000198944295954E-002
  0.55000001192092896       0.17568218276050174        8.5022571432668420E-002  0.18513124828933217        8.9003583717400775E-002  0.18513124828933217        8.9003583717400775E-002
  0.56000000238418579       0.16140686944306820        7.8113937744357445E-002  0.17504399894132444        8.4154043998311487E-002  0.17504399894132444        8.4154043998311487E-002
  0.56999999284744263       0.14785170623273219        7.1553825533642146E-002  0.16526586493596770        7.9453114378987597E-002  0.16526586493596770        7.9453114378987597E-002
  0.57999998331069946       0.13499589850470414        6.5332171102293390E-002  0.15579790734140514        7.4901304977889230E-002  0.15579790734140514        7.4901304977889230E-002
  0.58999997377395630       0.12282902699009884        5.9443931975205241E-002  0.14664418954842248        7.0500569308241931E-002  0.14664418954842248        7.0500569308241931E-002
  0.59999996423721313       0.11133009268000223        5.3878945541079720E-002  0.13780401585621754        6.6250572905361016E-002  0.13780401585621754        6.6250572905361016E-002
  0.61000001430511475       0.10048468150479102        4.8630236014182940E-002  0.12927712095357619        6.2151188218392071E-002  0.12927712095357619        6.2151188218392071E-002
  0.62000000476837158        9.0269835432020787E-002   4.3686692700631413E-002  0.12106262982047980        5.8201994573255797E-002  0.12106262982047980        5.8201994573255797E-002
  0.62999999523162842        8.0669212842503793E-002   3.9040406964142856E-002  0.11315878349202557        5.4402146331079891E-002  0.11315878349202557        5.4402146331079891E-002
  0.63999998569488525        7.1659363371860157E-002   3.4680029843489175E-002  0.10556197338991967        5.0749908634009591E-002  0.10556197338991967        5.0749908634009591E-002
  0.64999997615814209        6.3220369035692586E-002   3.0595921896442439E-002   9.8271599996448772E-002   4.7244993258282172E-002   9.8271599996448772E-002   4.7244993258282172E-002
  0.65999996662139893        5.5327916225415941E-002   2.6776316388947681E-002   9.1282790541619627E-002   4.3885057574027914E-002   9.1282790541619627E-002   4.3885057574027914E-002
  0.66999995708465576        4.7963606417310137E-002   2.3212309231969472E-002   8.4591349074781025E-002   4.0668084338623178E-002   8.4591349074781025E-002   4.0668084338623178E-002
  0.68000000715255737        4.1101528879126971E-002   1.9891360752737269E-002   7.8192521224696346E-002   3.7591787843510853E-002   7.8192521224696346E-002   3.7591787843510853E-002
  0.68999999761581421        3.4723089055252114E-002   1.6804471991264600E-002   7.2081197165878019E-002   3.4653711492169406E-002   7.2081197165878019E-002   3.4653711492169406E-002
  0.69999998807907104        2.8803533084917024E-002   1.3939663150497794E-002   6.6250591629809397E-002   3.1850593203129482E-002   6.6250591629809397E-002   3.1850593203129482E-002
  0.70999997854232788        2.3322126037031560E-002   1.1286899421373902E-002   6.0696967463275166E-002   2.9180636304936843E-002   6.0696967463275166E-002   2.9180636304936843E-002
  0.71999996900558472        1.8254641087420528E-002   8.8344560697357476E-003   5.5412857904551374E-002   2.6640251081871888E-002   5.5412857904551374E-002   2.6640251081871888E-002
  0.72999995946884155        1.3583039522477228E-002   6.5736031390670321E-003   5.0391593409084279E-002   2.4226231087845451E-002   5.0391593409084279E-002   2.4226231087845451E-002
  0.74000000953674316        9.2827155430397126E-003   4.4924324877222161E-003   4.5626253464115932E-002   2.1935249221450771E-002   4.5626253464115932E-002   2.1935249221450771E-002
  0.75000000000000000        5.3347933246324954E-003   2.5818090337620062E-003   4.1109746359095589E-002   1.9763896076336839E-002   4.1109746359095589E-002   1.9763896076336839E-002
  0.75999999046325684        1.7234965290153111E-003   8.3409771241245369E-004   3.6831937886342883E-002   1.7707299537125867E-002   3.6831937886342883E-002   1.7707299537125867E-002
  0.76999998092651367       -1.5796046619747102E-003  -7.6446027763219545E-004   3.2792622654978343E-002   1.5765360860226410E-002   3.2792622654978343E-002   1.5765360860226410E-002
  0.77999997138977051       -4.5890577689952387E-003  -2.2209053066294449E-003   2.8976298720024246E-002   1.3930627340218167E-002   2.8976298720024246E-002   1.3930627340218167E-002
  0.78999996185302734       -7.3215560707210322E-003  -3.5433161988303809E-003   2.5380374909658027E-002   1.2201853246948214E-002   2.5380374909658027E-002   1.2201853246948214E-002
  0.79999995231628418       -9.7981095079157487E-003  -4.7418608560752104E-003   2.1995405470064816E-002   1.0574497445690787E-002   2.1995405470064816E-002   1.0574497445690787E-002
  0.81000000238418579       -1.2034060863687477E-002  -5.8239645212216822E-003   1.8812583757554971E-002   9.0443260599061149E-003   1.8812583757554971E-002   9.0443260599061149E-003
  0.81999999284744263       -1.4041428646493371E-002  -6.7954436320995524E-003   1.5826196695924055E-002   7.6085924746335598E-003   1.5826196695924055E-002   7.6085924746335598E-003
  0.82999998331069946       -1.5844343497455678E-002  -7.6679763744319446E-003   1.3027474853414140E-002   6.2630807033184866E-003   1.3027474853414140E-002   6.2630807033184866E-003
  0.83999997377395630       -1.7453392843471718E-002  -8.4466866045230411E-003   1.0408706461005047E-002   5.0040832406859324E-003   1.0408706461005047E-002   5.0040832406859324E-003
  0.84999996423721313       -1.8881118163030907E-002  -9.1376438550595535E-003   7.9622463276250999E-003   3.8279245894340184E-003   7.9622463276250999E-003   3.8279245894340184E-003
  0.85999995470046997       -2.0144180802689364E-002  -9.7489114965294780E-003   5.6821561314617563E-003   2.7317498456636397E-003   5.6821561314617563E-003   2.7317498456636397E-003
  0.87000000476837158       -2.1253697390189830E-002  -1.0285869495537775E-002   3.5578171474725086E-003   1.7104539577315566E-003   3.5578171474725086E-003   1.7104539577315566E-003
  0.87999999523162842       -2.2220102006337811E-002  -1.0753567495518314E-002   1.5810187594691811E-003   7.6008959490875998E-004   1.5810187594691811E-003   7.6008959490875998E-004
  0.88999998569488525       -2.3055361885568559E-002  -1.1157797119893736E-002  -2.5036716072281552E-004  -1.2036636038155815E-004  -2.5036716072281552E-004  -1.2036636038155815E-004
  0.89999997615814209       -2.3773709603387171E-002  -1.1505446319101314E-002  -1.9458848284574352E-003  -9.3550237917349756E-004  -1.9458848284574352E-003  -9.3550237917349756E-004
  0.90999996662139893       -2.4381005611735476E-002  -1.1799351298190505E-002  -3.5123791188529600E-003  -1.6886091993692611E-003  -3.5123791188529600E-003  -1.6886091993692611E-003
  0.91999995708465576       -2.4889820094279910E-002  -1.2045595481911094E-002  -4.9565311720664411E-003  -2.3828988417529296E-003  -4.9565311720664411E-003  -2.3828988417529296E-003
  0.93000000715255737       -2.5307362679493781E-002  -1.2247668018349965E-002  -6.2872292606489435E-003  -3.0226444267048447E-003  -6.2872292606489435E-003  -3.0226444267048447E-003
  0.93999999761581421       -2.5640260836460062E-002  -1.2408776315649819E-002  -7.5059161089169697E-003  -3.6085395574695753E-003  -7.5059161089169697E-003  -3.6085395574695753E-003
  0.94999998807907104       -2.5896775348748288E-002  -1.2532918235461220E-002  -8.6196333752391035E-003  -4.1439695773422885E-003  -8.6196333752391035E-003  -4.1439695773422885E-003
  0.95999997854232788       -2.6087514589073251E-002  -1.2625227770957164E-002  -9.6372324590666743E-003  -4.6331898796148378E-003  -9.6372324590666743E-003  -4.6331898796148378E-003
  0.96999996900558472       -2.6214960641355270E-002  -1.2686906143309440E-002  -1.0562915945905886E-002  -5.0782208966797821E-003  -1.0562915945905886E-002  -5.0782208966797821E-003
  0.97999995946884155       -2.6288355633899776E-002  -1.2722426142539657E-002  -1.1402150138753325E-002  -5.4816906049640710E-003  -1.1402150138753325E-002  -5.4816906049640710E-003
  0.98999994993209839       -2.6311771145138739E-002  -1.2733758236356236E-002  -1.2160197653120684E-002  -5.8461290562260709E-003  -1.2160197653120684E-002  -5.8461290562260709E-003
   1.0000000000000000       -2.6288852151012048E-002  -1.2722666435328491E-002  -1.2844455369590309E-002  -6.1750923701713173E-003  -1.2844455369590309E-002  -6.1750923701713173E-003
