 pt up dp u1 d1 u2 d2
   0.0000000000000000        0.0000000000000000        0.0000000000000000        0.0000000000000000        0.0000000000000000        0.0000000000000000        0.0000000000000000     
   9.9999997764825821E-003   3.4987229917750375        3.4987229917750375        3.1580382794793991        2.2694138115037785        2.9627798662878124        2.1290981786665650     
   1.9999999552965164E-002   3.4932659152830396        3.4932659152830396        3.1538537069164625        2.2664067147148401        2.9590932001474601        2.1264488849225076     
   2.9999999329447746E-002   3.4844212161466586        3.4844212161466586        3.1471330368241976        2.2615771400928186        2.9531983820456973        2.1222127799634976     
   3.9999999105930328E-002   3.4721092734519163        3.4721092734519163        3.1377818079346960        2.2548572063496897        2.9449985503092413        2.1163202575341034     
   4.9999997019767761E-002   3.4560571249196674        3.4560571249196674        3.1254987840015236        2.2460304405875067        2.9341901612714136        2.1085531865894795     
   5.9999998658895493E-002   3.4368463283417028        3.4368463283417028        3.1108722567245808        2.2355195980710216        2.9213523339743772        2.0993277307845566     
   7.0000000298023224E-002   3.4141022431484362        3.4141022431484362        3.0934851428056778        2.2230249564683096        2.9060636657599952        2.0883410638303679     
   7.9999998211860657E-002   3.3882274704648321        3.3882274704648321        3.0737309264850934        2.2088292794732980        2.8887077238330949        2.0758688228900022     
   8.9999996125698090E-002   3.3591762483812242        3.3591762483812242        3.0515285521594677        2.1928743193101647        2.8691947646737543        2.0618465169201028     
   9.9999994039535522E-002   3.3267908661440919        3.3267908661440919        3.0266773835056817        2.1750158956990950        2.8473157213454958        2.0461239072752870     
  0.10999999940395355        3.2914233121658265        3.2914233121658265        2.9995058237445349        2.1554900041344696        2.8233859028461672        2.0289275797443529     
  0.11999999731779099        3.2532739520888510        3.2532739520888510        2.9701813020339851        2.1344169617277022        2.7975601198206625        2.0103687835854149     
  0.12999999523162842        3.2121848473818861        3.2121848473818861        2.9384925529286412        2.1116449499518377        2.7696156272137404        1.9902874508511996     
  0.14000000059604645        3.1685570708439852        3.1685570708439852        2.9048114662132694        2.0874412144002448        2.7399087714909105        1.9689396574720610     
  0.14999999105930328        3.1222300686550954        3.1222300686550954        2.8689194021787192        2.0616486372891103        2.7082081299362288        1.9461590996032105     
  0.15999999642372131        3.0735014086091592        3.0735014086091592        2.8310753733102367        2.0344533488864527        2.6747564307234173        1.9221202053614537     
  0.17000000178813934        3.0225316346158846        3.0225316346158846        2.7914750656925604        2.0059959721563101        2.6397330253251567        1.8969518594128998     
  0.17999999225139618        2.9694276886017024        2.9694276886017024        2.7499892021847532        1.9761836066005956        2.6029697728518690        1.8705332331850930     
  0.18999999761581421        2.9143364477939571        2.9143364477939571        2.7068425942538203        1.9451778051211597        2.5647213950816674        1.8430473735793556     
  0.19999998807907104        2.8574096539780904        2.8574096539780904        2.6621120164894370        1.9130337390930015        2.5250263532423438        1.8145219194125282     
  0.20999999344348907        2.7988012544050265        2.7988012544050265        2.6159060993478711        1.8798294719960387        2.4839714446020458        1.7850192445071182     
  0.21999999880790710        2.7386672852331224        2.7386672852331224        2.5683268826261716        1.8456383311633322        2.4416454710949602        1.7546031632688135     
  0.22999998927116394        2.6771664200148324        2.6771664200148324        2.5194815223106946        1.8105373204985420        2.3981387469872928        1.7233385768878333     
  0.23999999463558197        2.6144529756175325        2.6144529756175325        2.4694802349744180        1.7746056432889090        2.3535439018721096        1.6912920503831088     
  0.25000000000000000        2.5506837140542071        2.5506837140542071        2.4184362176747256        1.7379246446426067        2.3079505764352177        1.6585280008998564     
  0.25999999046325684        2.4860209608114192        2.4860209608114192        2.3664516010618568        1.7005677171811628        2.2614530928773160        1.6251142097903115     
  0.26999998092651367        2.4206146542532130        2.4206146542532130        2.3136398668368447        1.6626164105619576        2.2141424136579193        1.5911160440461571     
  0.28000000119209290        2.3546187230485018        2.3546187230485018        2.2601100459359196        1.6241490760558315        2.1661153641805022        1.5566030838587992     
  0.28999999165534973        2.2881849464187707        2.2881849464187707        2.2059741095606573        1.5852461778525331        2.1174627933948780        1.5216406146501418     
  0.29999998211860657        2.2214575592545645        2.2214575592545645        2.1513323779010123        1.5459798075495979        2.0682764636373472        1.4862945782153576     
  0.31000000238418579        2.1545807564765034        2.1545807564765034        2.0962969470189190        1.5064305190633069        2.0186471691549102        1.4506302206660884     
  0.31999999284744263        2.0876938955442008        2.0876938955442008        2.0409638138802602        1.4666672972573456        1.9686633110620029        1.4147110683729174     
  0.32999998331069946        2.0209293663471617        2.0209293663471617        1.9854413556496162        1.4267680235924185        1.9184187926554506        1.3786046016574529     
  0.34000000357627869        1.9544206810016418        1.9544206810016418        1.9298296339245937        1.3868046038377115        1.8679930908339466        1.3423679338146053     
  0.34999999403953552        1.8882882444827875        1.8882882444827875        1.8742197215352341        1.3468424842988276        1.8174735923324359        1.3060638622665961     
  0.35999998450279236        1.8226510270179908        1.8226510270179908        1.8187078787282032        1.3069508390369873        1.7669424952590993        1.2697514558104042     
  0.37000000476837158        1.7576194379716712        1.7576194379716712        1.7633868210411396        1.2671962948321847        1.7164781276236707        1.2334870021320523     
  0.37999999523162842        1.6933052558438697        1.6933052558438697        1.7083385792242076        1.2276378002154140        1.6661610826148021        1.1973284167092020     
  0.38999998569488525        1.6298013596829473        1.6298013596829473        1.6536489285239233        1.1883369945690672        1.6160642500551587        1.1613280792648473     
  0.39999997615814209        1.5672017441473318        1.5672017441473318        1.5993998188961520        1.1493527683641389        1.5662593515192429        1.1255375300012760     
  0.40999999642372131        1.5055953672257820        1.5055953672257820        1.5456618156381807        1.1107358308847173        1.5168169684268131        1.0900074897884262     
  0.41999998688697815        1.4450615538995795        1.4450615538995795        1.4925115933571225        1.0725412816568307        1.4677954025374016        1.0547798551476855     
  0.42999997735023499        1.3856712198697254        1.3856712198697254        1.4400118484376903        1.0348141752456232        1.4192674507314764        1.0199069390123845     
  0.43999999761581421        1.3274911150599160        1.3274911150599160        1.3882244967243786       0.99759900530830115        1.3712845071953568       0.98542567401789327     
  0.44999998807907104        1.2705796774251195        1.2705796774251195        1.3372181234727301       0.96094505824117094        1.3239062320113777       0.95137893279679719     
  0.45999997854232788        1.2149940517094606        1.2149940517094606        1.2870393446557535       0.92488583298364468        1.2771776660658241       0.91779908240749686     
  0.46999999880790710        1.1607748986497100        1.1607748986497100        1.2377426256018222       0.88946046913996946        1.2311551294295244       0.88472659530006559     
  0.47999998927116394        1.1079632394555883        1.1079632394555883        1.1893702672311746       0.85469936478772657        1.1858825756752860       0.85219305717308202     
  0.48999997973442078        1.0565949446789611        1.0565949446789611        1.1419679772963391       0.82063536620543120        1.1413977305915748       0.82022557834561782     
  0.50000000000000000        1.0066969291819179        1.0066969291819179        1.0955692238499570       0.78729252403914318        1.0977401796132331       0.78885260550660208     
  0.50999999046325684       0.95828978710533830       0.95828978710533830        1.0502096961912339       0.75469648515611731        1.0549419056891640       0.75809712208421143     
  0.51999998092651367       0.91139023396795371       0.91139023396795371        1.0059204420652494       0.72286956093299493        1.0130407863539155       0.72798634744453283     
  0.52999997138977051       0.86600794561016303       0.86600794561016303       0.96272291650300701       0.69182716927778609       0.97205833969259559       0.69853574480720571     
  0.53999996185302734       0.82215259533158147       0.82215259533158147       0.92064223157090752       0.66158735609914754       0.93202197605499915       0.66976501166190450     
  0.55000001192092896       0.77982005964218137       0.77982005964218137       0.87968916868568692       0.63215786908532257       0.89294667267560623       0.64168491087461610     
  0.56000000238418579       0.73900787026787285       0.73900787026787285       0.83988572556952179       0.60355451613036060       0.85485727443679682       0.61431329635154241     
  0.56999999284744263       0.69970990306687819       0.69970990306687819       0.80124078105199104       0.57578367769475414       0.81776708010621335       0.58765972478715267     
  0.57999998331069946       0.66191476437508934       0.66191476437508934       0.76375781282662625       0.54884785290138827       0.78168467269219233       0.56173036406034571     
  0.58999997377395630       0.62560239880255819       0.62560239880255819       0.72744387503345120       0.52275211096139329       0.74662021979191451       0.53653252075939917     
  0.59999996423721313       0.59075912232826788       0.59075912232826788       0.69229625126207939       0.49749449982140481       0.71258106039067837       0.51207146878954179     
  0.61000001430511475       0.55735555620148758       0.55735555620148758       0.65831563815702299       0.47307552010064774       0.67956503699329918       0.48834565774228106     
  0.62000000476837158       0.52537564091819344       0.52537564091819344       0.62549411563340196       0.44948948030699265       0.64757926706161772       0.46536020233275860     
  0.62999999523162842       0.49478730927501913       0.49478730927501913       0.59382692210886145       0.42673295869573402       0.61662083754747832       0.44311300920074986     
  0.63999998569488525       0.46555669095023217       0.46555669095023217       0.56330076053341704       0.40479639980673582       0.58668294657743048       0.42159919041767857     
  0.64999997615814209       0.43766013930835251       0.43766013930835251       0.53390237092316650       0.38367027481610760       0.55775862950964317       0.40081374108716222     
  0.65999996662139893       0.41105851281673766       0.41105851281673766       0.50562597580502411       0.36335043194478267       0.52984739255300917       0.38075630636348246     
  0.66999995708465576       0.38571741296595402       0.38571741296595402       0.47844256844430189       0.34381602651688958       0.50292792866253544       0.36141157468360274     
  0.68000000715255737       0.36160379191618092       0.36160379191618092       0.45234244329208961       0.32506008397898811       0.47699384635628378       0.34277495303246019     
  0.68999999761581421       0.33867676095346844       0.33867676095346844       0.42730515390151935       0.30706791120680021       0.45203724187240640       0.32484076164790049     
  0.69999998807907104       0.31689873714072531       0.31689873714072531       0.40330652584268545       0.28982213609135782       0.42803228157563011       0.30759043609102216     
  0.70999997854232788       0.29623290860513174       0.29623290860513174       0.38032685010678685       0.27330859544247033       0.40496996569167870       0.29101750898865286     
  0.71999996900558472       0.27663848497915111       0.27663848497915111       0.35833979792206588       0.25750836900870860       0.38283191670040295       0.27510877397837641     
  0.72999995946884155       0.25807942231962910       0.25807942231962910       0.33732352556151790       0.24240575955927071       0.36159699615965596       0.25984904065769604     
  0.74000000953674316       0.24051267619982153       0.24051267619982153       0.31724983770338672       0.22798050551182186       0.34124476113463859       0.24522361842615795     
  0.75000000000000000       0.22389990290084158       0.22389990290084158       0.29809560329613527       0.21421598454478580       0.32176185740360475       0.23122291073913920     
  0.75999999046325684       0.20820526505893294       0.20820526505893294       0.27983140624103919       0.20109105780713554       0.30311693930623596       0.21782439213362689     
  0.76999998092651367       0.19338660214028230       0.19338660214028230       0.26242948550330464       0.18858577580168137       0.28529317466953485       0.20501596675691139     
  0.77999997138977051       0.17940655871361597       0.17940655871361597       0.24586983191590603       0.17668575964001698       0.26827281697108601       0.19278488169103877     
  0.78999996185302734       0.16622948966655932       0.16622948966655932       0.23011425311860553       0.16536356371757743       0.25202359443934308       0.18110794595553720     
  0.79999995231628418       0.15381709084480055       0.15381709084480055       0.21514558703510747       0.15460685510818117       0.23652887334364950       0.16997320630134799     
  0.81000000238418579       0.14213642360218359       0.14213642360218359       0.20092567657704907       0.14438821355416412       0.22176445937282005       0.15936327633251846     
  0.81999999284744263       0.13114921550528905       0.13114921550528905       0.18743426932319923       0.13469308536098837       0.20770486442610395       0.14925983991645142     
  0.82999998331069946       0.12082187961625915       0.12082187961625915       0.17464306584902714       0.12550113413650002       0.19432852620840535       0.13964740206354606     
  0.83999997377395630       0.11112424357918357       0.11112424357918357       0.16252255699518445       0.11679115415490877       0.18160978354890972       0.13050752227045515     
  0.84999996423721313       0.10202088332849711       0.10202088332849711       0.15104822942593324       0.10854552976441857       0.16952450212447687       0.12182285724953611     
  0.85999995470046997        9.3481299802186127E-002   9.3481299802186127E-002  0.14019134045286363       0.10074360603678452       0.15805112144282454       0.11357791330671781     
  0.87000000476837158        8.5477113219319334E-002   8.5477113219319334E-002  0.12992809144937459        9.3368280920946997E-002  0.14717062640270867       0.10575902590421681     
  0.87999999523162842        7.7978046052950417E-002   7.7978046052950417E-002  0.12023084338054940        8.6399692590663199E-002  0.13685179677815335        9.8343759718025864E-002
  0.88999998569488525        7.0959119209816249E-002   7.0959119209816249E-002  0.11107393153216985        7.9819397996241423E-002  0.12707788347287713        9.1320078595613682E-002
  0.89999997615814209        6.4390449424889168E-002   6.4390449424889168E-002  0.10243929903039195        7.3614421196522395E-002  0.11782603941311656        8.4671564286103451E-002
  0.90999996662139893        5.8247045278928093E-002   5.8247045278928093E-002   9.4294010722693875E-002   6.7761094495486535E-002  0.10907259475887587        7.8381207286427529E-002
  0.91999995708465576        5.2506018515070377E-002   5.2506018515070377E-002   8.6623986130770519E-002   6.2249299449622070E-002  0.10079813350058928        7.2435054960052300E-002
  0.93000000715255737        4.7144479928577773E-002   4.7144479928577773E-002   7.9397696742029150E-002   5.7056379195521555E-002   9.2979824395468924E-002   6.6816700432477991E-002
  0.93999999761581421        4.2137106711332521E-002   4.2137106711332521E-002   7.2598005869187215E-002   5.2170019051930389E-002   8.5596880834566874E-002   6.1511206133838342E-002
  0.94999998807907104        3.7463479829801263E-002   3.7463479829801263E-002   6.6208015770320872E-002   4.7578076047322448E-002   7.8634806153780129E-002   5.6508154543246730E-002
  0.95999997854232788        3.3107714513731228E-002   3.3107714513731228E-002   6.0200355151200181E-002   4.3260880757939400E-002   7.2066541400470571E-002   5.1788100690311437E-002
  0.96999996900558472        2.9047559394135378E-002   2.9047559394135378E-002   5.4466286100508604E-002   3.9140292485050854E-002   6.5877275398005863E-002   4.7340401040711258E-002
  0.97999995946884155        2.5261832724830964E-002   2.5261832724830964E-002   4.9170683658540465E-002   3.5334792912697234E-002   6.0050261841618727E-002   4.3153021447939283E-002
  0.98999994993209839        2.1739412849399422E-002   2.1739412849399422E-002   4.4203754487410429E-002   3.1765482896739451E-002   5.4567354998912479E-002   3.9212922115743377E-002
   1.0000000000000000        1.8457972413587490E-002   1.8457972413587490E-002   3.9546032049842396E-002   2.8418373490671590E-002   4.9409768596453671E-002   3.5506602945447038E-002
