 Z Q2 pt2 MULT-RATIO STAT SYS fuu fuua DIS chi2
  0.34999999999999998        1.6470800000000001        5.9999999999999998E-002  0.80500000000000005        2.0000000000000000E-002   2.8000000000000001E-002   2.9811171655070014E-005   2.7892681892270273E-005   1.0106866434258415        12.315091020048948     
  0.34999999999999998        1.6515000000000000        9.2499999999999999E-002  0.78000000000000003        1.2999999999999999E-002   2.7000000000000000E-002   2.5131651442391794E-005   2.3419988560693226E-005   1.0111052501390607        22.345970266798940     
  0.34999999999999998        1.6326600000000000       0.14249999999999999       0.81599999999999995        8.9999999999999993E-003   2.9000000000000001E-002   1.9716314786307551E-005   1.8220170975912656E-005   1.0107748466628537        10.472978862616444     
  0.34999999999999998        1.6364799999999999       0.22000000000000000       0.81999999999999995        7.0000000000000001E-003   2.9000000000000001E-002   1.2376100059499945E-005   1.1157030055606480E-005   1.0108199024098574        5.8002061885945997     
  0.45000000000000001        1.6495299999999999        5.9999999999999998E-002  0.79300000000000004        3.6999999999999998E-002   2.8000000000000001E-002   1.5307293208008712E-005   1.4413769086465748E-005   1.0103017003829076        8.9773604393166284     
  0.45000000000000001        1.6386799999999999        9.2499999999999999E-002  0.74800000000000000        2.1999999999999999E-002   2.5999999999999999E-002   1.3399446509748602E-005   1.2595539883928085E-005   1.0109866669251211        28.489064946278944     
  0.45000000000000001        1.6516500000000001       0.14249999999999999       0.79300000000000004        1.7000000000000001E-002   2.8000000000000001E-002   1.0387169485123880E-005   9.7035790770883506E-006   1.0109666696375352        16.006946351464201     
  0.45000000000000001        1.6415400000000000       0.22000000000000000       0.77200000000000002        1.2000000000000000E-002   2.7000000000000000E-002   7.1445786288711913E-006   6.5751939298019035E-006   1.0112291955524977        21.841572752756125     
  0.55000000000000004        1.6720600000000001        5.9999999999999998E-002  0.79700000000000004        6.7000000000000004E-002   2.8000000000000001E-002   8.0794197896441590E-006   7.5712407495903921E-006   1.0092673692131207        3.2792608876535221     
  0.55000000000000004        1.6452599999999999        9.2499999999999999E-002  0.70399999999999996        3.5999999999999997E-002   2.5000000000000001E-002   7.4021416953070045E-006   6.9416048501969548E-006   1.0107117002074366        26.083478770470666     
  0.55000000000000004        1.6415599999999999       0.14249999999999999       0.74399999999999999        2.5999999999999999E-002   2.5999999999999999E-002   6.0685003795756252E-006   5.6791912323503050E-006   1.0110412029921036        24.399817401607947     
  0.55000000000000004        1.6588799999999999       0.22000000000000000       0.77900000000000003        1.9000000000000000E-002   2.7000000000000000E-002   4.2279719380636398E-006   3.9233302266850001E-006   1.0105652118218340        17.788149471203507     
  0.64999999999999991        1.6932900000000000        5.9999999999999998E-002  0.70699999999999996        9.6000000000000002E-002   2.5000000000000001E-002   4.1491682181166616E-006   3.8507015659476841E-006   1.0058921600722930        4.7247368611116158     
  0.64999999999999991        1.6674199999999999        9.2499999999999999E-002  0.70799999999999996        5.3999999999999999E-002   2.5000000000000001E-002   3.9069529610065526E-006   3.6350498466486639E-006   1.0086599669104417        12.983548725103839     
  0.64999999999999991        1.6358999999999999       0.14249999999999999       0.68999999999999995        3.5000000000000003E-002   2.4000000000000000E-002   3.4351443919550247E-006   3.1990492633258310E-006   1.0101782942474489        29.856627071921917     
  0.64999999999999991        1.6489499999999999       0.22000000000000000       0.76400000000000001        2.8000000000000001E-002   2.7000000000000000E-002   2.5295138086224508E-006   2.3471309148507790E-006   1.0094734029201673        15.918039307356267     
