 gamma g3f pt DY-RATIO error R_dy tmp element 
   1.6969696969696970        0.0000000000000000        1.2500000000000000        1.0800000000000001        5.0000000000000003E-002  0.98547451829969190        3.5740266762701172      Fe
   1.6969696969696970        5.0505050505050509E-003   1.2500000000000000        1.0800000000000001        5.0000000000000003E-002  0.98550306428899614        3.5718683435078433      Fe
   1.6969696969696970        1.0101010101010102E-002   1.2500000000000000        1.0800000000000001        5.0000000000000003E-002  0.98553101166763502        3.5697559026162091      Fe
   1.6969696969696970        1.5151515151515152E-002   1.2500000000000000        1.0800000000000001        5.0000000000000003E-002  0.98555836226080706        3.5676891755443854      Fe
   1.6969696969696970        2.0202020202020204E-002   1.2500000000000000        1.0800000000000001        5.0000000000000003E-002  0.98558511789051129        3.5656679854994655      Fe
   1.6969696969696970        2.5252525252525252E-002   1.2500000000000000        1.0800000000000001        5.0000000000000003E-002  0.98542025820718870        3.5781310230379471      Fe
   1.6969696969696970        3.0303030303030304E-002   1.2500000000000000        1.0800000000000001        5.0000000000000003E-002  0.98544590852126102        3.5761904861479010      Fe
   1.6969696969696970        3.5353535353535352E-002   1.2500000000000000        1.0800000000000001        5.0000000000000003E-002  0.98547096926755828        3.5742950604859685      Fe
   1.6969696969696970        4.0404040404040407E-002   1.2500000000000000        1.0800000000000001        5.0000000000000003E-002  0.98549544225517949        3.5724445738176507      Fe
   1.6969696969696970        4.5454545454545456E-002   1.2500000000000000        1.0800000000000001        5.0000000000000003E-002  0.98551932928994768        3.5706388551285406      Fe
   1.6969696969696970        5.0505050505050504E-002   1.2500000000000000        1.0800000000000001        5.0000000000000003E-002  0.98554263217439220        3.5688777346168719      Fe
   1.6969696969696970        5.5555555555555552E-002   1.2500000000000000        1.0800000000000001        5.0000000000000003E-002  0.98556535270773959        3.5671610436854553      Fe
   1.6969696969696970        6.0606060606060608E-002   1.2500000000000000        1.0800000000000001        5.0000000000000003E-002  0.98578356025600433        3.5506950072135912      Fe
   1.6969696969696970        6.5656565656565663E-002   1.2500000000000000        1.0800000000000001        5.0000000000000003E-002  0.98580509269579741        3.5490722248189317      Fe
   1.6969696969696970        7.0707070707070704E-002   1.2500000000000000        1.0800000000000001        5.0000000000000003E-002  0.98582604807158802        3.5474932887259447      Fe
   1.6969696969696970        7.5757575757575760E-002   1.2500000000000000        1.0800000000000001        5.0000000000000003E-002  0.98554254592247958        3.5688842523227557      Fe
   1.6969696969696970        8.0808080808080815E-002   1.2500000000000000        1.0800000000000001        5.0000000000000003E-002  0.98556247642456263        3.5673783436245206      Fe
   1.6969696969696970        8.5858585858585856E-002   1.2500000000000000        1.0800000000000001        5.0000000000000003E-002  0.98558183513214481        3.5659159428053986      Fe
   1.6969696969696970        9.0909090909090912E-002   1.2500000000000000        1.0800000000000001        5.0000000000000003E-002  0.98560062382140712        3.5644968891630007      Fe
   1.6969696969696970        9.5959595959595953E-002   1.2500000000000000        1.0800000000000001        5.0000000000000003E-002  0.98561884426512059        3.5631210231406292      Fe
   1.6969696969696970       0.10101010101010101        1.2500000000000000        1.0800000000000001        5.0000000000000003E-002  0.98563649823263333        3.5617881863199301      Fe
   1.6969696969696970       0.10606060606060606        1.2500000000000000        1.0800000000000001        5.0000000000000003E-002  0.98565358748985954        3.5604982214134400      Fe
   1.6969696969696970       0.11111111111111110        1.2500000000000000        1.0800000000000001        5.0000000000000003E-002  0.98567011379926961        3.5592509722571033      Fe
   1.6969696969696970       0.11616161616161616        1.2500000000000000        1.0800000000000001        5.0000000000000003E-002  0.98568607891987836        3.5580462838029701      Fe
   1.6969696969696970       0.12121212121212122        1.2500000000000000        1.0800000000000001        5.0000000000000003E-002  0.98570148460723273        3.5568840021119916      Fe
   1.6969696969696970       0.12626262626262627        1.2500000000000000        1.0800000000000001        5.0000000000000003E-002  0.98553193532895500        3.5696860970771009      Fe
   1.6969696969696970       0.13131313131313133        1.2500000000000000        1.0800000000000001        5.0000000000000003E-002  0.98554630136016885        3.5686004746976212      Fe
   1.6969696969696970       0.13636363636363635        1.2500000000000000        1.0800000000000001        5.0000000000000003E-002  0.98556011316621295        3.5675568900714065      Fe
   1.6969696969696970       0.14141414141414141        1.2500000000000000        1.0800000000000001        5.0000000000000003E-002  0.98557337247952648        3.5665551939561038      Fe
   1.6969696969696970       0.14646464646464646        1.2500000000000000        1.0800000000000001        5.0000000000000003E-002  0.98558608103822387        3.5655952374883366      Fe
   1.6969696969696970       0.15151515151515152        1.2500000000000000        1.0800000000000001        5.0000000000000003E-002  0.98559824057689427        3.5646768728711775      Fe
   1.6969696969696970       0.15656565656565657        1.2500000000000000        1.0800000000000001        5.0000000000000003E-002  0.98560985282659097        3.5637999533671314      Fe
   1.6969696969696970       0.16161616161616163        1.2500000000000000        1.0800000000000001        5.0000000000000003E-002  0.98562091951482278        3.5629643332910286      Fe
   1.6969696969696970       0.16666666666666666        1.2500000000000000        1.0800000000000001        5.0000000000000003E-002  0.98563144236554578        3.5621698680029277      Fe
   1.6969696969696970       0.17171717171717171        1.2500000000000000        1.0800000000000001        5.0000000000000003E-002  0.98564142309915581        3.5614164139010156      Fe
   1.6969696969696970       0.17676767676767677        1.2500000000000000        1.0800000000000001        5.0000000000000003E-002  0.98565086343247699        3.5607038284148476      Fe
   1.6969696969696970       0.18181818181818182        1.2500000000000000        1.0800000000000001        5.0000000000000003E-002  0.98536757754800552        3.5821181516531042      Fe
   1.6969696969696970       0.18686868686868688        1.2500000000000000        1.0800000000000001        5.0000000000000003E-002  0.98537605758377267        3.5814761913558071      Fe
   1.6969696969696970       0.19191919191919191        1.2500000000000000        1.0800000000000001        5.0000000000000003E-002  0.98538400227580958        3.5808748101376073      Fe
   1.6969696969696970       0.19696969696969696        1.2500000000000000        1.0800000000000001        5.0000000000000003E-002  0.98570313885052685        3.5567592090572120      Fe
   1.6969696969696970       0.20202020202020202        1.2500000000000000        1.0800000000000001        5.0000000000000003E-002  0.98570996904958397        3.5562439746521699      Fe
   1.6969696969696970       0.20707070707070707        1.2500000000000000        1.0800000000000001        5.0000000000000003E-002  0.98571626891051789        3.5557687792615154      Fe
   1.6969696969696970       0.21212121212121213        1.2500000000000000        1.0800000000000001        5.0000000000000003E-002  0.98572204008767284        3.5553334900921518      Fe
   1.6969696969696970       0.21717171717171718        1.2500000000000000        1.0800000000000001        5.0000000000000003E-002  0.98572728426969480        3.5549379724667776      Fe
   1.6969696969696970       0.22222222222222221        1.2500000000000000        1.0800000000000001        5.0000000000000003E-002  0.98573200314159293        3.5545820926786633      Fe
   1.6969696969696970       0.22727272727272727        1.2500000000000000        1.0800000000000001        5.0000000000000003E-002  0.98573619838473592        3.5542657179847503      Fe
   1.6969696969696970       0.23232323232323232        1.2500000000000000        1.0800000000000001        5.0000000000000003E-002  0.98556305180768056        3.5673348735515349      Fe
   1.6969696969696970       0.23737373737373738        1.2500000000000000        1.0800000000000001        5.0000000000000003E-002  0.98556627354253223        3.5670914770575437      Fe
   1.6969696969696970       0.24242424242424243        1.2500000000000000        1.0800000000000001        5.0000000000000003E-002  0.98556897662803378        3.5668872700307372      Fe
   1.6969696969696970       0.24747474747474749        1.2500000000000000        1.0800000000000001        5.0000000000000003E-002  0.98557116273097600        3.5667221231919308      Fe
   1.6969696969696970       0.25252525252525254        1.2500000000000000        1.0800000000000001        5.0000000000000003E-002  0.98557283351447844        3.5665959081937668      Fe
   1.6969696969696970       0.25757575757575757        1.2500000000000000        1.0800000000000001        5.0000000000000003E-002  0.98557399063798590        3.5665084976140746      Fe
   1.6969696969696970       0.26262626262626265        1.2500000000000000        1.0800000000000001        5.0000000000000003E-002  0.98557463575726378        3.5664597649493675      Fe
   1.6969696969696970       0.26767676767676768        1.2500000000000000        1.0800000000000001        5.0000000000000003E-002  0.98546701065693543        3.5745944296543888      Fe
   1.6969696969696970       0.27272727272727271        1.2500000000000000        1.0800000000000001        5.0000000000000003E-002  0.98546667817390055        3.5746195741907614      Fe
   1.6969696969696970       0.27777777777777779        1.2500000000000000        1.0800000000000001        5.0000000000000003E-002  0.98546583860613712        3.5746830681763702      Fe
   1.6969696969696970       0.28282828282828282        1.2500000000000000        1.0800000000000001        5.0000000000000003E-002  0.98546449359467225        3.5747847885247106      Fe
   1.6969696969696970       0.28787878787878790        1.2500000000000000        1.0800000000000001        5.0000000000000003E-002  0.98546264477683143        3.5749246130366279      Fe
   1.6969696969696970       0.29292929292929293        1.2500000000000000        1.0800000000000001        5.0000000000000003E-002  0.98546029378623523        3.5751024203939856      Fe
   1.6969696969696970       0.29797979797979796        1.2500000000000000        1.0800000000000001        5.0000000000000003E-002  0.98545744225279353        3.5753180901535528      Fe
   1.6969696969696970       0.30303030303030304        1.2500000000000000        1.0800000000000001        5.0000000000000003E-002  0.98528222777872532        3.5885825498245141      Fe
   1.6969696969696970       0.30808080808080807        1.2500000000000000        1.0800000000000001        5.0000000000000003E-002  0.98527844546482690        3.5888691574239129      Fe
   1.6969696969696970       0.31313131313131315        1.2500000000000000        1.0800000000000001        5.0000000000000003E-002  0.98527416743523721        3.5891933420349944      Fe
   1.6969696969696970       0.31818181818181818        1.2500000000000000        1.0800000000000001        5.0000000000000003E-002  0.98526939530503999        3.5895549863491167      Fe
   1.6969696969696970       0.32323232323232326        1.2500000000000000        1.0800000000000001        5.0000000000000003E-002  0.98526413068559349        3.5899539739025288      Fe
   1.6969696969696970       0.32828282828282829        1.2500000000000000        1.0800000000000001        5.0000000000000003E-002  0.98544748707816743        3.5760710799333308      Fe
   1.6969696969696970       0.33333333333333331        1.2500000000000000        1.0800000000000001        5.0000000000000003E-002  0.98544121101877957        3.5765458294379946      Fe
   1.6969696969696970       0.33838383838383840        1.2500000000000000        1.0800000000000001        5.0000000000000003E-002  0.98543444722107032        3.5770575089538190      Fe
   1.6969696969696970       0.34343434343434343        1.2500000000000000        1.0800000000000001        5.0000000000000003E-002  0.98542719726293737        3.5776060070173492      Fe
   1.6969696969696970       0.34848484848484851        1.2500000000000000        1.0800000000000001        5.0000000000000003E-002  0.98541946274681891        3.5781912108401550      Fe
   1.6969696969696970       0.35353535353535354        1.2500000000000000        1.0800000000000001        5.0000000000000003E-002  0.98541124526198576        3.5788130091552892      Fe
   1.6969696969696970       0.35858585858585856        1.2500000000000000        1.0800000000000001        5.0000000000000003E-002  0.98513102127115615        3.6000492500215358      Fe
   1.6969696969696970       0.36363636363636365        1.2500000000000000        1.0800000000000001        5.0000000000000003E-002  0.98512194423106125        3.6007381865975447      Fe
   1.6969696969696970       0.36868686868686867        1.2500000000000000        1.0800000000000001        5.0000000000000003E-002  0.98511238890557062        3.6014634956830758      Fe
   1.6969696969696970       0.37373737373737376        1.2500000000000000        1.0800000000000001        5.0000000000000003E-002  0.98510235686904479        3.6022250687240569      Fe
   1.6969696969696970       0.37878787878787878        1.2500000000000000        1.0800000000000001        5.0000000000000003E-002  0.98509184969209396        3.6030227979472391      Fe
   1.6969696969696970       0.38383838383838381        1.2500000000000000        1.0800000000000001        5.0000000000000003E-002  0.98508086894157798        3.6038565763543633      Fe
   1.6969696969696970       0.38888888888888890        1.2500000000000000        1.0800000000000001        5.0000000000000003E-002  0.98506941618060706        3.6047262977163199      Fe
   1.6969696969696970       0.39393939393939392        1.2500000000000000        1.0800000000000001        5.0000000000000003E-002  0.98505749296853806        3.6056318565676841      Fe
   1.6969696969696970       0.39898989898989901        1.2500000000000000        1.0800000000000001        5.0000000000000003E-002  0.98504510086097463        3.6065731482009968      Fe
   1.6969696969696970       0.40404040404040403        1.2500000000000000        1.0800000000000001        5.0000000000000003E-002  0.98503224140976808        3.6075500686610322      Fe
   1.6969696969696970       0.40909090909090912        1.2500000000000000        1.0800000000000001        5.0000000000000003E-002  0.98501891616301418        3.6085625147394160      Fe
   1.6969696969696970       0.41414141414141414        1.2500000000000000        1.0800000000000001        5.0000000000000003E-002  0.98484147430257218        3.6220580051632165      Fe
   1.6969696969696970       0.41919191919191917        1.2500000000000000        1.0800000000000001        5.0000000000000003E-002  0.98482728227889293        3.6231384793686159      Fe
   1.6969696969696970       0.42424242424242425        1.2500000000000000        1.0800000000000001        5.0000000000000003E-002  0.98481262904501887        3.6242542357284786      Fe
   1.6969696969696970       0.42929292929292928        1.2500000000000000        1.0800000000000001        5.0000000000000003E-002  0.98479751613406885        3.6254051736971569      Fe
   1.6969696969696970       0.43434343434343436        1.2500000000000000        1.0800000000000001        5.0000000000000003E-002  0.98478194507540529        3.6265911934492592      Fe
   1.6969696969696970       0.43939393939393939        1.2500000000000000        1.0800000000000001        5.0000000000000003E-002  0.98476591739463704        3.6278121958740432      Fe
   1.6969696969696970       0.44444444444444442        1.2500000000000000        1.0800000000000001        5.0000000000000003E-002  0.98474943461361630        3.6290680825703072      Fe
   1.6969696969696970       0.44949494949494950        1.2500000000000000        1.0800000000000001        5.0000000000000003E-002  0.98473249825044340        3.6303587558407124      Fe
   1.6969696969696970       0.45454545454545453        1.2500000000000000        1.0800000000000001        5.0000000000000003E-002  0.98461562702830785        3.6392714428811548      Fe
   1.6969696969696970       0.45959595959595961        1.2500000000000000        1.0800000000000001        5.0000000000000003E-002  0.98459782421044839        3.6406300581522077      Fe
   1.6969696969696970       0.46464646464646464        1.2500000000000000        1.0800000000000001        5.0000000000000003E-002  0.98457957232046711        3.6420232074179908      Fe
   1.6969696969696970       0.46969696969696972        1.2500000000000000        1.0800000000000001        5.0000000000000003E-002  0.98486035846933628        3.6206205562332818      Fe
   1.6969696969696970       0.47474747474747475        1.2500000000000000        1.0800000000000001        5.0000000000000003E-002  0.98484116086789508        3.6220818659879335      Fe
   1.6969696969696970       0.47979797979797978        1.2500000000000000        1.0800000000000001        5.0000000000000003E-002  0.98482151859415068        3.6235773290894469      Fe
   1.6969696969696970       0.48484848484848486        1.2500000000000000        1.0800000000000001        5.0000000000000003E-002  0.98480143314043589        3.6251068528459642      Fe
   1.6969696969696970       0.48989898989898989        1.2500000000000000        1.0800000000000001        5.0000000000000003E-002  0.98462255464018977        3.6387428333454390      Fe
   1.6969696969696970       0.49494949494949497        1.2500000000000000        1.0800000000000001        5.0000000000000003E-002  0.98460164421811125        3.6403385143551357      Fe
   1.6969696969696970       0.50000000000000000        1.2500000000000000        1.0800000000000001        5.0000000000000003E-002  0.98458029503653399        3.6419680381259645      Fe
