 Z Q2 pt2 MULT-RATIO STAT SYS fuu fuua DIS chi2
  0.34999999999999998        1.6470799999999999        5.9999999999999998E-002  0.78051189593796388        6.0000000000000001E-003   2.8999999999999998E-002   6.6681777852899151E-005   5.8524637879170543E-005   1.0798312607450176        1.1876304292130262     
  0.34999999999999998        1.6515000000000000        9.2499999999999999E-002  0.79221425061227058        5.0000000000000001E-003   2.7999999999999997E-002   5.7956892290438523E-005   5.1706461405348535E-005   1.0805137726247021        1.3840025126935003     
  0.34999999999999998        1.6326600000000000       0.14250000000000002       0.86210409285094203        5.0000000000000001E-003   2.8999999999999998E-002   4.6515728469137467E-005   4.2503491533309886E-005   1.0824187062646977       0.37143319098469219     
  0.34999999999999998        1.6364799999999999       0.22000000000000003       0.86915374742351714        4.0000000000000001E-003   2.8999999999999998E-002   3.0063615735063248E-005   2.8533374396957443E-005   1.0827642028329731        6.3879306628847762E-002
  0.45000000000000001        1.6495299999999999        5.9999999999999998E-002  0.76084847603987371        9.0000000000000011E-003   2.7999999999999997E-002   3.6249974610311832E-005   3.1860925550356154E-005   1.0793524457223218        3.3036532063336801     
  0.45000000000000001        1.6386799999999999        9.2499999999999999E-002  0.76885222982064294        6.9999999999999993E-003   2.7999999999999997E-002   3.2061111266935685E-005   2.8662401240046408E-005   1.0803284914789051        4.1318532541426753     
  0.45000000000000001        1.6516500000000001       0.14250000000000002       0.80490151101210028        6.0000000000000001E-003   2.8999999999999998E-002   2.5636139108401217E-005   2.3564638281024460E-005   1.0802208022508142        2.4161277692066467     
  0.45000000000000001        1.6415400000000002       0.22000000000000003       0.87809927803849197        6.0000000000000001E-003   2.8999999999999998E-002   1.8164392396218675E-005   1.7421311457202627E-005   1.0814578022489252        8.7323883483829495E-002
  0.55000000000000004        1.6720599999999999        5.9999999999999998E-002  0.81084745331496777        1.2000000000000000E-002   2.7999999999999997E-002   1.9580349741558125E-005   1.6709923673772379E-005   1.0781075213296456       0.40025450343533603     
  0.55000000000000004        1.6452599999999999        9.2499999999999999E-002  0.78802036232328621        9.0000000000000011E-003   2.7999999999999997E-002   1.7963308054887454E-005   1.5574952056708894E-005   1.0798784549477032       0.25621664076560352     
  0.55000000000000004        1.6415599999999999       0.14250000000000002       0.84313432781711006        8.0000000000000002E-003   2.8999999999999998E-002   1.5001160780619462E-005   1.3372719182356566E-005   1.0804089009397457       0.35936890926658865     
  0.55000000000000004        1.6588799999999999       0.22000000000000003       0.82793658192734720        6.9999999999999993E-003   2.8999999999999998E-002   1.0786732928115549E-005   1.0051496834409337E-005   1.0795812079773524        1.3931191678264316     
  0.64999999999999991        1.6932900000000002        5.9999999999999998E-002  0.79359599971830130        1.6000000000000000E-002   2.7999999999999997E-002   1.0665469868528346E-005   8.5943947879240292E-006   1.0752259156198984        1.8749503180981568     
  0.64999999999999991        1.6674200000000001        9.2499999999999999E-002  0.82715085455108539        1.3000000000000001E-002   2.9999999999999999E-002   1.0194169857486064E-005   8.3445209696284312E-006   1.0775944165500786        4.2665397159186860     
  0.64999999999999991        1.6358999999999999       0.14250000000000002       0.76447216865606560        1.0000000000000000E-002   2.7999999999999997E-002   8.9235231546103687E-006   7.4834502152131541E-006   1.0793445450810271       0.17675113691409994     
  0.64999999999999991        1.6489499999999999       0.22000000000000003       0.72814183683232214        9.0000000000000011E-003   2.7999999999999997E-002   6.7372412791074249E-006   5.8990434320316856E-006   1.0785259079038756        8.0981529147706031     
