 kt up dp u1 d1 u2 d2
   0.0000000000000000        0.0000000000000000        0.0000000000000000        0.0000000000000000        0.0000000000000000        0.0000000000000000        0.0000000000000000     
   9.9999997764825821E-003  0.15387605549322267        3.4330257479941030E-003  0.12775116553625637        2.6926519079862846E-003  0.11248862404550350        2.5021772166199255E-003
   1.9999999552965164E-002  0.15382889795624499        3.4319736477297878E-003  0.12771915730647732        2.6919772603568540E-003  0.11246428889154607        2.5016359097250122E-003
   2.9999999329447746E-002  0.15372572076943342        3.4296717305289950E-003  0.12764385224544303        2.6903900316578139E-003  0.11240346063098103        2.5002828565696029E-003
   3.9999999105930328E-002  0.15355568605709963        3.4258781997965910E-003  0.12751559886352942        2.6876867943756671E-003  0.11229724682404188        2.4979202552837510E-003
   4.9999997019767761E-002  0.15334182135656460        3.4211068075148602E-003  0.12735486137140689        2.6842988791810620E-003  0.11216448531975205        2.4949671316759465E-003
   5.9999998658895493E-002  0.15308198624713612        3.4153098001894404E-003  0.12715968451169754        2.6801850744929798E-003  0.11200335142079010        2.4913828974991231E-003
   7.0000000298023224E-002  0.15278313376803768        3.4086423024276319E-003  0.12693619618245647        2.6754745399658188E-003  0.11181946157625727        2.4872924840616565E-003
   7.9999998211860657E-002  0.15242813828660504        3.4007222356942242E-003  0.12666907464560101        2.6698443344576441E-003  0.11159866344184628        2.4823810890998708E-003
   8.9999996125698090E-002  0.15202858630220017        3.3918080986263927E-003  0.12636855118331419        2.6635101059539392E-003  0.11135034382546105        2.4768575111218209E-003
   9.9999994039535522E-002  0.15158434788235864        3.3818969923878309E-003  0.12603441588260256        2.6564674300518427E-003  0.11107426480345001        2.4707164577955445E-003
  0.10999999940395355       0.15109562787236011        3.3709934871445548E-003  0.12566674583398307        2.6487179316126790E-003  0.11077044748484313        2.4639583986666041E-003
  0.11999999731779099       0.15056986450863338        3.3592635324141678E-003  0.12527204870514663        2.6403987748161288E-003  0.11044483348134246        2.4567154979032151E-003
  0.12999999523162842       0.14999176399182221        3.3463659184691011E-003  0.12483658227475594        2.6312203104965786E-003  0.11008470125488597        2.4487047798447772E-003
  0.14000000059604645       0.14937110895274883        3.3325188990421251E-003  0.12436892278609472        2.6213633028587566E-003  0.10969788939698001        2.4401006047454440E-003
  0.14999999105930328       0.14870846062480464        3.3177349954360310E-003  0.12386942552562144        2.6108352403882377E-003  0.10928465642628139        2.4309087230488550E-003
  0.15999999642372131       0.14800442908034794        3.3020278185671363E-003  0.12333848175449937        2.5996443698208804E-003  0.10884529048830191        2.4211355442132210E-003
  0.17000000178813934       0.14725967519220073        3.2854121127269195E-003  0.12277652005679113        2.5877997245591514E-003  0.10838011036408052        2.4107881591480386E-003
  0.17999999225139618       0.14647493488378949        3.2679042966106998E-003  0.12218402711446413        2.5753115625535197E-003  0.10788948397418184        2.3998747518137985E-003
  0.18999999761581421       0.14565685706347559        3.2496527095655404E-003  0.12156674692738569        2.5623009519142987E-003  0.10737861962913590        2.3885111749561041E-003
  0.19999998807907104       0.14479367807620863        3.2303949005521981E-003  0.12091402383171253        2.5485432998289060E-003  0.10683761238215768        2.3764771046765384E-003
  0.20999999344348907       0.14389328130149495        3.2103067503777278E-003  0.12023268698056838        2.5341825465276468E-003  0.10627266336689652        2.3639104779039819E-003
  0.21999999880790710       0.14295655460862994        3.1894080677000937E-003  0.11952333143954610        2.5192312343970957E-003  0.10568422697095529        2.3508214019565452E-003
  0.22999998927116394       0.14198441772228826        3.1677193718813146E-003  0.11878657570432825        2.5037023996672767E-003  0.10507277672827128        2.3372204100400506E-003
  0.23999999463558197       0.14097787166117862        3.1452629959802356E-003  0.11802310512851320        2.4876104877537509E-003  0.10443884480048771        2.3231193394647148E-003
  0.25000000000000000       0.13993793824802556        3.1220617372001696E-003  0.11723361883822132        2.4709702343598972E-003  0.10378297358429237        2.3085302552072976E-003
  0.25999999046325684       0.13886566267098255        3.0981389140348993E-003  0.11641883272197376        2.4537967284955445E-003  0.10310571876025874        2.2934655177289797E-003
  0.26999998092651367       0.13776209774637754        3.0735180151652964E-003  0.11557946675581247        2.4361051453244968E-003  0.10240763831332900        2.2779375387489090E-003
  0.28000000119209290       0.13663304807633755        3.0483285431867763E-003  0.11472046824312605        2.4179997607322455E-003  0.10169318325019157        2.2620453256789186E-003
  0.28999999165534973       0.13546971601843927        3.0223742197838886E-003  0.11383377975367345        2.3993107457014082E-003  0.10095482010672557        2.2456213054648836E-003
  0.29999998211860657       0.13427854876936612        2.9957988840493724E-003  0.11292491682541042        2.3801543529780008E-003  0.10019752109493944        2.2287760791183183E-003
  0.31000000238418579       0.13306068720612535        2.9686279893270137E-003  0.11199466866673058        2.3605472169581018E-003   9.9421902388135946E-002   2.2115233526900624E-003
  0.31999999284744263       0.13181731652248901        2.9408879776823007E-003  0.11104386170701462        2.3405067565563610E-003   9.8628613001599100E-002   2.1938775627622213E-003
  0.32999998331069946       0.13054961995956985        2.9126052476162395E-003  0.11007332169348152        2.3200503763092825E-003   9.7818301580337649E-002   2.1758531376805611E-003
  0.34000000357627869       0.12925877750196563        2.8838061249759116E-003  0.10908387152360546        2.2991954206884042E-003   9.6991613819135208E-002   2.1574644401665542E-003
  0.34999999403953552       0.12794600566358197        2.8545177505893519E-003  0.10807636618097824        2.2779599104545537E-003   9.6149224400070538E-002   2.1387264777299932E-003
  0.35999998450279236       0.12661250065808682        2.8247668123795662E-003  0.10705164473507207        2.2563615309416033E-003   9.5291794041861042E-002   2.1196539472820978E-003
  0.37000000476837158       0.12525948742859327        2.7945806392330069E-003  0.10601057339342203        2.2344185394810039E-003   9.4420008846554146E-002   2.1002621103564244E-003
  0.37999999523162842       0.12388819646811050        2.7639866838561379E-003  0.10495402381552754        2.2121493083169853E-003   9.3534559725387878E-002   2.0805663354613382E-003
  0.38999998569488525       0.12250368334169726        2.7330977375793603E-003  0.10388627788148144        2.1896440879968001E-003   9.2639281722219927E-002   2.0606519286395248E-003
  0.39999997615814209       0.12109913167178112        2.7017617247620676E-003  0.10280104918975867        2.1667703780380498E-003   9.1728272807904146E-002   2.0403876061902055E-003
  0.40999999642372131       0.11967998592125960        2.6701001131742169E-003  0.10170297155497238        2.1436258468236929E-003   9.0805694172572615E-002   2.0198659288965699E-003
  0.41999998688697815       0.11824745403042931        2.6381398523637892E-003  0.10059290924908038        2.1202287108884003E-003   8.9872234529198888E-002   1.9991022163691674E-003
  0.42999997735023499       0.11680278803681717        2.6059088757025752E-003   9.9471716906400637E-002   2.0965969836312464E-003   8.8928576410471319E-002   1.9781116507453641E-003
  0.43999999761581421       0.11534739832609374        2.5734386493618754E-003   9.8340257977750131E-002   2.0727488642794572E-003   8.7975411897819752E-002   1.9569096265630564E-003
  0.44999998807907104       0.11388213086749313        2.5407480471954084E-003   9.7199397888783068E-002   2.0487025936845281E-003   8.7013436234823827E-002   1.9355116086984434E-003
  0.45999997854232788       0.11240828764112235        2.5078661168104663E-003   9.6050210782285858E-002   2.0244808118952649E-003   8.6043332059249897E-002   1.9139327816262322E-003
  0.46999999880790710       0.11092687305992370        2.4748152669923622E-003   9.4893288596797479E-002   2.0000959953883446E-003   8.5065869131522850E-002   1.8921902677622527E-003
  0.47999998927116394       0.10943906686510843        2.4416218181581434E-003   9.3729505510199526E-002   1.9755665694887368E-003   8.4081720704489576E-002   1.8702990428247084E-003
  0.48999997973442078       0.10794606130417678        2.4083123697443026E-003   9.2559635368023724E-002   1.9509088447845979E-003   8.3091423180908577E-002   1.8482710384624438E-003
  0.50000000000000000       0.10644889572238118        2.3749101098875600E-003   9.1384549844484464E-002   1.9261411938303117E-003   8.2095731084015189E-002   1.8261230381579217E-003
  0.50999999046325684       0.10494873803054983        2.3414410950652049E-003   9.0205014663354025E-002   1.9012797560291339E-003   8.1095232657399610E-002   1.8038681266983516E-003
  0.51999998092651367       0.10344667149586974        2.3079294933268553E-003   8.9021877188574072E-002   1.8763423915401007E-003   8.0090600434512840E-002   1.7815212637998167E-003
  0.52999997138977051       0.10194361127781003        2.2743957221832878E-003   8.7835873766464512E-002   1.8513446205685690E-003   7.9082497036272986E-002   1.7590971886857643E-003
  0.53999996185302734       0.10044069894168745        2.2408652503347025E-003   8.6647827587687784E-002   1.8263037937656928E-003   7.8071521579641687E-002   1.7366092280087675E-003
  0.55000001192092896        9.8938864854205777E-002   2.2073588345703160E-003   8.5458442070939236E-002   1.8012347373108206E-003   7.7058302528122319E-002   1.7140713612007294E-003
  0.56000000238418579        9.7439165373223599E-002   2.1739000425837220E-003   8.4268523893204453E-002   1.7761544537910911E-003   7.6043486637254604E-002   1.6914979745783999E-003
  0.56999999284744263        9.5942483627487474E-002   2.1405085772696732E-003   8.3078710434715583E-002   1.7510763774721836E-003   7.5027662401974546E-002   1.6689021585198801E-003
  0.57999998331069946        9.4449846005441707E-002   2.1072073376942032E-003   8.1889812963095401E-002   1.7260176076995526E-003   7.4011438877081351E-002   1.6462974607332637E-003
  0.58999997377395630        9.2962029114070685E-002   2.0740136502162823E-003   8.0702511403887817E-002   1.7009924754799340E-003   7.2995363970464619E-002   1.6236960687855150E-003
  0.59999996423721313        9.1479919736230902E-002   2.0409472992550608E-003   7.9517439435648776E-002   1.6760143370575934E-003   7.1980041052087565E-002   1.6011114039322252E-003
  0.61000001430511475        9.0004450981370748E-002   2.0080291027912921E-003   7.8335294141539488E-002   1.6510978850758130E-003   7.0965952242372288E-002   1.5785541903754812E-003
  0.62000000476837158        8.8536260018797122E-002   1.9752732762831860E-003   7.7156688121619785E-002   1.6262560315007070E-003   6.9953729852551647E-002   1.5560384931354008E-003
  0.62999999523162842        8.7076352841383015E-002   1.9427022637648378E-003   7.5982313832013565E-002   1.6015033714500185E-003   6.8943883432909608E-002   1.5335756465590970E-003
  0.63999998569488525        8.5625319775352454E-002   1.9103292356097640E-003   7.4812630767737268E-002   1.5768495898462098E-003   6.7936891111240974E-002   1.5111762860373517E-003
  0.64999997615814209        8.4183899243973098E-002   1.8781706662855668E-003   7.3648399444463261E-002   1.5523107163197564E-003   6.6933270079053322E-002   1.4888519158873111E-003
  0.65999996662139893        8.2752876123009758E-002   1.8462440666304409E-003   7.2490009588736984E-002   1.5278949652608894E-003   6.5933521796461420E-002   1.4666136904997881E-003
  0.66999995708465576        8.1332731054044913E-002   1.8145601599172372E-003   7.1338176928734204E-002   1.5036174222997881E-003   6.4938054184966926E-002   1.4444706836090925E-003
  0.68000000715255737        7.9924302227535021E-002   1.7831376464525696E-003   7.0193248244447809E-002   1.4794853966285449E-003   6.3947387294271352E-002   1.4224344631095368E-003
  0.68999999761581421        7.8527988367834117E-002   1.7519854219088017E-003   6.9055856778328054E-002   1.4555122352994962E-003   6.2961960242907206E-002   1.4005147966767166E-003
  0.69999998807907104        7.7144559358974088E-002   1.7211206626535996E-003   6.7926464458582927E-002   1.4317076745202562E-003   6.1982157166652084E-002   1.3787202289594687E-003
  0.70999997854232788        7.5774341465735348E-002   1.6905506477622448E-003   6.6805494131504134E-002   1.4080806267564676E-003   6.1008417546143896E-002   1.3570605356879963E-003
  0.71999996900558472        7.4418045520725049E-002   1.6602912361455664E-003   6.5693423998530787E-002   1.3846411712118108E-003   6.0041100353388610E-002   1.3355437017726136E-003
  0.72999995946884155        7.3076042407500041E-002   1.6303507023385198E-003   6.4590636037037866E-002   1.3613973589447863E-003   5.9080571692932855E-002   1.3141778707786221E-003
  0.74000000953674316        7.1748668424525222E-002   1.6007365492712103E-003   6.3497559340298673E-002   1.3383582340906583E-003   5.8127275734950523E-002   1.2929729227494381E-003
  0.75000000000000000        7.0436553207152072E-002   1.5714628243168084E-003   6.2414548095204345E-002   1.3155312619590720E-003   5.7181435641493868E-002   1.2719338216625978E-003
  0.75999999046325684        6.9139875819932556E-002   1.5425335224647570E-003   6.1341989005137494E-002   1.2929245932200946E-003   5.6243438737325513E-002   1.2510691831021633E-003
  0.76999998092651367        6.7859186153099924E-002   1.5139609119482369E-003   6.0280182732778624E-002   1.2705445650365750E-003   5.5313658157769771E-002   1.2303873070248197E-003
  0.77999997138977051        6.6594713042010811E-002   1.4857500981598230E-003   5.9229435339045643E-002   1.2483976283517290E-003   5.4392262593041661E-002   1.2098919457461117E-003
  0.78999996185302734        6.5346660078296606E-002   1.4579056232962206E-003   5.8190143133439932E-002   1.2264921363068424E-003   5.3479617791978601E-002   1.1895912349190083E-003
  0.79999995231628418        6.4115486959623616E-002   1.4304377433645775E-003   5.7162438069489549E-002   1.2048308701283511E-003   5.2575977103396017E-002   1.1694908099901060E-003
  0.81000000238418579        6.2901242538410743E-002   1.4033475482785362E-003   5.6146711874833548E-002   1.1834220863841756E-003   5.1681553778636917E-002   1.1495954144848653E-003
  0.81999999284744263        6.1704342764794903E-002   1.3766443180233765E-003   5.5143073118700474E-002   1.1622680734224406E-003   5.0796618574023657E-002   1.1299110710594131E-003
  0.82999998331069946        6.0524876950026611E-002   1.3503300451626649E-003   5.4151871895628020E-002   1.1413762102969580E-003   4.9921354816049847E-002   1.1104418575961102E-003
  0.83999997377395630        5.9362924690600255E-002   1.3244065055205533E-003   5.3173168807792041E-002   1.1207477743390426E-003   4.9055955739941343E-002   1.0911920723854147E-003
  0.84999996423721313        5.8218801170541117E-002   1.2988807309569994E-003   5.2207282106995309E-002   1.1003894734430662E-003   4.8200686144579792E-002   1.0721676055671903E-003
  0.85999995470046997        5.7092450523583388E-002   1.2737514750771203E-003   5.1254236325423017E-002   1.0803018246816887E-003   4.7355605808204602E-002   1.0533697868381053E-003
  0.87000000476837158        5.5984130385395667E-002   1.2490244858179864E-003   5.0314264989785640E-002   1.0604897501715878E-003   4.6520976974059873E-002   1.0348044494908710E-003
  0.87999999523162842        5.4893756196314994E-002   1.2246978766255186E-003   4.9387495782320524E-002   1.0409559411118537E-003   4.5696842074230803E-002   1.0164725373773440E-003
  0.88999998569488525        5.3821537647472141E-002   1.2007763257782746E-003   4.8474001769502270E-002   1.0217019375477843E-003   4.4883402314743040E-002   9.9837852608905910E-004
  0.89999997615814209        5.2767368652369431E-002   1.1772574664513659E-003   4.7573907810887169E-002   1.0027303711839209E-003   4.4080764316990928E-002   9.8052478729360290E-004
  0.90999996662139893        5.1731328703533017E-002   1.1541430721493716E-003   4.6687260718925615E-002   9.8404222870115618E-004   4.3288983164976765E-002   9.6291254626985673E-004
  0.91999995708465576        5.0713418306997250E-002   1.1314331541620853E-003   4.5814175605310668E-002   9.6563993634522078E-004   4.2508202607066170E-002   9.4554500053124530E-004
  0.93000000715255737        4.9713487710479697E-002   1.1091243714665021E-003   4.4954597312985449E-002   9.4752233155330067E-004   4.1738485913780835E-002   9.2842355745615280E-004
  0.93999999761581421        4.8731665994892509E-002   1.0872196039005120E-003   4.4108687475025880E-002   9.2969282111709487E-004   4.0979880795064177E-002   9.1154927829618904E-004
  0.94999998807907104        4.7767750297681731E-002   1.0657143255333643E-003   4.3276341813714807E-002   9.1214920714202490E-004   4.0232427145587002E-002   8.9492305046141179E-004
  0.95999997854232788        4.6821729510854719E-002   1.0446082885420670E-003   4.2457681794590238E-002   8.9489404979583025E-004   3.9496237439790367E-002   8.7854737581355207E-004
  0.96999996900558472        4.5893514467917854E-002   1.0238995035926246E-003   4.1652581593939933E-002   8.7792469705214840E-004   3.8771235999422962E-002   8.6242057097886903E-004
  0.97999995946884155        4.4982897930757305E-002   1.0035833471340964E-003   4.0861083188441241E-002   8.6124203366674617E-004   3.8057512808175979E-002   8.4654463753879906E-004
  0.98999994993209839        4.4089896557450527E-002   9.8366019081370937E-004   4.0083207219392084E-002   8.4484649470281843E-004   3.7355067259218347E-002   8.3091956199509906E-004
   1.0000000000000000        4.3214301412464066E-002   9.6412537321052794E-004   3.9318813532508441E-002   8.2873512608398737E-004   3.6663868298020597E-002   8.1554465357626317E-004
