 gamma g3f fuua tmp 
   1.2929292929292930        0.0000000000000000        1492.3215672222343        0.0000000000000000     
   1.2929292929292930        5.0505050505050509E-003   1492.3225898707190        0.0000000000000000     
   1.2929292929292930        1.0101010101010102E-002   1492.3236124813543        0.0000000000000000     
   1.2929292929292930        1.5151515151515152E-002   1492.3246350541410        0.0000000000000000     
   1.2929292929292930        2.0202020202020204E-002   1492.3256575890796        0.0000000000000000     
   1.2929292929292930        2.5252525252525252E-002   1492.3266800861691        0.0000000000000000     
   1.2929292929292930        3.0303030303030304E-002   1492.3277025454106        0.0000000000000000     
   1.2929292929292930        3.5353535353535352E-002   1492.3287249668037        0.0000000000000000     
   1.2929292929292930        4.0404040404040407E-002   1492.3297473503485        0.0000000000000000     
   1.2929292929292930        4.5454545454545456E-002   1492.3307696960455        0.0000000000000000     
   1.2929292929292930        5.0505050505050504E-002   1492.3317920038944        0.0000000000000000     
   1.2929292929292930        5.5555555555555552E-002   1492.3328142738958        0.0000000000000000     
   1.2929292929292930        6.0606060606060608E-002   1492.3338365060488        0.0000000000000000     
   1.2929292929292930        6.5656565656565663E-002   1492.3348587003547        0.0000000000000000     
   1.2929292929292930        7.0707070707070704E-002   1492.3358808568130        0.0000000000000000     
   1.2929292929292930        7.5757575757575760E-002   1492.3369029754235        0.0000000000000000     
   1.2929292929292930        8.0808080808080815E-002   1492.3379250561873        0.0000000000000000     
   1.2929292929292930        8.5858585858585856E-002   1492.3389470991033        0.0000000000000000     
   1.2929292929292930        9.0909090909090912E-002   1492.3399691041725        0.0000000000000000     
   1.2929292929292930        9.5959595959595953E-002   1492.3409910713942        0.0000000000000000     
   1.2929292929292930       0.10101010101010101        1492.3420130007696        0.0000000000000000     
   1.2929292929292930       0.10606060606060606        1492.3430348922975        0.0000000000000000     
   1.2929292929292930       0.11111111111111110        1492.3440567459791        0.0000000000000000     
   1.2929292929292930       0.11616161616161616        1492.3450785618143        0.0000000000000000     
   1.2929292929292930       0.12121212121212122        1492.3461003398027        0.0000000000000000     
   1.2929292929292930       0.12626262626262627        1492.3471220799443        0.0000000000000000     
   1.2929292929292930       0.13131313131313133        1492.3481437822395        0.0000000000000000     
   1.2929292929292930       0.13636363636363635        1492.3491654466893        0.0000000000000000     
   1.2929292929292930       0.14141414141414141        1492.3501870732925        0.0000000000000000     
   1.2929292929292930       0.14646464646464646        1492.3512086620499        0.0000000000000000     
   1.2929292929292930       0.15151515151515152        1492.3522302129609        0.0000000000000000     
   1.2929292929292930       0.15656565656565657        1492.3532517260267        0.0000000000000000     
   1.2929292929292930       0.16161616161616163        1492.3542732012459        0.0000000000000000     
   1.2929292929292930       0.16666666666666666        1492.3552946386201        0.0000000000000000     
   1.2929292929292930       0.17171717171717171        1492.3563160381482        0.0000000000000000     
   1.2929292929292930       0.17676767676767677        1492.3573373998308        0.0000000000000000     
   1.2929292929292930       0.18181818181818182        1492.3583587236690        0.0000000000000000     
   1.2929292929292930       0.18686868686868688        1492.3593800096610        0.0000000000000000     
   1.2929292929292930       0.19191919191919191        1492.3604012578080        0.0000000000000000     
   1.2929292929292930       0.19696969696969696        1492.3614224681098        0.0000000000000000     
   1.2929292929292930       0.20202020202020202        1492.3624436405667        0.0000000000000000     
   1.2929292929292930       0.20707070707070707        1492.3634647751790        0.0000000000000000     
   1.2929292929292930       0.21212121212121213        1492.3644858719458        0.0000000000000000     
   1.2929292929292930       0.21717171717171718        1492.3655069308684        0.0000000000000000     
   1.2929292929292930       0.22222222222222221        1492.3665279519460        0.0000000000000000     
   1.2929292929292930       0.22727272727272727        1492.3675489351790        0.0000000000000000     
   1.2929292929292930       0.23232323232323232        1492.3685698805680        0.0000000000000000     
   1.2929292929292930       0.23737373737373738        1492.3695907881117        0.0000000000000000     
   1.2929292929292930       0.24242424242424243        1492.3706116578119        0.0000000000000000     
   1.2929292929292930       0.24747474747474749        1492.3716324896677        0.0000000000000000     
   1.2929292929292930       0.25252525252525254        1492.3726532836795        0.0000000000000000     
   1.2929292929292930       0.25757575757575757        1492.3736740398472        0.0000000000000000     
   1.2929292929292930       0.26262626262626265        1492.3746947581708        0.0000000000000000     
   1.2929292929292930       0.26767676767676768        1492.3757154386508        0.0000000000000000     
   1.2929292929292930       0.27272727272727271        1492.3767360812867        0.0000000000000000     
   1.2929292929292930       0.27777777777777779        1492.3777566860786        0.0000000000000000     
   1.2929292929292930       0.28282828282828282        1492.3787772530275        0.0000000000000000     
   1.2929292929292930       0.28787878787878790        1492.3797977821323        0.0000000000000000     
   1.2929292929292930       0.29292929292929293        1492.3808182733942        0.0000000000000000     
   1.2929292929292930       0.29797979797979796        1492.3818387268125        0.0000000000000000     
   1.2929292929292930       0.30303030303030304        1492.3828591423876        0.0000000000000000     
   1.2929292929292930       0.30808080808080807        1492.3838795201191        0.0000000000000000     
   1.2929292929292930       0.31313131313131315        1492.3848998600074        0.0000000000000000     
   1.2929292929292930       0.31818181818181818        1492.3859201620533        0.0000000000000000     
   1.2929292929292930       0.32323232323232326        1492.3869404262564        0.0000000000000000     
   1.2929292929292930       0.32828282828282829        1492.3879606526159        0.0000000000000000     
   1.2929292929292930       0.33333333333333331        1492.3889808411327        0.0000000000000000     
   1.2929292929292930       0.33838383838383840        1492.3900009918075        0.0000000000000000     
   1.2929292929292930       0.34343434343434343        1492.3910211046391        0.0000000000000000     
   1.2929292929292930       0.34848484848484851        1492.3920411796273        0.0000000000000000     
   1.2929292929292930       0.35353535353535354        1492.3930612167742        0.0000000000000000     
   1.2929292929292930       0.35858585858585856        1492.3940812160781        0.0000000000000000     
   1.2929292929292930       0.36363636363636365        1492.3951011775398        0.0000000000000000     
   1.2929292929292930       0.36868686868686867        1492.3961211011592        0.0000000000000000     
   1.2929292929292930       0.37373737373737376        1492.3971409869366        0.0000000000000000     
   1.2929292929292930       0.37878787878787878        1492.3981608348715        0.0000000000000000     
   1.2929292929292930       0.38383838383838381        1492.3991806449646        0.0000000000000000     
   1.2929292929292930       0.38888888888888890        1492.4002004172157        0.0000000000000000     
   1.2929292929292930       0.39393939393939392        1492.4012201516250        0.0000000000000000     
   1.2929292929292930       0.39898989898989901        1492.4022398481920        0.0000000000000000     
   1.2929292929292930       0.40404040404040403        1492.4032595069182        0.0000000000000000     
   1.2929292929292930       0.40909090909090912        1492.4042791278021        0.0000000000000000     
   1.2929292929292930       0.41414141414141414        1492.4052987108441        0.0000000000000000     
   1.2929292929292930       0.41919191919191917        1492.4063182560449        0.0000000000000000     
   1.2929292929292930       0.42424242424242425        1492.4073377634040        0.0000000000000000     
   1.2929292929292930       0.42929292929292928        1492.4083572329221        0.0000000000000000     
   1.2929292929292930       0.43434343434343436        1492.4093766645985        0.0000000000000000     
   1.2929292929292930       0.43939393939393939        1492.4103960584337        0.0000000000000000     
   1.2929292929292930       0.44444444444444442        1492.4114154144277        0.0000000000000000     
   1.2929292929292930       0.44949494949494950        1492.4124347325808        0.0000000000000000     
   1.2929292929292930       0.45454545454545453        1492.4134540128923        0.0000000000000000     
   1.2929292929292930       0.45959595959595961        1492.4144732553636        0.0000000000000000     
   1.2929292929292930       0.46464646464646464        1492.4154924599934        0.0000000000000000     
   1.2929292929292930       0.46969696969696972        1492.4165116267827        0.0000000000000000     
   1.2929292929292930       0.47474747474747475        1492.4175307557311        0.0000000000000000     
   1.2929292929292930       0.47979797979797978        1492.4185498468385        0.0000000000000000     
   1.2929292929292930       0.48484848484848486        1492.4195689001053        0.0000000000000000     
   1.2929292929292930       0.48989898989898989        1492.4205879155318        0.0000000000000000     
   1.2929292929292930       0.49494949494949497        1492.4216068931171        0.0000000000000000     
   1.2929292929292930       0.50000000000000000        1492.4226258328626        0.0000000000000000     
