 Z Q2 pt2 MULT-RATIO STAT SYS fuu fuua DIS chi2
  0.34999999999999998        1.6470800000000001        5.9999999999999998E-002  0.81599999999999995        6.0000000000000001E-003   2.9000000000000001E-002   4.1688378403134352E-005   3.9316125685941426E-005   1.0106866434258415        15.641897421687228     
  0.34999999999999998        1.6515000000000000        9.2499999999999999E-002  0.80100000000000005        5.0000000000000001E-003   2.8000000000000001E-002   3.5057647552746071E-005   3.2896332089240450E-005   1.0111052501390607        19.950624428367838     
  0.34999999999999998        1.6326600000000000       0.14249999999999999       0.82299999999999995        5.0000000000000001E-003   2.9000000000000001E-002   2.7371329969142084E-005   2.5423392971473765E-005   1.0107748466628537        10.626871963201934     
  0.34999999999999998        1.6364799999999999       0.22000000000000000       0.83699999999999997        4.0000000000000001E-003   2.9000000000000001E-002   1.7063036164988876E-005   1.5398152478043742E-005   1.0108199024098574        3.6289942338987862     
  0.45000000000000001        1.6495299999999999        5.9999999999999998E-002  0.78700000000000003        8.9999999999999993E-003   2.8000000000000001E-002   2.3043269358311019E-005   2.1777578740292982E-005   1.0103017003829076        25.472206760921814     
  0.45000000000000001        1.6386799999999999        9.2499999999999999E-002  0.80100000000000005        7.0000000000000001E-003   2.8000000000000001E-002   2.0139334990220149E-005   1.8990271082987156E-005   1.0109866669251211        20.821268957918036     
  0.45000000000000001        1.6516500000000001       0.14249999999999999       0.82199999999999995        6.0000000000000001E-003   2.9000000000000001E-002   1.5590824582305826E-005   1.4597563798488994E-005   1.0109666696375352        12.365074335278987     
  0.45000000000000001        1.6415400000000000       0.22000000000000000       0.83399999999999996        6.0000000000000001E-003   2.9000000000000001E-002   1.0684636773562513E-005   9.8377270556104772E-006   1.0112291955524977        6.6750288848594925     
  0.55000000000000004        1.6720600000000001        5.9999999999999998E-002  0.79000000000000004        1.2000000000000000E-002   2.8000000000000001E-002   1.2437145433092206E-005   1.1638009075384332E-005   1.0092673692131207        20.270628999397537     
  0.55000000000000004        1.6452599999999999        9.2499999999999999E-002  0.80600000000000005        8.9999999999999993E-003   2.8000000000000001E-002   1.1383968627210885E-005   1.0657927999079277E-005   1.0107117002074366        16.730819681423409     
  0.55000000000000004        1.6415599999999999       0.14249999999999999       0.81999999999999995        8.0000000000000002E-003   2.9000000000000001E-002   9.3409513649461919E-006   8.7220329801989607E-006   1.0110412029921036        11.846888169873321     
  0.55000000000000004        1.6588799999999999       0.22000000000000000       0.82999999999999996        7.0000000000000001E-003   2.9000000000000001E-002   6.5328849299375871E-006   6.0416369437507877E-006   1.0105652118218340        8.1438272381481038     
  0.64999999999999991        1.6932900000000000        5.9999999999999998E-002  0.79700000000000004        1.6000000000000000E-002   2.8000000000000001E-002   7.0507098815177674E-006   6.4794929056121274E-006   1.0058921600722930        13.072964969517006     
  0.64999999999999991        1.6674199999999999        9.2499999999999999E-002  0.84399999999999997        1.2999999999999999E-002   2.9999999999999999E-002   6.6288079724398478E-006   6.1062776395366371E-006   1.0086599669104417        4.4878368147628933     
  0.64999999999999991        1.6358999999999999       0.14249999999999999       0.79200000000000004        1.0000000000000000E-002   2.8000000000000001E-002   5.8303240074800155E-006   5.3733842224724833E-006   1.0101782942474489        16.382292403177484     
  0.64999999999999991        1.6489499999999999       0.22000000000000000       0.79200000000000004        8.9999999999999993E-003   2.8000000000000001E-002   4.3169666382235428E-006   3.9599191570222913E-006   1.0094734029201673        15.739988573499005     
