 x kt PDF(p) PDF(Pb) ratio
   4.0000001899898052E-003   9.9999997764825821E-003   62.726800171018297        46.940361035306786       0.74833023376497165     
   8.0000003799796104E-003   9.9999997764825821E-003   33.210160835808381        26.946907394067850       0.81140550710650983     
   1.2000000104308128E-002   9.9999997764825821E-003   23.560457341477022        20.329376437901995       0.86286000917788352     
   1.6000000759959221E-002   9.9999997764825821E-003   18.661577314299841        16.922920593245898       0.90683227404782885     
   2.0000001415610313E-002   9.9999997764825821E-003   15.643866689460223        14.794587825639933       0.94571170410238303     
   2.4000000208616257E-002   9.9999997764825821E-003   13.574959861886512        13.310262887854913       0.98050108606399855     
   2.8000000864267349E-002   9.9999997764825821E-003   12.055189301483534        12.199208791846058        1.0119466801193078     
   3.2000001519918442E-002   9.9999997764825821E-003   10.882437144956526        11.321749068763578        1.0403688914491596     
   3.6000002175569534E-002   9.9999997764825821E-003   9.9495958767477077        10.597926007611596        1.0651614536806506     
   4.0000002831220627E-002   9.9999997764825821E-003   9.1871766997329800        9.9806519222730579        1.0863676892775056     
   4.4000003486871719E-002   9.9999997764825821E-003   8.5497136405831355        9.4480296948931315        1.1050697242122751     
   4.8000000417232513E-002   9.9999997764825821E-003   8.0080600555854797        8.9703689062222285        1.1201675367014206     
   5.2000001072883606E-002   9.9999997764825821E-003   7.5419996438976948        8.5376523504234214        1.1320144197210773     
   5.6000001728534698E-002   9.9999997764825821E-003   7.1359837039667351        8.1371383503170627        1.1402966553572436     
   6.0000002384185791E-002   9.9999997764825821E-003   6.7788025477268992        7.7683184755829089        1.1459720829584894     
   6.4000003039836884E-002   9.9999997764825821E-003   6.4619274533367799        7.4288457586764469        1.1496331106039228     
   6.8000003695487976E-002   9.9999997764825821E-003   6.1785440176953879        7.1254421890910304        1.1532558752812507     
   7.2000004351139069E-002   9.9999997764825821E-003   5.9232595552082499        6.8454313915168878        1.1556865485487267     
   7.6000005006790161E-002   9.9999997764825821E-003   5.6918760849605201        6.5886493796795707        1.1575532006201907     
   8.0000005662441254E-002   9.9999997764825821E-003   5.4812812762599945        6.3502845500073244        1.1585401715308927     
   8.4000006318092346E-002   9.9999997764825821E-003   5.2883939250915688        6.1289362827525036        1.1589409506112729     
   8.8000006973743439E-002   9.9999997764825821E-003   5.1106601331324466        5.9233091493995742        1.1590105769308974     
   9.2000007629394531E-002   9.9999997764825821E-003   4.9460891234657156        5.7309167003224415        1.1586763920474605     
   9.6000000834465027E-002   9.9999997764825821E-003   4.7936771795161253        5.5489311745647356        1.1575521185022404     
  0.10000000149011612        9.9999997764825821E-003   4.6518662283209249        5.3782047681427176        1.1561391717155982     
  0.10400000214576721        9.9999997764825821E-003   4.5191627902229721        5.2175461028447305        1.1545382065307943     
  0.10800000280141830        9.9999997764825821E-003   4.3943653650508878        5.0655307775632092        1.1527331836925101     
  0.11200000345706940        9.9999997764825821E-003   4.2765354195410019        4.9214836048547008        1.1508109069707930     
  0.11600000411272049        9.9999997764825821E-003   4.1654471739447958        4.7844444930842327        1.1486028494158598     
  0.12000000476837158        9.9999997764825821E-003   4.0605276146156495        4.6534001562048539        1.1460087451333152     
  0.12400000542402267        9.9999997764825821E-003   3.9611068167511134        4.5291895708070697        1.1434151565046398     
  0.12800000607967377        9.9999997764825821E-003   3.8666195641578600        4.4112344501957663        1.1408503932184810     
  0.13199999928474426        9.9999997764825821E-003   3.7765846781478696        4.2988341988914591        1.1382861938103592     
  0.13600000739097595        9.9999997764825821E-003   3.6905841243327582        4.1906456405582881        1.1354965770671706     
  0.14000000059604645        9.9999997764825821E-003   3.6080555571716770        4.0857872921728138        1.1324069786152702     
  0.14400000870227814        9.9999997764825821E-003   3.5287158539535719        3.9849346085867223        1.1292874726997366     
  0.14800000190734863        9.9999997764825821E-003   3.4524705020359567        3.8881853002572950        1.1262037714628967     
  0.15200001001358032        9.9999997764825821E-003   3.3791018882274608        3.7951994449572881        1.1231385055832379     
  0.15600000321865082        9.9999997764825821E-003   3.3082993222174046        3.7055194179503301        1.1200677620266497     
  0.16000001132488251        9.9999997764825821E-003   3.2400177933147458        3.6191307960241828        1.1170095434326550     
  0.16400000452995300        9.9999997764825821E-003   3.1739639756961857        3.5351273500784393        1.1137893741541396     
  0.16800001263618469        9.9999997764825821E-003   3.1099053911203551        3.4529238326227953        1.1102986741917786     
  0.17200000584125519        9.9999997764825821E-003   3.0478473106227444        3.3731627348765603        1.1067361291754956     
  0.17600001394748688        9.9999997764825821E-003   2.9875480323528478        3.2958922121046430        1.1032097815374564     
  0.18000000715255737        9.9999997764825821E-003   2.9288952584090020        3.2215709104032149        1.0999269779804952     
  0.18400001525878906        9.9999997764825821E-003   2.8718886958985750        3.1502717615478812        1.0969337934464078     
  0.18800000846385956        9.9999997764825821E-003   2.8163476345431473        3.0800206439054945        1.0936223235116069     
  0.19200000166893005        9.9999997764825821E-003   2.7622040852821907        3.0101143176547236        1.0897508745619011     
  0.19600000977516174        9.9999997764825821E-003   2.7094755072927397        2.9423689652936278        1.0859551811315655     
  0.20000000298023224        9.9999997764825821E-003   2.6579767037725972        2.8773889655718743        1.0825486022837802     
  0.20400001108646393        9.9999997764825821E-003   2.6075873965744942        2.8137803150542036        1.0790742119518519     
  0.20800000429153442        9.9999997764825821E-003   2.5583887156707252        2.7508499496942074        1.0752275183378555     
  0.21200001239776611        9.9999997764825821E-003   2.5102564368048195        2.6895163119276577        1.0714109811629482     
  0.21600000560283661        9.9999997764825821E-003   2.4630535427070375        2.6306259105697913        1.0680343991542232     
  0.22000001370906830        9.9999997764825821E-003   2.4167947006644215        2.5731816437644608        1.0647084102994127     
  0.22400000691413879        9.9999997764825821E-003   2.3714909178200241        2.5164079568266473        1.0611079881932828     
  0.22800001502037048        9.9999997764825821E-003   2.3270553679540811        2.4605504591675307        1.0573665298436010     
  0.23200000822544098        9.9999997764825821E-003   2.2834227978332566        2.4059249356281796        1.0536484692677874     
  0.23600001633167267        9.9999997764825821E-003   2.2406506109263300        2.3526408695829093        1.0499811341002783     
  0.24000000953674316        9.9999997764825821E-003   2.1986962690695733        2.3005525598453782        1.0463257668686123     
  0.24400001764297485        9.9999997764825821E-003   2.1574831145030235        2.2495571601320021        1.0426766008086177     
  0.24800001084804535        9.9999997764825821E-003   2.1169554956754166        2.1995993242150664        1.0390390013906656     
  0.25200000405311584        9.9999997764825821E-003   2.0771760281824836        2.1507150115367275        1.0354033468307402     
  0.25600001215934753        9.9999997764825821E-003   2.0381085550193054        2.1028972186116359        1.0317886225602526     
  0.26000002026557922        9.9999997764825821E-003   1.9996869313869490        2.0561408684635456        1.0282313877189972     
  0.26399999856948853        9.9999997764825821E-003   1.9618537520638788        2.0103431058915686        1.0247160899616901     
  0.26800000667572021        9.9999997764825821E-003   1.9246397865360338        1.9654173917765454        1.0211871361725837     
  0.27200001478195190        9.9999997764825821E-003   1.8880552898721272        1.9212857055908439        1.0176003403591889     
  0.27600002288818359        9.9999997764825821E-003   1.8520579762468421        1.8779909352111932        1.0140022392910744     
  0.28000000119209290        9.9999997764825821E-003   1.8166101500711089        1.8355303386824067        1.0104151067363336     
  0.28400000929832458        9.9999997764825821E-003   1.7816882322244370        1.7938813944826311        1.0068436003772505     
  0.28800001740455627        9.9999997764825821E-003   1.7473205984330289        1.7530756427258867        1.0032936395862435     
  0.29200002551078796        9.9999997764825821E-003   1.7134994817344278        1.7130936986413661       0.99976318458372049     
  0.29600000381469727        9.9999997764825821E-003   1.6802115585068707        1.6738994924259163       0.99624329088262931     
  0.30000001192092896        9.9999997764825821E-003   1.6474434065476613        1.6354642459419924       0.99272863604415273     
  0.30400002002716064        9.9999997764825821E-003   1.6151982203310218        1.5977700119021663       0.98920986402196276     
  0.30800002813339233        9.9999997764825821E-003   1.5834946735784354        1.5608269028059114       0.98568497188481308     
  0.31200000643730164        9.9999997764825821E-003   1.5522984161800235        1.5246160060831022       0.98216682449174719     
  0.31600001454353333        9.9999997764825821E-003   1.5215746418843294        1.4891018236333544       0.97865841257004627     
  0.32000002264976501        9.9999997764825821E-003   1.4912923650457390        1.4542418598004925       0.97515543825364503     
  0.32400000095367432        9.9999997764825821E-003   1.4614289405665046        1.4200369510513315       0.97167704267637678     
  0.32800000905990601        9.9999997764825821E-003   1.4319995287076743        1.3865087778447061       0.96823270542273010     
  0.33200001716613770        9.9999997764825821E-003   1.4030086725529787        1.3536792322220399       0.96484024561218384     
  0.33600002527236938        9.9999997764825821E-003   1.3744558305495118        1.3214946152385871       0.96146750289549088     
  0.34000000357627869        9.9999997764825821E-003   1.3463399535509550        1.2899135884796373       0.95808906589862841     
  0.34400001168251038        9.9999997764825821E-003   1.3186587201352724        1.2589208052234377       0.95469797150720959     
  0.34800001978874207        9.9999997764825821E-003   1.2914076946836994        1.2285397109956544       0.95131825220892530     
  0.35200002789497375        9.9999997764825821E-003   1.2645785293060525        1.1988048772377164       0.94798768874841655     
  0.35600000619888306        9.9999997764825821E-003   1.2381638626032299        1.1696786762536220       0.94468810759375721     
  0.36000001430511475        9.9999997764825821E-003   1.2121557795526710        1.1411240066542356       0.94140045850818899     
  0.36400002241134644        9.9999997764825821E-003   1.1865470308387309        1.1130911161384274       0.93809270699672143     
  0.36800003051757812        9.9999997764825821E-003   1.1613302633273150        1.0856214188760691       0.93480851499182216     
  0.37200000882148743        9.9999997764825821E-003   1.1364908975307588        1.0587204208205976       0.93156964399879283     
  0.37600001692771912        9.9999997764825821E-003   1.1120229780995199        1.0323854970253710       0.92838504001936029     
  0.38000002503395081        9.9999997764825821E-003   1.0879307360906612        1.0065760228411031       0.92522068680411063     
  0.38400000333786011        9.9999997764825821E-003   1.0642173998902948       0.98125706282222347       0.92204568626990746     
  0.38800001144409180        9.9999997764825821E-003   1.0408847444080471       0.95643275507327030       0.91886518676685491     
  0.39200001955032349        9.9999997764825821E-003   1.0179342295473290       0.93212572868924637       0.91570329558890917     
  0.39600002765655518        9.9999997764825821E-003  0.99535858249682463       0.90834772722346835       0.91258340782565783     
  0.40000000596046448        9.9999997764825821E-003  0.97313495851279053       0.88505523664871799       0.90948868798354365     
   4.0000001899898052E-003  0.25000000000000000        54.529613012797938        41.063929930156036       0.75305742442218415     
   8.0000003799796104E-003  0.25000000000000000        28.833752734159788        23.556832601220325       0.81698809095051250     
   1.2000000104308128E-002  0.25000000000000000        20.439572602641114        17.764317637085078       0.86911394785180829     
   1.6000000759959221E-002  0.25000000000000000        16.180745037043881        14.783496187275485       0.91364743424548367     
   2.0000001415610313E-002  0.25000000000000000        13.558780082358222        12.921494078080519       0.95299827857619013     
   2.4000000208616257E-002  0.25000000000000000        11.761954307420682        11.623186215782175       0.98820195283780710     
   2.8000000864267349E-002  0.25000000000000000        10.442541896157220        10.651861118410643        1.0200448534786777     
   3.2000001519918442E-002  0.25000000000000000        9.4248288945732721        9.8842394211558684        1.0487447073810667     
   3.6000002175569534E-002  0.25000000000000000        8.6154429956987304        9.2513914657401415        1.0738149472242935     
   4.0000002831220627E-002  0.25000000000000000        7.9540404013125734        8.7121517802831079        1.0953114820545080     
   4.4000003486871719E-002  0.25000000000000000        7.4011814933328965        8.2465193186724264        1.1142166052948470     
   4.8000000417232513E-002  0.25000000000000000        6.9315074478949139        7.8288374810587857        1.1294566932098427     
   5.2000001072883606E-002  0.25000000000000000        6.5274318423470605        7.4509611947519589        1.1414843348364747     
   5.6000001728534698E-002  0.25000000000000000        6.1754592855911961        7.1012206124792456        1.1499097126343412     
   6.0000002384185791E-002  0.25000000000000000        5.8658506606888317        6.7790824301264108        1.1556861608424136     
   6.4000003039836884E-002  0.25000000000000000        5.5912019324646716        6.4824777984637594        1.1594068461065583     
   6.8000003695487976E-002  0.25000000000000000        5.3456026719390399        6.2175413715277985        1.1631132639479311     
   7.2000004351139069E-002  0.25000000000000000        5.1243688556528353        5.9729837772691159        1.1656037934662236     
   7.6000005006790161E-002  0.25000000000000000        4.9238562426167096        5.7489048155960321        1.1675614665266634     
   8.0000005662441254E-002  0.25000000000000000        4.7413686621756170        5.5406799596267131        1.1685823977003984     
   8.4000006318092346E-002  0.25000000000000000        4.5742329300595896        5.3473862023971952        1.1690235902192094     
   8.8000006973743439E-002  0.25000000000000000        4.4202328390842167        5.1678948867692966        1.1691453991007361     
   9.2000007629394531E-002  0.25000000000000000        4.2776413800061608        4.9998962665817634        1.1688441882836289     
   9.6000000834465027E-002  0.25000000000000000        4.1455901559647330        4.8412052476988245        1.1677963970300418     
  0.10000000149011612       0.25000000000000000        4.0227280717946838        4.6922300866923576        1.1664298463502618     
  0.10400000214576721       0.25000000000000000        3.9077594567995835        4.5519275641364736        1.1648433365610629     
  0.10800000280141830       0.25000000000000000        3.7996420765888752        4.4191419887387031        1.1630416496245308     
  0.11200000345706940       0.25000000000000000        3.6975618547092863        4.2933008353502311        1.1611167044797912     
  0.11600000411272049       0.25000000000000000        3.6013222817525601        4.1736566892170872        1.1589234072064232     
  0.12000000476837158       0.25000000000000000        3.5104280430846098        4.0593625111489064        1.1563725167777399     
  0.12400000542402267       0.25000000000000000        3.4242999149187510        3.9509484234287768        1.1537974247569731     
  0.12800000607967377       0.25000000000000000        3.3424490046062392        3.8479548590479142        1.1512381651133752     
  0.13199999928474426       0.25000000000000000        3.2644589616413393        3.7498718169179348        1.1486962651331767     
  0.13600000739097595       0.25000000000000000        3.1899677434951892        3.6553984457721080        1.1459045168171371     
  0.14000000059604645       0.25000000000000000        3.1184821237722593        3.5637725825347393        1.1427907684216052     
  0.14400000870227814       0.25000000000000000        3.0497591850162280        3.4758040742656267        1.1396978788825687     
  0.14800000190734863       0.25000000000000000        2.9837212428420496        3.3914797734847806        1.1366610676586977     
  0.15200001001358032       0.25000000000000000        2.9201774653870221        3.3102716477320424        1.1335857792784247     
  0.15600000321865082       0.25000000000000000        2.8588567607653257        3.2319346082371192        1.1304989646882202     
  0.16000001132488251       0.25000000000000000        2.7997195121969476        3.1565809239821134        1.1274632727423239     
  0.16400000452995300       0.25000000000000000        2.7425136128049541        3.0833019148369587        1.1242612982633320     
  0.16800001263618469       0.25000000000000000        2.6870389153258398        3.0115383128249658        1.1207646810205485     
  0.17200000584125519       0.25000000000000000        2.6332990618167802        2.9419426174111445        1.1172079389195633     
  0.17600001394748688       0.25000000000000000        2.5810848911810753        2.8745849690450282        1.1137119041945385     
  0.18000000715255737       0.25000000000000000        2.5302993596235703        2.8097772798454845        1.1104525119365685     
  0.18400001525878906       0.25000000000000000        2.4809416601808354        2.7475542708629455        1.1074642805839605     
  0.18800000846385956       0.25000000000000000        2.4328542863259770        2.6862474050389982        1.1041546631613881     
  0.19200000166893005       0.25000000000000000        2.3859774268725640        2.6252571208685884        1.1002858163288083     
  0.19600000977516174       0.25000000000000000        2.3403264133749513        2.5661153482125272        1.0964775398624711     
  0.20000000298023224       0.25000000000000000        2.2957421213572005        2.5093279002897004        1.0930356144732110     
  0.20400001108646393       0.25000000000000000        2.2521210224511914        2.4537740819315430        1.0895391755017116     
  0.20800000429153442       0.25000000000000000        2.2095322503503829        2.3989197347759328        1.0857138357656999     
  0.21200001239776611       0.25000000000000000        2.1678690388939121        2.3454653294317871        1.0819220567993757     
  0.21600000560283661       0.25000000000000000        2.1270136684750685        2.2940639777718124        1.0785374874513656     
  0.22000001370906830       0.25000000000000000        2.0869788048119053        2.2439185300441653        1.0751994820792656     
  0.22400000691413879       0.25000000000000000        2.0477731641468093        2.1944057095709977        1.0716058536128350     
  0.22800001502037048       0.25000000000000000        2.0093210881860353        2.1457061645633901        1.0678761981742200     
  0.23200000822544098       0.25000000000000000        1.9715656530698791        2.0980505424260856        1.0641545409148612     
  0.23600001633167267       0.25000000000000000        1.9345562616250591        2.0515383535094864        1.0604697284875864     
  0.24000000953674316       0.25000000000000000        1.8982562028222481        2.0060738767891197        1.0567982729657739     
  0.24400001764297485       0.25000000000000000        1.8625992608445543        1.9615814533181726        1.0531419691580555     
  0.24800001084804535       0.25000000000000000        1.8275372825760485        1.9180045156894499        1.0495022640445841     
  0.25200000405311584       0.25000000000000000        1.7931237123458184        1.8753834839399572        1.0458751234104893     
  0.25600001215934753       0.25000000000000000        1.7593276004078560        1.8336898200060163        1.0422674091970827     
  0.26000002026557922       0.25000000000000000        1.7260922848311067        1.7928929884393856        1.0387005400553164     
  0.26399999856948853       0.25000000000000000        1.6933685654585009        1.7529130408557387        1.0351633286526229     
  0.26800000667572021       0.25000000000000000        1.6611826078790322        1.7137019109497558        1.0316156109639141     
  0.27200001478195190       0.25000000000000000        1.6295429025785833        1.6752091623132686        1.0280239689684900     
  0.27600002288818359       0.25000000000000000        1.5984129816559869        1.6374517157208253        1.0244234340642013     
  0.28000000119209290       0.25000000000000000        1.5677603241905262        1.6004160653528814        1.0208295494269610     
  0.28400000929832458       0.25000000000000000        1.5375646369803919        1.5640859171846226        1.0172488879923225     
  0.28800001740455627       0.25000000000000000        1.5078504199166862        1.5284922443688838        1.0136895703841353     
  0.29200002551078796       0.25000000000000000        1.4786103980543914        1.4936194504901106        1.0101507824207572     
  0.29600000381469727       0.25000000000000000        1.4498325122964264        1.4594345780091498        1.0066228792852179     
  0.30000001192092896       0.25000000000000000        1.4215046797726802        1.4259119184145088        1.0031004038921161     
  0.30400002002716064       0.25000000000000000        1.3936290638091777        1.3930358986978484       0.99957437375071090     
  0.30800002813339233       0.25000000000000000        1.3662215733588867        1.3608154480766441       0.99604300986921801     
  0.31200000643730164       0.25000000000000000        1.3392533694790378        1.3292342064475682       0.99251884426068904     
  0.31600001454353333       0.25000000000000000        1.3126951605435553        1.2982605217652528       0.98900381504238544     
  0.32000002264976501       0.25000000000000000        1.2865208586632317        1.2678559909711813       0.98549198206436828     
  0.32400000095367432       0.25000000000000000        1.2607113594347530        1.2380225458228271       0.98200316556035594     
  0.32800000905990601       0.25000000000000000        1.2352791648102166        1.2087806921301105       0.97854859578710918     
  0.33200001716613770       0.25000000000000000        1.2102277253979821        1.1801519716554261       0.97514868225922879     
  0.33600002527236938       0.25000000000000000        1.1855562224963117        1.1520863644132493       0.97176864542738595     
  0.34000000357627869       0.25000000000000000        1.1612634326542655        1.1245460166419994       0.96838149296723985     
  0.34400001168251038       0.25000000000000000        1.1373470641161758        1.0975170756731214       0.96497991712494025     
  0.34800001978874207       0.25000000000000000        1.1138030104775907        1.0710214527814048       0.96158965517803596     
  0.35200002789497375       0.25000000000000000        1.0906241131705032        1.0450898623743174       0.95824936360171309     
  0.35600000619888306       0.25000000000000000        1.0678042411852524        1.0196896934127526       0.95494066616640039     
  0.36000001430511475       0.25000000000000000        1.0453367590351923       0.99478885640383719       0.95164438426712461     
  0.36400002241134644       0.25000000000000000        1.0232155822838387       0.97034501308739407       0.94832900308414347     
  0.36800003051757812       0.25000000000000000        1.0014345144985182       0.94639250597188074       0.94503683692767426     
  0.37200000882148743       0.25000000000000000       0.97998083863980434       0.92293482219457590       0.94178864096525883     
  0.37600001692771912       0.25000000000000000       0.95884914684219924       0.89996903143712781       0.93859293132920574     
  0.38000002503395081       0.25000000000000000       0.93804299269531821       0.87746173202365629       0.93541739435887550     
  0.38400000333786011       0.25000000000000000       0.91756507065313986       0.85538418355173640       0.93223272213583508     
  0.38800001144409180       0.25000000000000000       0.89741682672430734       0.83373956747292333       0.92904383185702610     
  0.39200001955032349       0.25000000000000000       0.87759944121384337       0.81254620229918040       0.92587365504166097     
  0.39600002765655518       0.25000000000000000       0.85810645957383824       0.79181275910586879       0.92274420064278162     
  0.40000000596046448       0.25000000000000000       0.83891792001186893       0.77150224852486371       0.91963972889498957     
   4.0000001899898052E-003  0.50000000000000000        35.944371784498614        27.607484576973981       0.76806140172631976     
   8.0000003799796104E-003  0.50000000000000000        18.909739342436556        15.781739260469772       0.83458259126041789     
   1.2000000104308128E-002  0.50000000000000000        13.361600967487885        11.873498571583289       0.88862843610391296     
   1.6000000759959221E-002  0.50000000000000000        10.553760096883851        9.8645636437408672       0.93469659658584825     
   2.0000001415610313E-002  0.50000000000000000        8.8289084569497600        8.6109598629977651       0.97531420843077898     
   2.4000000208616257E-002  0.50000000000000000        7.6489426747162677        7.7376710166512925        1.0116000793453870     
   2.8000000864267349E-002  0.50000000000000000        6.7838132512062090        7.0848558224289819        1.0443766006042761     
   3.2000001519918442E-002  0.50000000000000000        6.1175351357187688        6.5692652364972339        1.0738418481883210     
   3.6000002175569534E-002  0.50000000000000000        5.5880989562989649        6.1446973891995995        1.0996042549091281     
   4.0000002831220627E-002  0.50000000000000000        5.1558150419296123        5.7835456678649741        1.1217519675997585     
   4.4000003486871719E-002  0.50000000000000000        4.7948180496530783        5.4715848659808275        1.1411454635649241     
   4.8000000417232513E-002  0.50000000000000000        4.4883701697089498        5.1921754030496832        1.1568064145178052     
   5.2000001072883606E-002  0.50000000000000000        4.2248655465218281        4.9396064047762041        1.1691748176087626     
   5.6000001728534698E-002  0.50000000000000000        3.9954603930870571        4.7062390138567842        1.1778965502948084     
   6.0000002384185791E-002  0.50000000000000000        3.7937481622953229        4.4913849196200939        1.1838911618484136     
   6.4000003039836884E-002  0.50000000000000000        3.6148745320750306        4.2939074297860049        1.1878441123435595     
   6.8000003695487976E-002  0.50000000000000000        3.4549782690509323        4.1173634518060434        1.1917190590426103     
   7.2000004351139069E-002  0.50000000000000000        3.3109815692493751        3.9545431203059072        1.1943718313123779     
   7.6000005006790161E-002  0.50000000000000000        3.1804955722222839        3.8053834263069715        1.1964749957655387     
   8.0000005662441254E-002  0.50000000000000000        3.0617681442746156        3.6668478357490262        1.1976242690374468     
   8.4000006318092346E-002  0.50000000000000000        2.9530505908156144        3.5383087974150946        1.1981876668214599     
   8.8000006973743439E-002  0.50000000000000000        2.8528918418821489        3.4189471171342682        1.1984145584988857     
   9.2000007629394531E-002  0.50000000000000000        2.7601626449760461        3.3072079745790015        1.1981931501749248     
   9.6000000834465027E-002  0.50000000000000000        2.6743014194737023        3.2017697845537647        1.1972359440260356     
  0.10000000149011612       0.50000000000000000        2.5944270252995483        3.1027982822441920        1.1959474103481280     
  0.10400000214576721       0.50000000000000000        2.5196928778897729        3.0095796516093234        1.1944232084863564     
  0.10800000280141830       0.50000000000000000        2.4494182778027103        2.9213500337106493        1.1926709538279812     
  0.11200000345706940       0.50000000000000000        2.3830715708366226        2.8377146257309636        1.1907802772095215     
  0.11600000411272049       0.50000000000000000        2.3205223618149038        2.7582472107650169        1.1886320322325030     
  0.12000000476837158       0.50000000000000000        2.2614513163722294        2.6824237983984531        1.1861514678554030     
  0.12400000542402267       0.50000000000000000        2.2054847999237741        2.6104688477934821        1.1836258621613285     
  0.12800000607967377       0.50000000000000000        2.1523069285217189        2.5420764673825405        1.1810938457223334     
  0.13199999928474426       0.50000000000000000        2.1016482990522030        2.4769253993616980        1.1785632260539201     
  0.13600000739097595       0.50000000000000000        2.0532738041197542        2.4142073122062890        1.1757844021398152     
  0.14000000059604645       0.50000000000000000        2.0068469281838843        2.3534250234492244        1.1726978228374296     
  0.14400000870227814       0.50000000000000000        1.9622153440761934        2.2951062962103763        1.1696505702797402     
  0.14800000190734863       0.50000000000000000        1.9193385863700028        2.2392153478051995        1.1666598919579747     
  0.15200001001358032       0.50000000000000000        1.8780875853423540        2.1853476842200581        1.1636026462640687     
  0.15600000321865082       0.50000000000000000        1.8382837688087146        2.1333675688154612        1.1605213542183279     
  0.16000001132488251       0.50000000000000000        1.7999000164099497        2.0833614694594069        1.1574873328879927     
  0.16400000452995300       0.50000000000000000        1.7627755406780927        2.0347632508315336        1.1542951464193874     
  0.16800001263618469       0.50000000000000000        1.7267820871413975        1.9872248421554781        1.1508254903461679     
  0.17200000584125519       0.50000000000000000        1.6919202182020490        1.9411311500478750        1.1472947300734160     
  0.17600001394748688       0.50000000000000000        1.6580548971380988        1.8965077266771790        1.1438147976587891     
  0.18000000715255737       0.50000000000000000        1.6251233545907913        1.8535429068251130        1.1405552086794286     
  0.18400001525878906       0.50000000000000000        1.5931237844569381        1.8122576396911241        1.1375497983095419     
  0.18800000846385956       0.50000000000000000        1.5619529544685589        1.7716240031387891        1.1342364685635291     
  0.19200000166893005       0.50000000000000000        1.5315706158014615        1.7312715837308463        1.1303896574333809     
  0.19600000977516174       0.50000000000000000        1.5019864623881722        1.6921347987831057        1.1265979029482036     
  0.20000000298023224       0.50000000000000000        1.4730994263815689        1.6545139449006410        1.1231515777347680     
  0.20400001108646393       0.50000000000000000        1.4448433414710751        1.6177176648643321        1.1196491816318606     
  0.20800000429153442       0.50000000000000000        1.4172606885357424        1.5814192046373210        1.1158280318006850     
  0.21200001239776611       0.50000000000000000        1.3902837078936978        1.5460498941889782        1.1120391366243287     
  0.21600000560283661       0.50000000000000000        1.3638377836852755        1.5120151495232610        1.1086473535273309     
  0.22000001370906830       0.50000000000000000        1.3379305962759707        1.4788129820818210        1.1052987249099362     
  0.22400000691413879       0.50000000000000000        1.3125663108454728        1.4460494897601048        1.1016963316913493     
  0.22800001502037048       0.50000000000000000        1.2876954951462045        1.4138356361050504        1.0979580509789109     
  0.23200000822544098       0.50000000000000000        1.2632808008338683        1.3823142289162365        1.0942256290159689     
  0.23600001633167267       0.50000000000000000        1.2393530985507755        1.3515490506722110        1.0905278344425255     
  0.24000000953674316       0.50000000000000000        1.2158888040070728        1.3214789706224475        1.0868419597806911     
  0.24400001764297485       0.50000000000000000        1.1928455185968030        1.2920546391092431        1.0831701330689862     
  0.24800001084804535       0.50000000000000000        1.1701922311751709        1.2632405471221786        1.0795154107744875     
  0.25200000405311584       0.50000000000000000        1.1479617682359373        1.2350665289378771        1.0758777540438413     
  0.25600001215934753       0.50000000000000000        1.1261345833242065        1.2075083479499802        1.0722593603204766     
  0.26000002026557922       0.50000000000000000        1.1046750560525866        1.1805406924703987        1.0686768801396749     
  0.26399999856948853       0.50000000000000000        1.0835521990084451        1.1541127007621912        1.0651196147433559     
  0.26800000667572021       0.50000000000000000        1.0627817697795192        1.1281973340627498        1.0615512668200937     
  0.27200001478195190       0.50000000000000000        1.0423684777641991        1.1027642904796264        1.0579409431537798     
  0.27600002288818359       0.50000000000000000        1.0222891138079393        1.0778217435823010        1.0543218440109445     
  0.28000000119209290       0.50000000000000000        1.0025229481297984        1.0533601404761417        1.0507092555249531     
  0.28400000929832458       0.50000000000000000       0.98305698917345619        1.0293678289181827        1.0471090081803540     
  0.28800001740455627       0.50000000000000000       0.96390639922030985        1.0058635597411647        1.0435282518663569     
  0.29200002551078796       0.50000000000000000       0.94506575002395665       0.98283638560644992        1.0399661458279870     
  0.29600000381469727       0.50000000000000000       0.92652662520149975       0.96026592348906292        1.0364148178474910     
  0.30000001192092896       0.50000000000000000       0.90828065499121236       0.93813633390526141        1.0328705436474785     
  0.30400002002716064       0.50000000000000000       0.89032826139671073       0.91643648521941101        1.0293242671885343     
  0.30800002813339233       0.50000000000000000       0.87267888120715942       0.89517099929840294        1.0257736477593347     
  0.31200000643730164       0.50000000000000000       0.85531521306277836       0.87432863946104367        1.0222297301718515     
  0.31600001454353333       0.50000000000000000       0.83821959936897350       0.85388958850517438        1.0186943721525930     
  0.32000002264976501       0.50000000000000000       0.82137628942762153       0.83382948219402553        1.0151613735710365     
  0.32400000095367432       0.50000000000000000       0.80477360728554759       0.81414904221476025        1.0116497793222063     
  0.32800000905990601       0.50000000000000000       0.78841830328847318       0.79486056623464285        1.0081711230184525     
  0.33200001716613770       0.50000000000000000       0.77231192120648795       0.77597729735986143        1.0047459789920730     
  0.33600002527236938       0.50000000000000000       0.75645350291713409       0.75746741343758128        1.0013403474457283     
  0.34000000357627869       0.50000000000000000       0.74084186472131797       0.73930679101371855       0.99792793336783570     
  0.34400001168251038       0.50000000000000000       0.72547516852656047       0.72148634390825084       0.99450177650268734     
  0.34800001978874207       0.50000000000000000       0.71035015874545915       0.70401912933643973       0.99108745267235443     
  0.35200002789497375       0.50000000000000000       0.69546205338586498       0.68692361342057418       0.98772263716802189     
  0.35600000619888306       0.50000000000000000       0.68080728128260870       0.67017949012711298       0.98438942789290762     
  0.36000001430511475       0.50000000000000000       0.66638190201380698       0.65376675061782996       0.98106918666630349     
  0.36400002241134644       0.50000000000000000       0.65218228705478254       0.63765937200915968       0.97773181619021343     
  0.36800003051757812       0.50000000000000000       0.63820469688520953       0.62187752421765119       0.97441702834961264     
  0.37200000882148743       0.50000000000000000       0.62444057505320771       0.60642179278985886       0.97114412006008177     
  0.37600001692771912       0.50000000000000000       0.61088589246417779       0.59128932406060108       0.96792106570913183     
  0.38000002503395081       0.50000000000000000       0.59754280806540438       0.57646032153544091       0.96471803150268043     
  0.38400000333786011       0.50000000000000000       0.58441293354639345       0.56191768518792595       0.96150795598933858     
  0.38800001144409180       0.50000000000000000       0.57149708471202165       0.54766304610402361       0.95829543274046958     
  0.39200001955032349       0.50000000000000000       0.55879591162624265       0.53370695032006821       0.95510174504827894     
  0.39600002765655518       0.50000000000000000       0.54630495548755797       0.52005339684924501       0.95194706111555516     
  0.40000000596046448       0.50000000000000000       0.53401085613023103       0.50667877335617728       0.94881736492752466     
   4.0000001899898052E-003  0.75000000000000000        18.469062880666506        14.282273276715229       0.77330795660812723     
   8.0000003799796104E-003  0.75000000000000000        9.5832517096192404        8.0840396791080149       0.84355915132580905     
   1.2000000104308128E-002  0.75000000000000000        6.7120050274069305        6.0421589739520591       0.90020179503446307     
   1.6000000759959221E-002  0.75000000000000000        5.2685583935362317        4.9958199809398334       0.94823281963980710     
   2.0000001415610313E-002  0.75000000000000000        4.3870823840718369        4.3447664653819782       0.99035442807194707     
   2.4000000208616257E-002  0.75000000000000000        3.7869184467684716        3.8923863136669117        1.0278505778196623     
   2.8000000864267349E-002  0.75000000000000000        3.3487112452962915        3.5549880073610223        1.0615988501112104     
   3.2000001519918442E-002  0.75000000000000000        3.0126448134140587        3.2889759936995802        1.0917237833863234     
   3.6000002175569534E-002  0.75000000000000000        2.7462300862717814        3.0706546047643042        1.1181345001332186     
   4.0000002831220627E-002  0.75000000000000000        2.5291925947313127        2.8858046064426759        1.1409983614748198     
   4.4000003486871719E-002  0.75000000000000000        2.3484223152793704        2.7259974518409238        1.1607782101647406     
   4.8000000417232513E-002  0.75000000000000000        2.1952896344069530        2.5834861101461128        1.1768315531831997     
   5.2000001072883606E-002  0.75000000000000000        2.0638132224360421        2.4549475118650359        1.1895201974562963     
   5.6000001728534698E-002  0.75000000000000000        1.9495204590698059        2.3367735716569435        1.1986401890708609     
   6.0000002384185791E-002  0.75000000000000000        1.8491378931425604        2.2281099793742611        1.2049452816023623     
   6.4000003039836884E-002  0.75000000000000000        1.7602073485292571        2.1287300283399078        1.2093632208265521     
   6.8000003695487976E-002  0.75000000000000000        1.6807925303417353        2.0396793373205604        1.2135223714409635     
   7.2000004351139069E-002  0.75000000000000000        1.6093254830412183        1.9577397547045545        1.2164970823707590     
   7.6000005006790161E-002  0.75000000000000000        1.5445970785375294        1.8827315951337826        1.2189143831065699     
   8.0000005662441254E-002  0.75000000000000000        1.4857414508750246        1.8131617496240329        1.2203750178445749     
   8.4000006318092346E-002  0.75000000000000000        1.4318785190323975        1.7486990575180386        1.2212621631475657     
   8.8000006973743439E-002  0.75000000000000000        1.3822761811529909        1.6888426093852416        1.2217837740476263     
   9.2000007629394531E-002  0.75000000000000000        1.3363667751477823        1.6327826181109073        1.2218072526760819     
   9.6000000834465027E-002  0.75000000000000000        1.2938765479332501        1.5800241054804010        1.2211552238149948     
  0.10000000149011612       0.75000000000000000        1.2543657769820638        1.5305253450216012        1.2201587233222853     
  0.10400000214576721       0.75000000000000000        1.2174098008142971        1.4838993109685428        1.2188987717825148     
  0.10800000280141830       0.75000000000000000        1.1826675645074178        1.4397624615991820        1.2173855991382028     
  0.11200000345706940       0.75000000000000000        1.1498727241956976        1.3978957431794636        1.2156960624987874     
  0.11600000411272049       0.75000000000000000        1.1189570535437188        1.3581882549502722        1.2137983764872049     
  0.12000000476837158       0.75000000000000000        1.0897662774770422        1.3204333376682660        1.2116665425959496     
  0.12400000542402267       0.75000000000000000        1.0621196254741341        1.2845498528121220        1.2094210689673437     
  0.12800000607967377       0.75000000000000000        1.0358635416661890        1.2503886870515699        1.2070978818699583     
  0.13199999928474426       0.75000000000000000        1.0108665187440620        1.2178220197517962        1.2047307900402748     
  0.13600000739097595       0.75000000000000000       0.98701261509548865        1.1865264147575387        1.2021390574048014     
  0.14000000059604645       0.75000000000000000       0.96411342405812051        1.1562651917267235        1.1993041097382535     
  0.14400000870227814       0.75000000000000000       0.94210130149899396        1.1272801910074792        1.1965594243568540     
  0.14800000190734863       0.75000000000000000       0.92097007040345458        1.0995172986744171        1.1938686543773842     
  0.15200001001358032       0.75000000000000000       0.90064897535264199        1.0727041620964033        1.1910346777182470     
  0.15600000321865082       0.75000000000000000       0.88104651774296738        1.0468052835379988        1.1881384949113314     
  0.16000001132488251       0.75000000000000000       0.86214737756616977        1.0218748174677139        1.1852669787762418     
  0.16400000452995300       0.75000000000000000       0.84387630061458019       0.99769320859390542        1.1822742360074612     
  0.16800001263618469       0.75000000000000000       0.82617240910094025       0.97412472057546895        1.1790816418518912     
  0.17200000584125519       0.75000000000000000       0.80903347268177328       0.95128277617696244        1.1758262275894014     
  0.17600001394748688       0.75000000000000000       0.79239400547399663       0.92914673614898557        1.1725817329892416     
  0.18000000715255737       0.75000000000000000       0.77622339103269578       0.90778977481636713        1.1694955154709188     
  0.18400001525878906       0.75000000000000000       0.76051895309621664       0.88722134249236617        1.1665999103379607     
  0.18800000846385956       0.75000000000000000       0.74522849933649626       0.86704132689770852        1.1634570171023606     
  0.19200000166893005       0.75000000000000000       0.73033024141562120       0.84710422893472315        1.1598920336268088     
  0.19600000977516174       0.75000000000000000       0.71582857355358620       0.82775878093857835        1.1563645424620832     
  0.20000000298023224       0.75000000000000000       0.70167679018341111       0.80910423139903775        1.1531010327241211     
  0.20400001108646393       0.75000000000000000       0.68784373254355269       0.79086731481785510        1.1497775983119527     
  0.20800000429153442       0.75000000000000000       0.67434699882879179       0.77292179908031200        1.1461781551971393     
  0.21200001239776611       0.75000000000000000       0.66115534582574320       0.75543951337690984        1.1426051655581964     
  0.21600000560283661       0.75000000000000000       0.64823450609902444       0.73858663652299428        1.1393818588394731     
  0.22000001370906830       0.75000000000000000       0.63558749556549710       0.72214825983728592        1.1361901624492685     
  0.22400000691413879       0.75000000000000000       0.62321430368639719       0.70595429393716347        1.1327633043101675     
  0.22800001502037048       0.75000000000000000       0.61109015946895295       0.69004786776880478        1.1292079525032237     
  0.23200000822544098       0.75000000000000000       0.59919613126198923       0.67448600754161814        1.1256514726172515     
  0.23600001633167267       0.75000000000000000       0.58754574775957080       0.65929750759605954        1.1221211456471134     
  0.24000000953674316       0.75000000000000000       0.57612772912321109       0.64445564249693132        1.1185985501473885     
  0.24400001764297485       0.75000000000000000       0.56492200432009665       0.62993724839489362        1.1150871157037776     
  0.24800001084804535       0.75000000000000000       0.55391364258846842       0.61572695894477014        1.1115937785309724     
  0.25200000405311584       0.75000000000000000       0.54311622409566951       0.60184320688766380        1.1081296786701211     
  0.25600001215934753       0.75000000000000000       0.53252086597913029       0.58826716953747615        1.1046837919784547     
  0.26000002026557922       0.75000000000000000       0.52211162324716542       0.57497984278777037        1.1012584611922676     
  0.26399999856948853       0.75000000000000000       0.51187454193425952       0.56195867492825902        1.0978445476204828     
  0.26800000667572021       0.75000000000000000       0.50181567498197488       0.54919620330761987        1.0944181911562385     
  0.27200001478195190       0.75000000000000000       0.49193623437581341       0.53668125105390019        1.0909569443179172     
  0.27600002288818359       0.75000000000000000       0.48222543812610563       0.52441419159137104        1.0874876149819221     
  0.28000000119209290       0.75000000000000000       0.47267360964272115       0.51238973857801318        1.0840244264225205     
  0.28400000929832458       0.75000000000000000       0.46327460296226497       0.50060083690919510        1.0805704299529031     
  0.28800001740455627       0.75000000000000000       0.45403484595069216       0.48905417267953966        1.0771291609909839     
  0.29200002551078796       0.75000000000000000       0.44495069095823081       0.47774342676537729        1.0736997075710235     
  0.29600000381469727       0.75000000000000000       0.43601718293217773       0.46666067721863363        1.0702804739950409     
  0.30000001192092896       0.75000000000000000       0.42722947514128035       0.45579995184374222        1.0668738426650313     
  0.30400002002716064       0.75000000000000000       0.41858641907542321       0.44515439018152930        1.0634706954057171     
  0.30800002813339233       0.75000000000000000       0.41009142648314767       0.43472423423081441        1.0600666245547052     
  0.31200000643730164       0.75000000000000000       0.40173793098342175       0.42450322114546207        1.0566670169936723     
  0.31600001454353333       0.75000000000000000       0.39351910517241578       0.41448342770255520        1.0532739637150632     
  0.32000002264976501       0.75000000000000000       0.38542882247550592       0.40465454093588421        1.0498813719661562     
  0.32400000095367432       0.75000000000000000       0.37746232985643102       0.39501600655294977        1.0465044464256748     
  0.32800000905990601       0.75000000000000000       0.36962106299932590       0.38557189187418084        1.0431545452129281     
  0.33200001716613770       0.75000000000000000       0.36190482274463937       0.37632707493969569        1.0398509533133045     
  0.33600002527236938       0.75000000000000000       0.35431255023803715       0.36726791087291855        1.0365647805198479     
  0.34000000357627869       0.75000000000000000       0.34684312658365885       0.35838395365871734        1.0332739102796515     
  0.34400001168251038       0.75000000000000000       0.33949516436963245       0.34967085050817975        1.0299729928626269     
  0.34800001978874207       0.75000000000000000       0.33226624324817594       0.34113281488839586        1.0266851412696694     
  0.35200002789497375       0.75000000000000000       0.32515381718492892       0.33277616471040766        1.0234422821527067     
  0.35600000619888306       0.75000000000000000       0.31815669102680777       0.32459275660426729        1.0202292321958968     
  0.36000001430511475       0.75000000000000000       0.31127343009023162       0.31657451659056790        1.0170303212156580     
  0.36400002241134644       0.75000000000000000       0.30450269000552599       0.30871147817442041        1.0138218423253273     
  0.36800003051757812       0.75000000000000000       0.29784301887977954       0.30100994960668676        1.0106328855341931     
  0.37200000882148743       0.75000000000000000       0.29128978483315932       0.29346777381815981        1.0074770524007493     
  0.37600001692771912       0.75000000000000000       0.28484028600162031       0.28608223499256868        1.0043601591908993     
  0.38000002503395081       0.75000000000000000       0.27849538116285211       0.27884680107072224        1.0012618518353977     
  0.38400000333786011       0.75000000000000000       0.27225567402603945       0.27175572658972269       0.99816368405137834     
  0.38800001144409180       0.75000000000000000       0.26612139644368482       0.26480914202561512       0.99506896312883508     
  0.39200001955032349       0.75000000000000000       0.26009270792650763       0.25801002685755803       0.99199254340672216     
  0.39600002765655518       0.75000000000000000       0.25416704202194462       0.25135787200169402       0.98894754411152941     
  0.40000000596046448       0.75000000000000000       0.24833726488820193       0.24484225029773016       0.98592633855396139     
   4.0000001899898052E-003   1.0000000000000000        8.0912491749691267        5.7568892201557667       0.71149572775055869     
   8.0000003799796104E-003   1.0000000000000000        4.0527259268027738        3.1620482820497791       0.78022751579067251     
   1.2000000104308128E-002   1.0000000000000000        2.7725652680255375        2.3151102674182669       0.83500658906650593     
   1.6000000759959221E-002   1.0000000000000000        2.1395070906300848        1.8850074972094188       0.88104755785328304     
   2.0000001415610313E-002   1.0000000000000000        1.7586275946744570        1.6196342798051544       0.92096489598468290     
   2.4000000208616257E-002   1.0000000000000000        1.5024351025456841        1.4366151641126901       0.95619116038924368     
   2.8000000864267349E-002   1.0000000000000000        1.3173865696693385        1.3010349153412264       0.98758780854110551     
   3.2000001519918442E-002   1.0000000000000000        1.1770329257097565        1.1947441383564543        1.0150473383197993     
   3.6000002175569534E-002   1.0000000000000000        1.0664732771462810        1.1083756293082905        1.0392905786389075     
   4.0000002831220627E-002   1.0000000000000000       0.97695246999799235        1.0361537992103487        1.0605979625728137     
   4.4000003486871719E-002   1.0000000000000000       0.90291957440901038       0.97368458169757399        1.0783735443268927     
   4.8000000417232513E-002   1.0000000000000000       0.84056484167047429       0.91870526650146600        1.0929618049164433     
   5.2000001072883606E-002   1.0000000000000000       0.78724989809229895       0.86948661538346106        1.1044607531743631     
   5.6000001728534698E-002   1.0000000000000000       0.74109355330705751       0.82489787095314993        1.1130819682240169     
   6.0000002384185791E-002   1.0000000000000000       0.70068219256161168       0.78407613179959079        1.1190182084307019     
   6.4000003039836884E-002   1.0000000000000000       0.66497849508000451       0.74734826369415719        1.1238683193871444     
   6.8000003695487976E-002   1.0000000000000000       0.63318626997173066       0.71419878722506047        1.1279442102510320     
   7.2000004351139069E-002   1.0000000000000000       0.60463351562609047       0.68388964272296682        1.1310812666658210     
   7.6000005006790161E-002   1.0000000000000000       0.57881062243882087       0.65618823796200842        1.1336838207929851     
   8.0000005662441254E-002   1.0000000000000000       0.55537577358885748       0.63069732068019391        1.1356226732840828     
   8.4000006318092346E-002   1.0000000000000000       0.53396360875093385       0.60717684533301541        1.1371127833099797     
   8.8000006973743439E-002   1.0000000000000000       0.51426819742816743       0.58530504628653390        1.1381319109632262     
   9.2000007629394531E-002   1.0000000000000000       0.49605460954839564       0.56478933615037941        1.1385628220742861     
   9.6000000834465027E-002   1.0000000000000000       0.47921895669685510       0.54565490325773902        1.1386338032593941     
  0.10000000149011612        1.0000000000000000       0.46358288594548636       0.52773630369124747        1.1383860787158244     
  0.10400000214576721        1.0000000000000000       0.44897173040690946       0.51085756614752709        1.1378390476490126     
  0.10800000280141830        1.0000000000000000       0.43524564217422756       0.49487857667505458        1.1370098370265960     
  0.11200000345706940        1.0000000000000000       0.42229543244434670       0.47970189044121031        1.1359390928397717     
  0.11600000411272049        1.0000000000000000       0.41008983003406463       0.46538437699254542        1.1348352066031184     
  0.12000000476837158        1.0000000000000000       0.39857189849494012       0.45190184931171573        1.1338025862288750     
  0.12400000542402267        1.0000000000000000       0.38767465020271141       0.43901966794751268        1.1324435779279183     
  0.12800000607967377        1.0000000000000000       0.37734034528941662       0.42670005283283219        1.1308095149633606     
  0.13199999928474426        1.0000000000000000       0.36751890634516293       0.41494625884600245        1.1290473814598727     
  0.13600000739097595        1.0000000000000000       0.35816484435660201       0.40373101124742417        1.1272212156184005     
  0.14000000059604645        1.0000000000000000       0.34917894862844939       0.39297079010152303        1.1254137502993378     
  0.14400000870227814        1.0000000000000000       0.34054304846928479       0.38268505804963637        1.1237494342338707     
  0.14800000190734863        1.0000000000000000       0.33227016486168243       0.37283558118070437        1.1220856417725875     
  0.15200001001358032        1.0000000000000000       0.32432458266136072       0.36329227676371667        1.1201502944445121     
  0.15600000321865082        1.0000000000000000       0.31666667579053592       0.35405335421233208        1.1180631916145358     
  0.16000001132488251        1.0000000000000000       0.30928823061221250       0.34513157430531277        1.1158897757672548     
  0.16400000452995300        1.0000000000000000       0.30216418968862280       0.33653132031716854        1.1137366100991675     
  0.16800001263618469        1.0000000000000000       0.29527328647098611       0.32825092698081121        1.1116851473560765     
  0.17200000584125519        1.0000000000000000       0.28861182505356947       0.32024218991283232        1.1095948333142340     
  0.17600001394748688        1.0000000000000000       0.28215538157556341       0.31245955661788205        1.1074024350451843     
  0.18000000715255737        1.0000000000000000       0.27589230578543450       0.30489390331464838        1.1051192690809175     
  0.18400001525878906        1.0000000000000000       0.26981952945888593       0.29754455418447029        1.1027539584743402     
  0.18800000846385956        1.0000000000000000       0.26391521036901239       0.29041484648430499        1.1004096583832368     
  0.19200000166893005        1.0000000000000000       0.25816865449027110       0.28350342509343252        1.0981326360211408     
  0.19600000977516174        1.0000000000000000       0.25258110105080073       0.27678398216741518        1.0958222171648013     
  0.20000000298023224        1.0000000000000000       0.24713772521632793       0.27022698602703354        1.0934266947326428     
  0.20400001108646393        1.0000000000000000       0.24182793904811098       0.26382915271376678        1.0909787915832121     
  0.20800000429153442        1.0000000000000000       0.23665487821481546       0.25759504810732153        1.0884839985149106     
  0.21200001239776611        1.0000000000000000       0.23160870607519149       0.25152526543555109        1.0859922742018762     
  0.21600000560283661        1.0000000000000000       0.22667880088158385       0.24562564435307657        1.0835845407590208     
  0.22000001370906830        1.0000000000000000       0.22186544478249257       0.23987497228527516        1.0811731972071557     
  0.22400000691413879        1.0000000000000000       0.21716633278856753       0.23425664051944287        1.0786968565128112     
  0.22800001502037048        1.0000000000000000       0.21257135227245949       0.22876245955028318        1.0761678707160456     
  0.23200000822544098        1.0000000000000000       0.20807253396126196       0.22338444625364182        1.0735893008119493     
  0.23600001633167267        1.0000000000000000       0.20367324558315997       0.21812940641908099        1.0709772203733974     
  0.24000000953674316        1.0000000000000000       0.19936945053638755       0.21299876884223135        1.0683621200197684     
  0.24400001764297485        1.0000000000000000       0.19515422689547285       0.20798852159804032        1.0657648819948013     
  0.24800001084804535        1.0000000000000000       0.19102213233167764       0.20309330057094155        1.0631925112128073     
  0.25200000405311584        1.0000000000000000       0.18697555580711064       0.19832235075392246        1.0606859805701956     
  0.25600001215934753        1.0000000000000000       0.18301184454479311       0.19366220819833424        1.0581949418630903     
  0.26000002026557922        1.0000000000000000       0.17912654930401919       0.18909916065860857        1.0556735525433674     
  0.26399999856948853        1.0000000000000000       0.17531567384036756       0.18462862775293493        1.0531210570541867     
  0.26800000667572021        1.0000000000000000       0.17157965067616893       0.18025513880441732        1.0505624536129992     
  0.27200001478195190        1.0000000000000000       0.16791771276141809       0.17597961262214618        1.0480110152058981     
  0.27600002288818359        1.0000000000000000       0.16432638596596358       0.17179660844680486        1.0454596651470724     
  0.28000000119209290        1.0000000000000000       0.16080249645327502       0.16770223716011315        1.0429081690833264     
  0.28400000929832458        1.0000000000000000       0.15734392305032766       0.16369341125510478        1.0403542004145034     
  0.28800001740455627        1.0000000000000000       0.15395197572716768       0.15977038830428375        1.0377936856583603     
  0.29200002551078796        1.0000000000000000       0.15062415693513817       0.15593040663610633        1.0352284109596919     
  0.29600000381469727        1.0000000000000000       0.14735764639056906       0.15217242828502761        1.0326741232124259     
  0.30000001192092896        1.0000000000000000       0.14414975868331809       0.14849593368206285        1.0301504146690446     
  0.30400002002716064        1.0000000000000000       0.14099853766111714       0.14489734651670341        1.0276514134136403     
  0.30800002813339233        1.0000000000000000       0.13790391258304499       0.14137468879797155        1.0251680764520474     
  0.31200000643730164        1.0000000000000000       0.13486548262786924       0.13792520757569410        1.0226872353711696     
  0.31600001454353333        1.0000000000000000       0.13188265211470981       0.13454819100500140        1.0202114443981087     
  0.32000002264976501        1.0000000000000000       0.12895483448054501       0.13124221596347854        1.0177378497839771     
  0.32400000095367432        1.0000000000000000       0.12608127252471676       0.12800581344868070        1.0152642885452052     
  0.32800000905990601        1.0000000000000000       0.12326040744891008       0.12483771373612121        1.0127965363725160     
  0.33200001716613770        1.0000000000000000       0.12049110065232643       0.12173725469307024        1.0103422911235540     
  0.33600002527236938        1.0000000000000000       0.11777229451352204       0.11870257997047776        1.0078990178530394     
  0.34000000357627869        1.0000000000000000       0.11510296355117230       0.11573210346522668        1.0054658880592129     
  0.34400001168251038        1.0000000000000000       0.11248203626251004       0.11282447846084712        1.0030444167772523     
  0.34800001978874207        1.0000000000000000       0.10990764925902434       0.10997805922657274        1.0006406284550993     
  0.35200002789497375        1.0000000000000000       0.10737857968593677       0.10719114998564000       0.99825449637306651     
  0.35600000619888306        1.0000000000000000       0.10489498673432771       0.10446356764372611       0.99588713336992674     
  0.36000001430511475        1.0000000000000000       0.10245687194647782       0.10179501779737540       0.99354016830175962     
  0.36400002241134644        1.0000000000000000       0.10006420158502091        9.9185787617529692E-002  0.99122149626362765     
  0.36800003051757812        1.0000000000000000        9.7716841103462487E-002   9.6633641465365711E-002  0.98891491347996108     
  0.37200000882148743        1.0000000000000000        9.5412508123839473E-002   9.4135073663065241E-002  0.98661145707315223     
  0.37600001692771912        1.0000000000000000        9.3149343096158188E-002   9.1687619393992795E-002  0.98430774009155975     
  0.38000002503395081        1.0000000000000000        9.0927454833631627E-002   8.9292420720850627E-002  0.98201825712847024     
  0.38400000333786011        1.0000000000000000        8.8746868448340760E-002   8.6950247626541952E-002  0.97975567078353176     
  0.38800001144409180        1.0000000000000000        8.6607486145872603E-002   8.4660437125976956E-002  0.97751869836498617     
  0.39200001955032349        1.0000000000000000        8.4509191987255733E-002   8.2421715412693303E-002  0.97529882222898034     
  0.39600002765655518        1.0000000000000000        8.2450571648541110E-002   8.0231314734671502E-002  0.97308378984527177     
  0.40000000596046448        1.0000000000000000        8.0428219228631526E-002   7.8086843706854231E-002  0.97088863157442884     
