 Z Q2 pt2 MULT-RATIO STAT SYS fuu fuua DIS chi2
  0.34999999999999998        1.6388600000000000        5.9999999999999998E-002  0.61599999999999999        5.0000000000000001E-003   2.9000000000000001E-002   4.2160648047579998E-005   3.3264573239900438E-005   1.0010380051592416        34.232264518529114     
  0.34999999999999998        1.6468100000000001        9.2499999999999999E-002  0.61899999999999999        4.0000000000000001E-003   2.8000000000000001E-002   3.5212016894039987E-005   2.7761614241137300E-005   1.0016139330144309        35.339947532120057     
  0.34999999999999998        1.6274500000000001       0.14249999999999999       0.62500000000000000        4.0000000000000001E-003   2.9000000000000001E-002   2.7455611393283058E-005   2.1598930066791709E-005   1.0044556441443468        29.201767150240229     
  0.34999999999999998        1.6306300000000000       0.22000000000000000       0.66700000000000004        4.0000000000000001E-003   2.9000000000000001E-002   1.7089318234744948E-005   1.3252203985529232E-005   1.0050468510937114        12.760244342998348     
  0.45000000000000001        1.6429400000000001        5.9999999999999998E-002  0.58599999999999997        6.0000000000000001E-003   2.8000000000000001E-002   2.3276380014734319E-005   1.7847091980738852E-005   1.0005545966042928        39.653639138703383     
  0.45000000000000001        1.6319300000000001        9.2499999999999999E-002  0.59499999999999997        5.0000000000000001E-003   2.8000000000000001E-002   2.0330759891135815E-005   1.5620571092273667E-005   1.0015123959535774        36.637434023317887     
  0.45000000000000001        1.6456900000000001       0.14249999999999999       0.59699999999999998        5.0000000000000001E-003   2.9000000000000001E-002   1.5674933956151375E-005   1.2037132845075814E-005   1.0012776171134856        33.349267905454184     
  0.45000000000000001        1.6341800000000000       0.22000000000000000       0.62100000000000000        4.0000000000000001E-003   2.9000000000000001E-002   1.0759136787950600E-005   8.2305312150896208E-006   1.0031278637874403        23.394677331423342     
  0.55000000000000004        1.6793400000000001        5.9999999999999998E-002  0.58899999999999997        8.9999999999999993E-003   2.8000000000000001E-002   1.2304328008421036E-005   9.1240243894434248E-006  0.99892807700145658        27.177660607180023     
  0.55000000000000004        1.6393200000000001        9.2499999999999999E-002  0.59399999999999997        7.0000000000000001E-003   2.8000000000000001E-002   1.1464278290240826E-005   8.5506933153569479E-006   1.0008943887982757        27.440663040807515     
  0.55000000000000004        1.6351700000000000       0.14249999999999999       0.59499999999999997        6.0000000000000001E-003   2.9000000000000001E-002   9.4058603657185111E-006   7.0431736269819657E-006   1.0014738215215893        26.589289861400292     
  0.55000000000000004        1.6525099999999999       0.22000000000000000       0.62300000000000000        5.0000000000000001E-003   2.9000000000000001E-002   6.5831911613923799E-006   4.9359350521346106E-006   1.0008251519211442        18.379241514268642     
  0.64999999999999991        1.6768300000000000        5.9999999999999998E-002  0.57299999999999995        1.0999999999999999E-002   2.8000000000000001E-002   7.2417778319058480E-006   5.2044476501590071E-006  0.99800206960861015        23.912645343457971     
  0.64999999999999991        1.6648400000000001        9.2499999999999999E-002  0.58799999999999997        8.9999999999999993E-003   2.9999999999999999E-002   6.6273939324391992E-006   4.7875380137224268E-006  0.99869188158950950        18.669585702000369     
  0.64999999999999991        1.6329700000000000       0.14249999999999999       0.58299999999999996        7.0000000000000001E-003   2.8000000000000001E-002   5.8378760495342206E-006   4.2487557226232324E-006   1.0000462027002548        25.155823152597559     
  0.64999999999999991        1.6450600000000000       0.22000000000000000       0.57999999999999996        6.0000000000000001E-003   2.8000000000000001E-002   4.3359778880986860E-006   3.1729479725697496E-006  0.99958653305428746        28.203371186014245     
