 Z Q2 pt2 MULT-RATIO STAT SYS fuu fuua DIS chi2
  0.34999999999999998        1.6470799999999999        5.9999999999999998E-002  0.86998929981706719        6.0000000000000001E-003   2.8999999999999998E-002   6.6524469524599934E-005   5.6052620652243166E-005   1.0798312607450176        9.1734751161640027     
  0.34999999999999998        1.6515000000000000        9.2499999999999999E-002  0.80497047815857736        5.0000000000000001E-003   2.7999999999999997E-002   5.7846722907292440E-005   4.9690341490851046E-005   1.0805137726247021       0.12307088684919974     
  0.34999999999999998        1.6326600000000000       0.14250000000000002       0.83903480453793478        5.0000000000000001E-003   2.8999999999999998E-002   4.6459214002197016E-005   4.1073440315548343E-005   1.0824187062646977       0.57299197581938299     
  0.34999999999999998        1.6364799999999999       0.22000000000000003       0.80189393416170796        4.0000000000000001E-003   2.8999999999999998E-002   3.0066906225998932E-005   2.7882864455841506E-005   1.0827642028329731        3.4762038001307429     
  0.45000000000000001        1.6495299999999999        5.9999999999999998E-002  0.78375261408410146        9.0000000000000011E-003   2.7999999999999997E-002   3.5956184977193318E-005   3.1759103558430540E-005   1.0793524457223218        1.3826248646719483     
  0.45000000000000001        1.6386799999999999        9.2499999999999999E-002  0.86201376468956570        6.9999999999999993E-003   2.7999999999999997E-002   3.1840789913201919E-005   2.8697983751190372E-005   1.0803284914789051       0.92337749412999837     
  0.45000000000000001        1.6516500000000001       0.14250000000000002       0.80026527910364975        6.0000000000000001E-003   2.8999999999999998E-002   2.5514104333454104E-005   2.3791037758833386E-005   1.0802208022508142        4.5188755018065017     
  0.45000000000000001        1.6415400000000002       0.22000000000000003       0.83368677109742972        6.0000000000000001E-003   2.8999999999999998E-002   1.8140913216208304E-005   1.7830220448040661E-005   1.0814578022489252        6.4403450621724421     
  0.55000000000000004        1.6720599999999999        5.9999999999999998E-002  0.79755428445944587        1.2000000000000000E-002   2.7999999999999997E-002   1.9313677324183160E-005   1.6956749180631996E-005   1.0781075213296456       0.30428483046081978     
  0.55000000000000004        1.6452599999999999        9.2499999999999999E-002  0.88465429926192529        9.0000000000000011E-003   2.7999999999999997E-002   1.7743578465279911E-005   1.5870220528790632E-005   1.0798784549477032        3.6766208518558825     
  0.55000000000000004        1.6415599999999999       0.14250000000000002       0.77168498567158639        8.0000000000000002E-003   2.8999999999999998E-002   1.4858278507172512E-005   1.3746515661057535E-005   1.0804089009397457        7.9149733038414070     
  0.55000000000000004        1.6588799999999999       0.22000000000000003       0.86494869330653568        6.9999999999999993E-003   2.8999999999999998E-002   1.0735059861499136E-005   1.0495236288964551E-005   1.0795812079773524        1.8560158111298126     
  0.64999999999999991        1.6932900000000002        5.9999999999999998E-002  0.81577166502604770        1.6000000000000000E-002   2.7999999999999997E-002   1.0473075928189572E-005   8.5812832536950638E-006   1.0752259156198984        2.7759603289135981     
  0.64999999999999991        1.6674200000000001        9.2499999999999999E-002  0.81875554827933728        1.3000000000000001E-002   2.9999999999999999E-002   1.0024529541287257E-005   8.3649994015939609E-006   1.0775944165500786        1.8432026450292551     
  0.64999999999999991        1.6358999999999999       0.14250000000000002       0.78531360677118955        1.0000000000000000E-002   2.7999999999999997E-002   8.7980599493944319E-006   7.5560068058984514E-006   1.0793445450810271       0.12185931136614699     
  0.64999999999999991        1.6489499999999999       0.22000000000000003       0.77518357445059449        9.0000000000000011E-003   2.7999999999999997E-002   6.6768795004228483E-006   6.0520843591486981E-006   1.0785259079038756        4.9212956890774038     
