 kt up dp u1 d1 u2 d2
   0.0000000000000000        0.0000000000000000        0.0000000000000000        0.0000000000000000        0.0000000000000000        0.0000000000000000        0.0000000000000000     
   9.9999997764825821E-003   4.2429897315184606        1.8761057836011523        3.9260258505760448        1.7042140384775863        3.6744476356876428        1.6291113698085602     
   1.9999999552965164E-002   4.2416894061070884        1.8755308239196047        3.9250421794133108        1.7037870453123394        3.6736527264274250        1.6287589370507198     
   2.9999999329447746E-002   4.2388443907291897        1.8742728548594256        3.9227279178168781        1.7027824678461041        3.6716657676561484        1.6278779945400170     
   3.9999999105930328E-002   4.2341558409992048        1.8721997375950148        3.9187864579428893        1.7010715541881196        3.6681962872967193        1.6263397579229060     
   4.9999997019767761E-002   4.2282587199338408        1.8695922311815196        3.9138467022343506        1.6989272990697017        3.6638596248147373        1.6244170454891229     
   5.9999998658895493E-002   4.2210940074146688        1.8664242389294516        3.9078485620730730        1.6963236191509603        3.6585961763630030        1.6220834311428902     
   7.0000000298023224E-002   4.2128534270593345        1.8627805345032948        3.9009803589203340        1.6933422612390403        3.6525894035874984        1.6194202548522860     
   7.9999998211860657E-002   4.2030647554065146        1.8584523167456111        3.8927712278761044        1.6897788317299800        3.6453770193145552        1.6162225559360295     
   8.9999996125698090E-002   4.1920474794463054        1.8535808519398076        3.8835355948649308        1.6857698170084996        3.6372656441860589        1.6126262784116818     
   9.9999994039535522E-002   4.1797980164113193        1.8481645559079707        3.8732670088784364        1.6813124168131008        3.6282475064116899        1.6086279765608031     
  0.10999999940395355        4.1663220147204481        1.8422059261888712        3.8619678390485301        1.6764076595394211        3.6183232955191795        1.6042279560939612     
  0.11999999731779099        4.1518245768549482        1.8357956521255563        3.8498380778486587        1.6711423581616507        3.6076870946103132        1.5995122661317716     
  0.12999999523162842        4.1358839904605720        1.8287472668545937        3.8364554018034309        1.6653331899960033        3.5959233538830482        1.5942966675791794     
  0.14000000059604645        4.1187700025229272        1.8211800433207279        3.8220833744795000        1.6590945630335163        3.5832881213979983        1.5886946824803456     
  0.14999999105930328        4.1004980885330440        1.8131008242598745        3.8067329144764281        1.6524312168330608        3.5697898416825518        1.5827100548199284     
  0.15999999642372131        4.0810850706712305        1.8045170478681605        3.7904160459619423        1.6453483708598735        3.5554379270270995        1.5763469576521703     
  0.17000000178813934        4.0605491718935491        1.7954367717171114        3.7731459401043952        1.6378517424706061        3.5402427904333513        1.5696100077089348     
  0.17999999225139618        4.0389106846069831        1.7858689684190860        3.7549375535265090        1.6299478240540974        3.5242164500485678        1.5625045333830268     
  0.18999999761581421        4.0163529463022920        1.7758947035784181        3.7359674097994784        1.6217132411751281        3.5075290356478752        1.5551059637942697     
  0.19999998807907104        3.9925515850853208        1.7653705509732338        3.7159080409778777        1.6130058461528174        3.4898570015518326        1.5472708510023798     
  0.20999999344348907        3.9677239778454769        1.7543926272724892        3.6949693193676816        1.6039167406109791        3.4714029081621689        1.5390890026427455     
  0.21999999880790710        3.9418946067563501        1.7429717576608754        3.6731695324176954        1.5944538627874574        3.4521815980771224        1.5305669993631146     
  0.22999998927116394        3.9150888323741229        1.7311191557139920        3.6505276876260373        1.5846254634799715        3.4322085393110915        1.5217116990971449     
  0.23999999463558197        3.8873342568626894        1.7188470261701470        3.6270648471562703        1.5744406853778941        3.4115011149559935        1.5125308088515761     
  0.25000000000000000        3.8586590560373990        1.7061678274168197        3.6028024964266279        1.5639088548974966        3.3900770424320941        1.5030321838617118     
  0.25999999046325684        3.8290920499936836        1.6930943027202292        3.5777626359944299        1.5530395220672475        3.3679544730785778        1.4932238717461284     
  0.26999998092651367        3.7986622691668095        1.6796392883517199        3.5519673920339518        1.5418422914435759        3.3451516335069655        1.4831139534963116     
  0.28000000119209290        3.7675297700850061        1.6658735558656266        3.5255688041834472        1.5303831605761078        3.3218139161170850        1.4727668906137255     
  0.28999999165534973        3.7354519659056145        1.6516898416088757        3.4983192529454126        1.5185546424945824        3.2976952398526334        1.4620735800476594     
  0.29999998211860657        3.7026066321066788        1.6371667518529081        3.4703882408406463        1.5064303150577558        3.2729580223163910        1.4511060316318618     
  0.31000000238418579        3.6690252273151502        1.6223181965328612        3.4418000216796139        1.4940207063889395        3.2476223908461672        1.4398731690680993     
  0.31999999284744263        3.6347404321517307        1.6071586259079644        3.4125799931414558        1.4813368411433405        3.2217095455650564        1.4283843916906391     
  0.32999998331069946        3.5997848733943507        1.5917024664299964        3.3827535319412414        1.4683897348760562        3.1952406745010755        1.4166490934712497     
  0.34000000357627869        3.5641910880255541        1.5759641048462736        3.3523459272161960        1.4551903651262879        3.1682368693129748        1.4046766256551997     
  0.34999999403953552        3.5279926202897234        1.5599583732810485        3.3213834541683442        1.4417501374654367        3.1407201685312303        1.3924767592949405     
  0.35999998450279236        3.4912224546709774        1.5436998563516162        3.2898918989298496        1.4280802451688641        3.1127121545722787        1.3800590632191752     
  0.37000000476837158        3.4539143678412998        1.5272034889538084        3.2578978816349378        1.4141922435365555        3.0842352390005567        1.3674334738695282     
  0.37999999523162842        3.4161022895059006        1.5104842736495487        3.2254281899666335        1.4000977605982821        3.0553119904729984        1.3546099973365104     
  0.38999998569488525        3.3779256221895051        1.4936038494951216        3.1926144138940939        1.3858539170866366        3.0260676809267015        1.3416441744679650     
  0.39999997615814209        3.3391964105929439        1.4764791090483380        3.1592633608559053        1.3713768517414473        2.9963095202264380        1.3284505293958337     
  0.40999999642372131        3.3000647807387056        1.4591764329315613        3.1255174364096256        1.3567283801389707        2.9661734338968655        1.3150893263665120     
  0.41999998688697815        3.2605640404618423        1.4417105487368735        3.0914032012056794        1.3419200317583915        2.9356819187884846        1.3015705396342421     
  0.42999997735023499        3.2207287135377003        1.4240967217038130        3.0569469197122690        1.3269632075117568        2.9048572698724020        1.2879040539475710     
  0.43999999761581421        3.1805976900450372        1.4063521477028111        3.0221751273446582        1.3118694259241466        2.8737220940299366        1.2740998923442564     
  0.44999998807907104        3.1401942968020586        1.3884871410596915        2.9871144202084565        1.2966502318651718        2.8422991014342172        1.2601681236577451     
  0.45999997854232788        3.0995544347045110        1.3705175759298041        2.9517978086666519        1.2813199545130318        2.8106105904887326        1.2461186341583725     
  0.46999999880790710        3.0587057995091245        1.3524556984350282        2.9162434840679974        1.2658864903903440        2.7786817054638240        1.2319625718663987     
  0.47999998927116394        3.0176809214872895        1.3343158923552354        2.8804783114899850        1.2503615011223579        2.7465344382040233        1.2177096871354900     
  0.48999997973442078        2.9765126757597278        1.3161126939509458        2.8445260726143591        1.2347553098901853        2.7141863103375337        1.2033677483941430     
  0.50000000000000000        2.9352297213092764        1.2978587752498718        2.8084135555763527        1.2190795449198908        2.6816619684109861        1.1889476829907168     
  0.50999999046325684        2.8938642621954704        1.2795683757920921        2.7721642924612726        1.2033444210474580        2.6489806274364560        1.1744580101361919     
  0.51999998092651367        2.8524461685078144        1.2612547031155059        2.7358043243054198        1.1875612421973474        2.6161642557593612        1.1599084697656123     
  0.52999997138977051        2.8110006749211784        1.2429289151352776        2.6993562803715090        1.1717398313072216        2.5832344979316493        1.1453086582562211     
  0.53999996185302734        2.7695592590420124        1.2246049301786370        2.6628454588069750        1.1558911698274454        2.5502109241447184        1.1306672522921020     
  0.55000001192092896        2.7281475748705928        1.2062940915721856        2.6262934769486939        1.1400246414376947        2.5171140631965128        1.1159933535672926     
  0.56000000238418579        2.6867947504966181        1.1880092787667371        2.5897251254487506        1.1241510072941392        2.4839650413954395        1.1012963286894151     
  0.56999999284744263        2.6455251373774451        1.1697612591487050        2.5531599921618477        1.1082787701163834        2.4507830819637966        1.0865847005095510     
  0.57999998331069946        2.6043670372239300        1.1515625467722750        2.5166230088187040        1.0924187523001805        2.4175880797130493        1.0718672896360681     
  0.58999997377395630        2.5633418642544723        1.1334226102766727        2.4801350707688941        1.0765800241240873        2.3843979320871984        1.0571520311200007     
  0.59999996423721313        2.5224740706851336        1.1153522616003837        2.4437156521078625        1.0607710389269545        2.3512323482021920        1.0424476632393314     
  0.61000001430511475        2.4817893861448308        1.0973628775104201        2.4073861754699926        1.0450010958717602        2.3181070765504712        1.0277611682810994     
  0.62000000476837158        2.4413053799871420        1.0794622265775240        2.3711654671701852        1.0292783671079959        2.2850427716162924        1.0131017036639081     
  0.62999999523162842        2.4010497915339366        1.0616625741865902        2.3350748076455377        1.0136120900734742        2.2520560778901744       0.99847664892651578     
  0.63999998569488525        2.3610388984841548        1.0439711177825983        2.2991283180142812       0.99800839448023559        2.2191626134451488       0.98389292853291777     
  0.64999997615814209        2.3212930621755845        1.0263968604567646        2.2633493703073300       0.98247742568765961        2.1863792723727515       0.96935803268554221     
  0.65999996662139893        2.2818339248305888        1.0089493716639122        2.2277499415307993       0.96702438268901370        2.1537224348976434       0.95487922375764445     
  0.66999995708465576        2.2426747396957096       0.99163451153900606        2.1923520273143140       0.95165881337374569        2.1212054258000848       0.94046240945377491     
  0.68000000715255737        2.2038386190965586       0.97446249956653697        2.1571662848382589       0.93638534382357708        2.0888452325346916       0.92611512137002794     
  0.68999999761581421        2.1653365574879624       0.95743819712058142        2.1222121747957665       0.92121242155966399        2.0566561989346108       0.91184371902053452     
  0.69999998807907104        2.1271897837091367       0.94057099087198970        2.0875038930814775       0.90614620875308038        2.0246508728179990       0.89765376563418187     
  0.70999997854232788        2.0894072942092623       0.92386485874468027        2.0530544345315964       0.89119234621800703        1.9928436098461999       0.88355162596927572     
  0.71999996900558472        2.0520086895392087       0.90732846743576356        2.0188784951467813       0.87635721321214100        1.9612461358612558       0.86954249882152468     
  0.72999995946884155        2.0150041964695840       0.89096633887546151        1.9849878137870358       0.86164590535399888        1.9298704096901007       0.85563168628333941     
  0.74000000953674316        1.9784030881191370       0.87478257332156417        1.9513955772696905       0.84706414679315822        1.8987309401780377       0.84182562102901315     
  0.75000000000000000        1.9422227260995977       0.85878484748842876        1.9181126704026057       0.83261666242014865        1.8678350169268600       0.82812753499279501     
  0.75999999046325684        1.9064680479501639       0.84297534458799550        1.8851509772846073       0.81830861089892892        1.8371952919231160       0.81454303758790425     
  0.76999998092651367        1.8711542163847850       0.82736076905678968        1.8525197378271365       0.80414400310140610        1.8068239536545025       0.80107753272966475     
  0.77999997138977051        1.8362875413265058       0.81194391092822449        1.8202283578392926       0.79012692191254319        1.7767265123969875       0.78773346346642481     
  0.78999996185302734        1.8018736366260166       0.79672725245618536        1.7882890166334215       0.77626265414294027        1.7469149153582317       0.77451612673904979     
  0.79999995231628418        1.7679251780207654       0.78171639842075402        1.7567057693816222       0.76255296006659401        1.7173974381924484       0.76142919166021006     
  0.81000000238418579        1.7344435125709601       0.76691194444615074        1.7254906545872688       0.74900306537157502        1.6881810467675209       0.74847574663275895     
  0.81999999284744263        1.7014401097164320       0.75231896192867043        1.6946470087803733       0.73561441838285790        1.6592745853549193       0.73565971287279286     
  0.82999998331069946        1.6689174321322009       0.73793853977946722        1.6641855910033219       0.72239168939854259        1.6306840423255287       0.72298374539789778     
  0.83999997377395630        1.6368776746178972       0.72377164846430619        1.6341082636712891       0.70933568685805670        1.6024157297195640       0.71045064272842340     
  0.84999996423721313        1.6053295280811299       0.70982213080701428        1.6044248072414584       0.69645065627405445        1.5744782972083400       0.69806423980210253     
  0.85999995470046997        1.5742714520613610       0.69608930566832106        1.5751359756325349       0.68373692490847759        1.5468736974516222       0.68582540235456124     
  0.87000000476837158        1.5437105506235611       0.68257631422419596        1.5462489455453938       0.67119760803230244        1.5196104966406734       0.67373792831162882     
  0.87999999523162842        1.5136444921133356       0.66928212549634836        1.5177676408876049       0.65883440894005996        1.4926900808220951       0.66180243219404344     
  0.88999998569488525        1.4840790585694259       0.65620929610570244        1.4896943071249236       0.64664830234623594        1.4661190224027576       0.65002182795890129     
  0.89999997615814209        1.4550113247549019       0.64335653261195425        1.4620327814187866       0.63464095389049624        1.4399008041768833       0.63839765974568308     
  0.90999996662139893        1.4264434826025572       0.63072480421325350        1.4347845024010000       0.62281298805587171        1.4140372254667051       0.62693072530594307     
  0.91999995708465576        1.3983755460658212       0.61831411707933093        1.4079530076634228       0.61116594044450534        1.3885329818211885       0.61562310646883200     
  0.93000000715255737        1.3708033858641833       0.60612264538275507        1.3815366021292987       0.59969907525543220        1.3633901399757098       0.60447571954679680     
  0.93999999761581421        1.3437305612842618       0.59415196291904060        1.3555402530772556       0.58841454869095333        1.3386102583784265       0.59348925549691800     
  0.94999998807907104        1.3171514785789935       0.58239959632344163        1.3299607558632398       0.57731096967531115        1.3141946401911460       0.58266429209194637     
  0.95999997854232788        1.2910658314557681       0.57086541016378090        1.3048018433443245       0.56638995857160845        1.2901469593982178       0.57200245823784768     
  0.96999996900558472        1.2654711612310983       0.55954831729382382        1.2800596487288078       0.55564983687823766        1.2664647439650321       0.56150265792779697     
  0.97999995946884155        1.2403617535059090       0.54844579100060875        1.2557354620363919       0.54509116456850659        1.2431509332142485       0.55116619434650060     
  0.98999994993209839        1.2157380676112624       0.53755803438471117        1.2318299176117335       0.53471421699950983        1.2202055073236928       0.54099305870555470     
   1.0000000000000000        1.1915943423433071       0.52688250003768922        1.2083387082585741       0.52451712449829868        1.1976274518953018       0.53098280125915109     
