 z up dp u1 d1 u2 d2
   0.0000000000000000        0.0000000000000000        0.0000000000000000        0.0000000000000000        0.0000000000000000        0.0000000000000000        0.0000000000000000     
  0.20000000298023224        4.0358529611480343        2.6516736345339296        3.1127173729501196        1.8862377521523146        2.9237615312922078        1.7573534241605633     
  0.25000000000000000        3.0123208197797968        1.9724279042665391        2.2743912157643993        1.3900752845349096        2.1246645959638601        1.2911184204178630     
  0.30000001192092896        2.3037448502570093        1.3756992713328211        1.6840101855271490       0.96200578029360395        1.5595261286349107       0.89079039059511356     
  0.35000002384185791        1.7625825249057643       0.93837042022976291        1.2415698526646588       0.65045600903763134        1.1380056739969648       0.59978129794712587     
  0.40000000596046448        1.3378197367095892       0.64744683390458124       0.90799734305523017       0.44304992740382337       0.82343295121632765       0.40609565685162541     
  0.45000001788139343        1.0108159425033711       0.45977617538393628       0.66264922602738940       0.30908024767118536       0.59490128746682736       0.28114236214726712     
  0.50000000000000000       0.76914994422651384       0.33504206347708781       0.48968309524925585       0.22073966799051503       0.43583518693367368       0.19913295652119947     
  0.55000001192092896       0.59760069545989092       0.24587027271701811       0.37197334554141109       0.15873473269741367       0.32888911516216890       0.14207556135102908     
  0.60000002384185791       0.47789140361533233       0.17749035865832813       0.29276659789702730       0.11227479499353993       0.25766983829948231        9.9798255762014954E-002
  0.64999997615814209       0.39266203991271365       0.12273185115037535       0.23781034422232142        7.6220273286541948E-002  0.20862615551456579        6.7350499315614445E-002
  0.70000004768371582       0.32719179408505999        7.9344908863829708E-002  0.19595196701220235        4.8355301241272845E-002  0.17139746672830877        4.2499689367969017E-002
  0.75000000000000000       0.27054208117169865        4.6461697834383676E-002  0.15984527301781576        2.7737586197068075E-002  0.13931373851253084        2.4248890744757886E-002
  0.80000007152557373       0.21595407814978154        2.3490415798080040E-002  0.12526133608672163        1.3725717557060778E-002  0.10863723926774128        1.1928840439340373E-002
  0.85000002384185791       0.16039779837303711        9.4390906366064418E-003   9.0650955441912900E-002   5.3751279747772454E-003   7.8081418214178813E-002   4.6374802821434417E-003
  0.89999997615814209       0.10365516725312530        2.5075690074736149E-003   5.6413398134744740E-002   1.3801928616637876E-003   4.8103459824336114E-002   1.1787048733229567E-003
