 pt up dp u1 d1 u2 d2
   0.0000000000000000        0.0000000000000000        0.0000000000000000        0.0000000000000000        0.0000000000000000        0.0000000000000000        0.0000000000000000     
   9.9999997764825821E-003   2.3037450017137004        1.3756993946081504        1.5995624101755597       0.91376425627033409        1.4682405868265804       0.83864874435863423     
   1.9999999552965164E-002   2.2992490754759580        1.3730146169965376        1.5969231408341147       0.91225655018050600        1.4658914165501549       0.83730691474277563     
   2.9999999329447746E-002   2.2921071955886267        1.3687497874125103        1.5928132657745055       0.90990874749189665        1.4622500990263461       0.83522701966525781     
   3.9999999105930328E-002   2.2818108605054439        1.3626012501698548        1.5866490946207970       0.90638740988483635        1.4567383836896131       0.83207876645124967     
   4.9999997019767761E-002   2.2687485923758359        1.3548010143170390        1.5790371089882738       0.90203899537722165        1.4499797037278825       0.82821825577317465     
   5.9999998658895493E-002   2.2528812261267919        1.3453256921235686        1.5697878217278221       0.89675525774947251        1.4417494396101842       0.82351718652745454     
   7.0000000298023224E-002   2.2342715930187715        1.3342128037693712        1.5589162109438151       0.89054475337695604        1.4320909510920941       0.81800032550292356     
   7.9999998211860657E-002   2.2129729546252377        1.3214941548207384        1.5464613750825307       0.88342981759492090        1.4210259732389989       0.81168008761676724     
   8.9999996125698090E-002   2.1890729345107225        1.3072220703764097        1.5324602946797630       0.87543157586341447        1.4085681050128105       0.80456424050082576     
   9.9999994039535522E-002   2.1626456968149919        1.2914408381340654        1.5169578574041362       0.86657567066245034        1.3947814886222609       0.79668942173568158     
  0.10999999940395355        2.1337828079089016        1.2742051376701626        1.4999923105325472       0.85688395108919790        1.3796877003376926       0.78806795553590292     
  0.11999999731779099        2.1026016150106406        1.2555850437963236        1.4816170814629437       0.84638693802001719        1.3633288054938995       0.77872386932623416     
  0.12999999523162842        2.0692037133254835        1.2356412248861246        1.4618881555466690       0.83511661358489919        1.3457601183273473       0.76868875821130178     
  0.14000000059604645        2.0336836912339398        1.2144301651327858        1.4408567994437123       0.82310226431942379        1.3270219231075575       0.75798563228383409     
  0.14999999105930328        1.9961843880375136        1.1920371621454000        1.4185920336744939       0.81038331880987591        1.3071740199038526       0.74664864892478122     
  0.15999999642372131        1.9568192266022117        1.1685299472779072        1.3951404051266618       0.79698636737990081        1.2862687315199128       0.73470769455330487     
  0.17000000178813934        1.9157235349182813        1.1439893327009765        1.3705814863839376       0.78295686657581076        1.2643585036249212       0.72219272576848059     
  0.17999999225139618        1.8730214840476034        1.1184894681380058        1.3449845187479090       0.76833437110710023        1.2415013295487431       0.70913686795432984     
  0.18999999761581421        1.8288663176264006        1.0921218642281625        1.3184056425276627       0.75315095162475010        1.2177639112649072       0.69557822081116505     
  0.19999998807907104        1.7833770185669657        1.0649575725506268        1.2909282221716400       0.73745423081152983        1.1932025247578559       0.68154892878732420     
  0.20999999344348907        1.7367041883974066        1.0370865259889854        1.2626263893936998       0.72128655706844380        1.1678860614909325       0.66708834220437419     
  0.21999999880790710        1.6890031191201647        1.0086014583803533        1.2335625485253521       0.70468357942500859        1.1418801198770292       0.65223393041651956     
  0.22999998927116394        1.6403877880476661       0.97957043217069906        1.2038256143554797       0.68769609124534348        1.1152393279790660       0.63701689659085936     
  0.23999999463558197        1.5910137201737429       0.95008632032977403        1.1734734369157267       0.67035713987465140        1.0880323304861075       0.62147645009322250     
  0.25000000000000000        1.5410288300036366       0.92023745116438527        1.1426022766254691       0.65272171493381781        1.0603382116329259       0.60565776328485754     
  0.25999999046325684        1.4905566774890779       0.89009760946871319        1.1112768443588183       0.63482678308533780        1.0322073211712117       0.58958959559144253     
  0.26999998092651367        1.4397412696873779       0.85975279018638640        1.0795627944867858       0.61670984997270062        1.0037131024854193       0.57331389736001803     
  0.28000000119209290        1.3887226435930708       0.82928661750691479        1.0475525772901642       0.59842372864123528       0.97492144459349817       0.55686830393635944     
  0.28999999165534973        1.3376215924796238       0.79877122408085699        1.0153100201491196       0.58000488104965719       0.94588840179139233       0.54028483314188780     
  0.29999998211860657        1.2865691545208731       0.76828486038136790       0.98290168834782488       0.56149133320870637       0.91668424560256245       0.52360362357884704     
  0.31000000238418579        1.2356759873438352       0.73789360647824009       0.95040499208538110       0.54292730638324671       0.88736716805867477       0.50685791412833603     
  0.31999999284744263        1.1850663482085959       0.70767166356880651       0.91788951539945673       0.52435255107380674       0.85800433553381217       0.49008606975301278     
  0.32999998331069946        1.1348651342905927       0.67769361498086911       0.88541386513279918       0.50580054696066301       0.82864279032495691       0.47331496068358048     
  0.34000000357627869        1.0851613855018756       0.64801263159619316       0.85304436336597667       0.48730918112233007       0.79935403631197599       0.45658542943563629     
  0.34999999403953552        1.0360659508394521       0.61869490776266223       0.82085868977408250       0.46892282876423158       0.77018344428139285       0.43992339148481069     
  0.35999998450279236       0.98765536938945586       0.58978614939580842       0.78889271611999423       0.45066198195002105       0.74118536185198503       0.42335988981047451     
  0.37000000476837158       0.94004272413715584       0.56135388488712490       0.75721367091477454       0.43256504556469777       0.71241240037141917       0.40692497564609281     
  0.37999999523162842       0.89329710382136851       0.53343937111881545       0.72588152613818291       0.41466627913519999       0.68391330329477917       0.39064649091196779     
  0.38999998569488525       0.84748897171658077       0.50608468578783916       0.69493872531358780       0.39698992890182366       0.65573409876637889       0.37455072656189864     
  0.39999997615814209       0.80268868705736929       0.47933184446290855       0.66443202933581380       0.37956270744171383       0.62792692364448721       0.35866746280432926     
  0.40999999642372131       0.75896325032707523       0.45322085700809189       0.63440982980647997       0.36241225888778100       0.60051530176709933       0.34301013629083726     
  0.41999998688697815       0.71636937416733337       0.42778558982210418       0.60491935172943156       0.34556556094357688       0.57354644273856570       0.32760571281692324     
  0.42999997735023499       0.67494070295775543       0.40304613391008248       0.57599129691809936       0.32904015229314271       0.54705580251282404       0.31247444457525664     
  0.43999999761581421       0.63474041235459444       0.37904021511060559       0.54765985696193376       0.31285556518611513       0.52107608728385668       0.29763501311487200     
  0.44999998807907104       0.59578354162564062       0.35577681424037721       0.51996043143652759       0.29703202194496037       0.49563746391065833       0.28310464953443454     
  0.45999997854232788       0.55812588071549329       0.33328924670234233       0.49292176317594838       0.28158594216933203       0.47076993426528446       0.26890049069322586     
  0.46999999880790710       0.52175844068678245       0.31157214468205374       0.46657717647418817       0.26653636265861985       0.44649671478782776       0.25503579765929413     
  0.47999998927116394       0.48672478680544368       0.29065152351972112       0.44093349935346188       0.25188718398125581       0.42283339550706955       0.24151947534793614     
  0.48999997973442078       0.45302686937950964       0.27052854785708141       0.41601795570840894       0.23765395802923187       0.39980358451491155       0.22836500853597141     
  0.50000000000000000       0.42066199622046779       0.25120161003265090       0.39184677180303079       0.22384595420020495       0.37743058121987977       0.21558570568243549     
  0.50999999046325684       0.38965590775147663       0.23268608114198458       0.36843342861350825       0.21047087362174363       0.35571420039708856       0.20318146098817083     
  0.51999998092651367       0.35997584296098806       0.21496239769011274       0.34579547179953579       0.19753873940803118       0.33466857522758509       0.19116034722724784     
  0.52999997138977051       0.33163746842639658       0.19803991509658947       0.32392615598766811       0.18504569820448169       0.31431499727704654       0.17953452599292399     
  0.53999996185302734       0.30461115795559618       0.18190094184845890       0.30283776075972696       0.17299876483144774       0.29464336264395757       0.16829822600738856     
  0.55000001192092896       0.27889808617532863       0.16654617938329150       0.28253268682175120       0.16139931071361038       0.27566998094611189       0.15746076321014574     
  0.56000000238418579       0.25446713816154920       0.15195704718017952       0.26301783678867507       0.15025127903115565       0.25739293856679057       0.14702104455672177     
  0.56999999284744263       0.23130170251941548       0.13812362561441990       0.24427739957742756       0.13954563756222610       0.23981819701422100       0.13698247521888132     
  0.57999998331069946       0.20936477815472915       0.12502381919243560       0.22631367119612200       0.12928369792188127       0.22293114711009987       0.12733671053625351     
  0.58999997377395630       0.18864405882898014       0.11265027914738987       0.20912019705183266       0.11946177286649345       0.20673412563610688       0.11808508526217394     
  0.59999996423721313       0.16909281997288758       0.10097510353630519       0.19269485693322144       0.11007865120647475       0.19122141398430717       0.10922433296782542     
  0.61000001430511475       0.15069380286186165        8.9987986176443435E-002  0.17701471576445024       0.10112123107572565       0.17639139298230616       0.10075352879327143     
  0.62000000476837158       0.13339715361570628        7.9659156432272463E-002  0.16207456127313621        9.2586534917280000E-002  0.16222364169278355        9.2661008442077128E-002
  0.62999999523162842       0.11718653628899843        6.9978859165870488E-002  0.14786098219831520        8.4466901429007438E-002  0.14871370642060228        8.4944227994759591E-002
  0.63999998569488525       0.10200029493558496        6.0910276045462938E-002  0.13436537904749660        7.6757418074323083E-002  0.13585003297164491        7.7596587776527587E-002
  0.64999997615814209        8.7819728950595907E-002   5.2442239858194545E-002  0.12155989441795007        6.9442171064101971E-002  0.12361990161561942        7.0610822366486081E-002
  0.65999996662139893        7.4591188087834479E-002   4.4542712938803498E-002  0.10943364524143061        6.2514943348795274E-002  0.11200954267808895        6.3979066622995712E-002
  0.66999995708465576        6.1878522383784898E-002   3.6951244916124136E-002   9.7968768123722030E-002   5.5965530305546698E-002  0.10100963249948189        5.7695994936981763E-002
  0.68000000715255737        5.0456466059306988E-002   3.0130474405900252E-002   8.7146518003101317E-002   4.9783223651094180E-002   9.0593712385215297E-002   5.1746494287330268E-002
  0.68999999761581421        3.9869658353758629E-002   2.3808479158804050E-002   7.6953242327635910E-002   4.3960224243695153E-002   8.0751178111178060E-002   4.6124507615466714E-002
  0.69999998807907104        3.0088849608306083E-002   1.7967792511675906E-002   6.7357662840816679E-002   3.8478664101072126E-002   7.1465074432183057E-002   4.0820350204040262E-002
  0.70999997854232788        2.1064363454170686E-002   1.2578749831319187E-002   5.8345029385370659E-002   3.3330117064668062E-002   6.2718013859218019E-002   3.5824090441053294E-002
  0.71999996900558472        1.2762532139175923E-002   7.6212461554862757E-003   4.9894574211301980E-002   2.8502719372551034E-002   5.4492248106059786E-002   3.1125590629666997E-002
  0.72999995946884155        5.1582735604163241E-003   3.0803035097240836E-003   4.1990635568551475E-002   2.3987524110675319E-002   4.6774691671115441E-002   2.6717376422980266E-002
  0.74000000953674316       -1.8125075673844876E-003  -1.0823531082297742E-003   3.4601233597117920E-002   1.9766262499527239E-002   3.9536807723939284E-002   2.2583147783222766E-002
  0.75000000000000000       -8.1731096347081554E-003  -4.8806365149658918E-003   2.7710604564147395E-002   1.5829929366482386E-002   3.2765363060149197E-002   1.8715345996694353E-002
  0.75999999046325684       -1.3954419092972823E-002  -8.3329907971718686E-003   2.1297540090612927E-002   1.2166409236355218E-002   2.6441726273729805E-002   1.5103328934713259E-002
  0.76999998092651367       -1.9201083052144401E-002  -1.1466077326703456E-002   1.5340979002393321E-002   8.7636707260719694E-003   2.0547349746087885E-002   1.1736502327387040E-002
  0.77999997138977051       -2.3941783106425335E-002  -1.4297023542470285E-002   9.8250187550559184E-003   5.6126293656591037E-003   1.5068538508913865E-002   8.6070437046929116E-003
  0.78999996185302734       -2.8196413698021252E-002  -1.6837709566655156E-002   4.7188393843562194E-003   2.6956789763721233E-003   9.9773487306719262E-003   5.6989917456862528E-003
  0.79999995231628418       -3.2021594171797313E-002  -1.9121946085074653E-002   7.1804562270021936E-006   4.1018994958858474E-006   5.2651650845509518E-003   3.0074254360066277E-003
  0.81000000238418579       -3.5434693063499674E-002  -2.1160104855059970E-002  -4.3299825169890727E-003  -2.4735410316786832E-003   9.0462390367869081E-004   5.1671484070381693E-004
  0.81999999284744263       -3.8459772143340516E-002  -2.2966554551394885E-002  -8.3121847723886012E-003  -4.7484094951253664E-003  -3.1245350786465631E-003  -1.7847125627245652E-003
  0.82999998331069946       -4.1126176839474136E-002  -2.4558819026639606E-002  -1.1953755616455996E-002  -6.8286892346447687E-003  -6.8172178291805051E-003  -3.8939470981513950E-003
  0.83999997377395630       -4.3466032064014282E-002  -2.5956081923998529E-002  -1.5283032383091200E-002  -8.7305682043116138E-003  -1.0212754213627794E-002  -5.8334537095274547E-003
  0.84999996423721313       -4.5505986668143802E-002  -2.7174256813945721E-002  -1.8313289023255248E-002  -1.0461629266695457E-002  -1.3327201285915767E-002  -7.6124040736439552E-003
  0.85999995470046997       -4.7264988662989137E-002  -2.8224658649922890E-002  -2.1062006694089183E-002  -1.2031858688322686E-002  -1.6157831470617841E-002  -9.2292402185123468E-003
  0.87000000476837158       -4.8760831171507930E-002  -2.9117912734844507E-002  -2.3541526373642346E-002  -1.3448306362687514E-002  -1.8736262204078952E-002  -1.0702021802426111E-002
  0.87999999523162842       -5.0023884354514291E-002  -2.9872154848414864E-002  -2.5777600809421757E-002  -1.4725683775895679E-002  -2.1073110447468804E-002  -1.2036813159278183E-002
  0.88999998569488525       -5.1062071304366900E-002  -3.0492116327371890E-002  -2.7781292378999005E-002  -1.5870310409544123E-002  -2.3182975415187615E-002  -1.3241953258128131E-002
  0.89999997615814209       -5.1904341954091313E-002  -3.0995084851258056E-002  -2.9567786530013938E-002  -1.6890861085684595E-002  -2.5079854057465156E-002  -1.4325437058957446E-002
  0.90999996662139893       -5.2569992409812513E-002  -3.1392583241173257E-002  -3.1147015737242281E-002  -1.7793009818890305E-002  -2.6773020662295897E-002  -1.5292561970141378E-002
  0.91999995708465576       -5.3070912018786900E-002  -3.1691711314072231E-002  -3.2542009389033170E-002  -1.8589912352121672E-002  -2.8283992499726036E-002  -1.6155618505692446E-002
  0.93000000715255737       -5.3417875175219169E-002  -3.1898903083951401E-002  -3.3761435478281525E-002  -1.9286520353428958E-002  -2.9620920458046870E-002  -1.6919262395940136E-002
  0.93999999761581421       -5.3634272812279914E-002  -3.2028126629993880E-002  -3.4817906865128111E-002  -1.9890039031369617E-002  -3.0795715616659908E-002  -1.7590297166051479E-002
  0.94999998807907104       -5.3721637423472648E-002  -3.2080297092713775E-002  -3.5719053369329977E-002  -2.0404826988353570E-002  -3.1815517137638735E-002  -1.8172800655423409E-002
  0.95999997854232788       -5.3702368683748919E-002  -3.2068790613675048E-002  -3.6485130719888889E-002  -2.0842455489764891E-002  -3.2699501692396209E-002  -1.8677726444515055E-002
  0.96999996900558472       -5.3589578662085115E-002  -3.2001437167696732E-002  -3.7122500310862089E-002  -2.1206558538548741E-002  -3.3453804807200567E-002  -1.9108579102977346E-002
  0.97999995946884155       -5.3389353239235951E-002  -3.1881870986199226E-002  -3.7641407409117110E-002  -2.1502988834543504E-002  -3.4088128896352002E-002  -1.9470900581934056E-002
  0.98999994993209839       -5.3107011287728795E-002  -3.1713268275624984E-002  -3.8051435054576185E-002  -2.1737220774553933E-002  -3.4611772082122495E-002  -1.9770001903732827E-002
   1.0000000000000000       -5.2753159560084514E-002  -3.1501962941423885E-002  -3.8357454115004845E-002  -2.1912036885121614E-002  -3.5029472850242278E-002  -2.0008589658249563E-002
