 pt up dp u1 d1 u2 d2
   0.0000000000000000        0.0000000000000000        0.0000000000000000        0.0000000000000000        0.0000000000000000        0.0000000000000000        0.0000000000000000     
   9.9999997764825821E-003   1.3378197830411287       0.64744686274028063       0.87305210600194916       0.42599868584685008       0.78637617187424502       0.38782022225094875     
   1.9999999552965164E-002   1.3353595589004592       0.64625622075568245       0.87170582037698707       0.42534177670813328       0.78520320415382794       0.38724174515780246     
   2.9999999329447746E-002   1.3311234560215746       0.64420613033696794       0.86935282999961661       0.42419365416002996       0.78314615170175572       0.38622726052859097     
   3.9999999105930328E-002   1.3254335387215499       0.64145245667191086       0.86619549849076616       0.42265305988815710       0.78038598983965046       0.38486602067278647     
   4.9999997019767761E-002   1.3179841475703808       0.63784727382793693       0.86207787861875884       0.42064390070712632       0.77679053754690042       0.38309283735780442     
   5.9999998658895493E-002   1.3089360907565899       0.63346840600713927       0.85706966391819794       0.41820018301122885       0.77241706906330465       0.38093595674521757     
   7.0000000298023224E-002   1.2983194983325939       0.62833043485060314       0.85119105608294876       0.41533176405294503       0.76727975389065994       0.37840236686382600     
   7.9999998211860657E-002   1.2861709825356042       0.62245107909624953       0.84445039940623923       0.41204271536240056       0.76139353422383771       0.37549943681450337     
   8.9999996125698090E-002   1.2725359211128027       0.61585229960937671       0.83687695349954661       0.40834731392942364       0.75477254181665876       0.37223413600973210     
   9.9999994039535522E-002   1.2574599035870888       0.60855615974556643       0.82848793666123977       0.40425396128288887       0.74743987106271492       0.36861785400221686     
  0.10999999940395355        1.2409973682649114       0.60058900528858394       0.81930950430033145       0.39977541974223929       0.73941440769969313       0.36465990474531640     
  0.11999999731779099        1.2232054223084234       0.59197847363282774       0.80936951776361699       0.39492528402540722       0.73071757552538397       0.36037085389744883     
  0.12999999523162842        1.2041404411114369       0.58275184802849433       0.79869489831551388       0.38971669014476062       0.72137556945454551       0.35576362010750934     
  0.14000000059604645        1.1838722555814736       0.57294292361194632       0.78731614934608585       0.38416452198179102       0.71141571629902900       0.35085168024652308     
  0.14999999105930328        1.1624677906960432       0.56258408917521552       0.77527050960155175       0.37828694988033318       0.70086496598393355       0.34564832531479583     
  0.15999999642372131        1.1399942251870918       0.55170785631649455       0.76258652093493806       0.37209790060580861       0.68975083342712706       0.34016712495233548     
  0.17000000178813934        1.1165278123725051       0.54035112834074639       0.74930074383175804       0.36561521355024751       0.67810330732086366       0.33442286880017025     
  0.17999999225139618        1.0921477342762980       0.52855222591992068       0.73545220676887535       0.35885793234202124       0.66595581001828419       0.32843203989134051     
  0.18999999761581421        1.0669239336933638       0.51634499833902514       0.72107913792705480       0.35184471011151663       0.65333860130216814       0.32220956156165204     
  0.19999998807907104        1.0409389930570936       0.50376941192094948       0.70621616569240775       0.34459244349855028       0.64028667084519952       0.31577268980527479     
  0.20999999344348907        1.0142756053450013       0.49086548648715167       0.69090776251645147       0.33712283247471891       0.62683196582505740       0.30913718013717800     
  0.21999999880790710       0.98700779164725150       0.47766904504100843       0.67518789138123569       0.32945244900133125       0.61301175351742332       0.30232141180593852     
  0.22999998927116394       0.95921926660213930       0.46422060184357028       0.65910441097486816       0.32160464533663130       0.59885530374143359       0.29533981992310748     
  0.23999999463558197       0.93099018757411922       0.45055894958933901       0.64269219897803131       0.31359643976169754       0.58440402118247814       0.28821282419984251     
  0.25000000000000000       0.90240444490589256       0.43672468757269228       0.62599501267872004       0.30544918328989346       0.56968782153014896       0.28095517827416144     
  0.25999999046325684       0.87353226688463559       0.42275180324454448       0.60905390432064266       0.29718290703018735       0.55474435673721867       0.27358545110735183     
  0.26999998092651367       0.84445540432786204       0.40867986046169891       0.59190618607886092       0.28881581715542304       0.53960706717073736       0.26612013461644390     
  0.28000000119209290       0.81524959159885824       0.39454551137755756       0.57459443221646633       0.28036868743156673       0.52431012284278322       0.25857608056037046     
  0.28999999165534973       0.78599115482385629       0.38038569453317067       0.55715850955605983       0.27186097055098474       0.50889133719709123       0.25097193754354918     
  0.29999998211860657       0.75674713193216003       0.36623285338434786       0.53963432848035686       0.26331018869332640       0.49338150256520075       0.24332289154094860     
  0.31000000238418579       0.72758898894506918       0.35212157439173947       0.52206308080578401       0.25473644107093574       0.47781112536090181       0.23564398752035726     
  0.31999999284744263       0.69858502347393459       0.33808491064273555       0.50447759231378564       0.24615574475731905       0.46221583571160169       0.22795279733151369     
  0.32999998331069946       0.66979509545489591       0.32415183175517953       0.48691874581336275       0.23758804818715573       0.44662645843275095       0.22026452296960367     
  0.34000000357627869       0.64128272126843688       0.31035307690769459       0.46941709888763422       0.22904826168499778       0.43107218005762243       0.21259355847176256     
  0.34999999403953552       0.61310580789096081       0.29671667057015250       0.45200895793302120       0.22055410066216741       0.41558366027609417       0.20495502439754962     
  0.35999998450279236       0.58531192854116609       0.28326563612102806       0.43472349755461098       0.21211980063031555       0.40018733812760232       0.19736195979178467     
  0.37000000476837158       0.55795997683367782       0.27002847552038173       0.41759264607720686       0.20376094075626877       0.38491212976725242       0.18982862534814143     
  0.37999999523162842       0.53109070684536963       0.25702491197723709       0.40064549022736129       0.19549171367206097       0.36978152289557659       0.18236660458805234     
  0.38999998569488525       0.50474763494706754       0.24427600553131337       0.38391240906296376       0.18732694259230806       0.35482098477726887       0.17498845730237428     
  0.39999997615814209       0.47881256286075491       0.23172455333268038       0.36741300915819597       0.17927619438567483       0.34005519149287278       0.16770635309057244     
  0.40999999642372131       0.45363927867960380       0.21954177350346735       0.35117442678034982       0.17135270997343641       0.32550229299229227       0.16052924303465746     
  0.41999998688697815       0.42909680740715289       0.20766427981510138       0.33521911838214868       0.16356744679935073       0.31118425952388579       0.15346796228821863     
  0.42999997735023499       0.40521821521518131       0.19610807486333837       0.31956872292347716       0.15593096341818288       0.29711975466075091       0.14653171523883213     
  0.43999999761581421       0.38202415477953006       0.18488315364926097       0.30424160290981772       0.14845221966537717       0.28332693366732686       0.13972945558949892     
  0.44999998807907104       0.35953733313496100       0.17400050539473969       0.28925270163541272       0.14113850700001834       0.26981970658820881       0.13306804341149206     
  0.45999997854232788       0.33777144906913931       0.16346675972000441       0.27461907457576906       0.13399814750288747       0.25661329689499857       0.12655498652403457     
  0.46999999880790710       0.31674501903604896       0.15329087778723302       0.26035533031966729       0.12703826931625686       0.24372194360698551       0.12019730724014061     
  0.47999998927116394       0.29646382283739064       0.14347565677024968       0.24647308198277190       0.12026453896561509       0.23115503038648455       0.11399963333737329     
  0.48999997973442078       0.27693972060794642       0.13402683646088104       0.23298048774868221       0.11368093717040444       0.21892214510362626       0.10796669330326567     
  0.50000000000000000       0.25817226600146803       0.12494420084686450       0.21988773249554258       0.10729243355921270       0.20703267936309175       0.10210311883234890     
  0.50999999046325684       0.24016878091014707       0.11623129340706723       0.20720434207657359       0.10110367619476819       0.19549385020380694        9.6412469180028049E-002
  0.51999998092651367       0.22292059530394015       0.10788391822226062       0.19493099902702005        9.5114998114601335E-002  0.18431142841191178        9.0897590347547144E-002
  0.52999997138977051       0.20642951354930703        9.9902948527703275E-002  0.18307415861192719        8.9329549112873483E-002  0.17348992282160247        8.5560705974358400E-002
  0.53999996185302734       0.19068484773828601        9.2283211838605134E-002  0.17163642114317537        8.3748597990651846E-002  0.16303258990666583        8.0403422068416969E-002
  0.55000001192092896       0.17568218276050174        8.5022571432668420E-002  0.16061895290955416        7.8372713829080870E-002  0.15294348719592918        7.5427739697135440E-002
  0.56000000238418579       0.16140686944306820        7.8113937744357445E-002  0.15002401096577461        7.3202997939679396E-002  0.14321947959552439        7.0632112713969450E-002
  0.56999999284744263       0.14785170623273219        7.1553825533642146E-002  0.13984579096103555        6.8236618136605739E-002  0.13386240973381250        6.6017449855177879E-002
  0.57999998331069946       0.13499589850470414        6.5332171102293390E-002  0.13008405539241064        6.3473458532235655E-002  0.12487104748937247        6.1583144456952843E-002
  0.58999997377395630       0.12282902699009884        5.9443931975205241E-002  0.12073524352288162        5.8911781693854748E-002  0.11624318462821759        5.7328107475874406E-002
  0.59999996423721313       0.11133009268000223        5.3878945541079720E-002  0.11179349719570215        5.4548729181447375E-002  0.10797569575805645        5.3250797549962890E-002
  0.61000001430511475       0.10048468150479102        4.8630236014182940E-002  0.10325912378560380        5.0384450976017965E-002  0.10006643301821737        4.9350155410343197E-002
  0.62000000476837158        9.0269835432020787E-002   4.3686692700631413E-002   9.5117911765688970E-002   4.6412012678415875E-002   9.2506924891894826E-002   4.5622003125831825E-002
  0.62999999523162842        8.0669212842503793E-002   3.9040406964142856E-002   8.7365976944667079E-002   4.2629519029040920E-002   8.5293531995587243E-002   4.2064545847387211E-002
  0.63999998569488525        7.1659363371860157E-002   3.4680029843489175E-002   7.9994216844710073E-002   3.9032528547750120E-002   7.8420097753579179E-002   3.8674747312406756E-002
  0.64999997615814209        6.3220369035692586E-002   3.0595921896442439E-002   7.2996549177881592E-002   3.5618073431533663E-002   7.1878739621173637E-002   3.5448720055392915E-002
  0.65999996662139893        5.5327916225415941E-002   2.6776316388947681E-002   6.6365754494773402E-002   3.2382631008675486E-002   6.5664334645543665E-002   3.2383937569598523E-002
  0.66999995708465576        4.7963606417310137E-002   2.3212309231969472E-002   6.0084807126948324E-002   2.9317893742511942E-002   5.9770826478490469E-002   2.9477413022018666E-002
  0.68000000715255737        4.1101528879126971E-002   1.9891360752737269E-002   5.4149158255027384E-002   2.6421642073564046E-002   5.4183171612778830E-002   2.6721727347162785E-002
  0.68999999761581421        3.4723089055252114E-002   1.6804471991264600E-002   4.8547300648329551E-002   2.3688261142060796E-002   4.8897866980740577E-002   2.4115152923403591E-002
  0.69999998807907104        2.8803533084917024E-002   1.3939663150497794E-002   4.3271469240960182E-002   2.1113962047152154E-002   4.3904888254527909E-002   2.1652746013643233E-002
  0.70999997854232788        2.3322126037031560E-002   1.1286899421373902E-002   3.8303671801712437E-002   1.8689965625719618E-002   3.9195071167184202E-002   1.9329987040388047E-002
  0.71999996900558472        1.8254641087420528E-002   8.8344560697357476E-003   3.3638034315805511E-002   1.6413405699948438E-002   3.4760689391303987E-002   1.7143065580435164E-002
  0.72999995946884155        1.3583039522477228E-002   6.5736031390670321E-003   2.9262173654679029E-002   1.4278240022809972E-002   3.0588903811943752E-002   1.5085649717089873E-002
  0.74000000953674316        9.2827155430397126E-003   4.4924324877222161E-003   2.5164809138943076E-002   1.2278964278396271E-002   2.6671713069677180E-002   1.3153793388528463E-002
  0.75000000000000000        5.3347933246324954E-003   2.5818090337620062E-003   2.1336382357065493E-002   1.0410914517415422E-002   2.2999452518532641E-002   1.1342730243375001E-002
  0.75999999046325684        1.7234965290153111E-003   8.3409771241245369E-004   1.7762054220454300E-002   8.6668501270840935E-003   1.9562359048630743E-002   9.6476453704221372E-003
  0.76999998092651367       -1.5796046619747102E-003  -7.6446027763219545E-004   1.4432342000816081E-002   7.0421440871322018E-003   1.6350704463628865E-002   8.0637410769081562E-003
  0.77999997138977051       -4.5890577689952387E-003  -2.2209053066294449E-003   1.1336103458487868E-002   5.5313596321924135E-003   1.3354806986390400E-002   6.5862425628134304E-003
  0.78999996185302734       -7.3215560707210322E-003  -3.5433161988303809E-003   8.4623340617750488E-003   4.1291271903823338E-003   1.0566616274408041E-002   5.2111796091359073E-003
  0.79999995231628418       -9.7981095079157487E-003  -4.7418608560752104E-003   5.8001992006666342E-003   2.8301601017252688E-003   7.9735219111756357E-003   3.9323330872866923E-003
  0.81000000238418579       -1.2034060863687477E-002  -5.8239645212216822E-003   3.3406866781405253E-003   1.6300609378643149E-003   5.5677200272349044E-003   2.7458543323443914E-003
  0.81999999284744263       -1.4041428646493371E-002  -6.7954436320995524E-003   1.0701245923659852E-003   5.2215860531843101E-004   3.3400221662100689E-003   1.6472118372246746E-003
  0.82999998331069946       -1.5844343497455678E-002  -7.6679763744319446E-003  -1.0200126273896754E-003  -4.9770687892277613E-004   1.2829524535523903E-003   6.3271869554264192E-004
  0.83999997377395630       -1.7453392843471718E-002  -8.4466866045230411E-003  -2.9396209986472426E-003  -1.4343641962518963E-003  -6.1533763073480822E-004  -3.0346847379946417E-004
  0.84999996423721313       -1.8881118163030907E-002  -9.1376438550595535E-003  -4.6967017351985654E-003  -2.2917174739679820E-003  -2.3619161144694126E-003  -1.1648354378140002E-003
  0.85999995470046997       -2.0144180802689364E-002  -9.7489114965294780E-003  -6.3037997020074987E-003  -3.0758878770644218E-003  -3.9651319217383508E-003  -1.9554996681522131E-003
  0.87000000476837158       -2.1253697390189830E-002  -1.0285869495537775E-002  -7.7683254005046706E-003  -3.7904912995402828E-003  -5.4354601169523883E-003  -2.6806271934314819E-003
  0.87999999523162842       -2.2220102006337811E-002  -1.0753567495518314E-002  -9.0989094534144280E-003  -4.4397389836722794E-003  -6.7721876742752344E-003  -3.3398663679023231E-003
  0.88999998569488525       -2.3055361885568559E-002  -1.1157797119893736E-002  -1.0303925577531407E-002  -5.0277168165748804E-003  -7.9952014896175552E-003  -3.9430248900528091E-003
  0.89999997615814209       -2.3773709603387171E-002  -1.1505446319101314E-002  -1.1389846516227410E-002  -5.5575831208170331E-003  -9.1033391528175019E-003  -4.4895294895024238E-003
  0.90999996662139893       -2.4381005611735476E-002  -1.1799351298190505E-002  -1.2367492616862348E-002  -6.0346175970305872E-003  -1.0103642750161308E-002  -4.9828531395765098E-003
  0.91999995708465576       -2.4889820094279910E-002  -1.2045595481911094E-002  -1.3242639371255442E-002  -6.4616383495511368E-003  -1.1009762056245818E-002  -5.4297275531717624E-003
  0.93000000715255737       -2.5307362679493781E-002  -1.2247668018349965E-002  -1.4022317459252885E-002  -6.8420759415197298E-003  -1.1819831092112220E-002  -5.8292324781233119E-003
  0.93999999761581421       -2.5640260836460062E-002  -1.2408776315649819E-002  -1.4711684717352732E-002  -7.1784470973734272E-003  -1.2545145929638171E-002  -6.1869388425224176E-003
  0.94999998807907104       -2.5896775348748288E-002  -1.2532918235461220E-002  -1.5320155985440027E-002  -7.4753457117846048E-003  -1.3190190589172842E-002  -6.5050580482789930E-003
  0.95999997854232788       -2.6087514589073251E-002  -1.2625227770957164E-002  -1.5967326169813483E-002  -7.7911271481582974E-003  -1.3760576153839466E-002  -6.7863573352735709E-003
  0.96999996900558472       -2.6214960641355270E-002  -1.2686906143309440E-002  -1.6428786927135040E-002  -8.0162931775824703E-003  -1.4260226671690997E-002  -7.0327719416815081E-003
  0.97999995946884155       -2.6288355633899776E-002  -1.2722426142539657E-002  -1.6823900837204971E-002  -8.2090858016337365E-003  -1.4696985440600068E-002  -7.2481699774900694E-003
  0.98999994993209839       -2.6311771145138739E-002  -1.2733758236356236E-002  -1.7159924123463552E-002  -8.3730456356184632E-003  -1.5074265358608886E-002  -7.4342345950181871E-003
   1.0000000000000000       -2.6288852151012048E-002  -1.2722666435328491E-002  -1.7440589683218644E-002  -8.5099941164664961E-003  -1.5396587548178067E-002  -7.5931954939696183E-003
