 x up dp u1 d1 u2 d2
   0.0000000000000000        0.0000000000000000        0.0000000000000000        0.0000000000000000        0.0000000000000000        0.0000000000000000        0.0000000000000000     
   4.0000001899898052E-003   86.580791020384140        65.494187286463898        58.859947505882730        42.476105537465770        52.834643271755120        37.599946834841262     
   8.0000003799796104E-003   44.337708905056950        28.763152548074309        32.036099349851511        19.546519853477836        29.210189512526075        17.519346787096374     
   1.2000000104308128E-002   30.766034893172240        17.838100729467833        23.268375390341568        12.613851840918080        21.447404683345823        11.419861672079501     
   1.6000000759959221E-002   23.980171897957732        12.693628660517211        18.815691525614685        9.2858988099730784        17.487902523958923        8.4768110501320759     
   2.0000001415610313E-002   19.858049373448008        9.7174370623829098        16.071089583864410        7.3216091287116134        15.036182718708814        6.7292931693897637     
   2.4000000208616257E-002   17.064009128998403        7.7807673958400754        14.182501707506246        6.0161588668008577        13.343135067047307        5.5618609874173037     
   2.8000000864267349E-002   15.032312215055237        6.4210106228999955        12.789615975753380        5.0802233585976255        12.088479414043183        4.7202124750501806     
   3.2000001519918442E-002   13.479924682775509        5.4136192787886861        11.705739320281269        4.3720539537589751        11.107668115581429        4.0797777944087441     
   3.6000002175569534E-002   12.251929265044327        4.6382886807112307        10.831141957379900        3.8156470582021851        10.312722637004539        3.5739048126885358     
   4.0000002831220627E-002   11.254371554370675        4.0250140784526165        10.108018844511863        3.3666873080353383        9.6522220711988105        3.1638654891429985     
   4.4000003486871719E-002   10.425356829973774        3.5272621501101105        9.4946669009644822        2.9947571316626660        9.0891335336325731        2.8226466137322306     
   4.8000000417232513E-002   9.7254133953190820        3.1172361454210065        8.9645095134938391        2.6826134026734203        8.6002476260755447        2.5350214786237615     
   5.2000001072883606E-002   9.1254134082657004        2.7734889477313280        8.4983374834544634        2.4160021066397386        8.1683542967879248        2.2883209023653257     
   5.6000001728534698E-002   8.6044114117061170        2.4819099068984456        8.0822854984775905        2.1857678498253788        7.7804870830231261        2.0744575975832888     
   6.0000002384185791E-002   8.1483010419814299        2.2326094814072621        7.7069868516118767        1.9857323815876717        7.4276551913677737        1.8880375896140358     
   6.4000003039836884E-002   7.7444742532371187        2.0167692728293534        7.3652072344872028        1.8095070479435471        7.1043334651840828        1.7232434906561804     
   6.8000003695487976E-002   7.3841121493435464        1.8287575507072233        7.0522691335115679        1.6535806420894179        6.8068961209834766        1.5769501577971770     
   7.2000004351139069E-002   7.0609066834648093        1.6642996159026617        6.7634317829637132        1.5150542462171193        6.5313623153519238        1.4465794828590226     
   7.6000005006790161E-002   6.7685417420855307        1.5190508238993783        6.4960001878182174        1.3909115922429307        6.2754894881943679        1.3294007568257593     
   8.0000005662441254E-002   6.5024472444352996        1.3901862260543814        6.2485213617504707        1.2790769380176970        6.0381230253206963        1.2235473398453856     
   8.4000006318092346E-002   6.2592985461404380        1.2755292818085882        6.0194288778020741        1.1783176992459565        5.8179549030469033        1.1279340024278086     
   8.8000006973743439E-002   6.0361852709478674        1.1731564684893339        5.8085260266472476        1.0869358815881127        5.6150761539087917        1.0409577103178385     
   9.2000007629394531E-002   5.8300544178508886        1.0811361612218744        5.6122095829754501        1.0039111231040805        5.4259826708361132       0.96177854919801486     
   9.6000000834465027E-002   5.6388964016596237       0.99819339118281925        5.4287910704447633       0.92824236362289125        5.2490882099741745       0.88950289753189238     
  0.10000000149011612        5.4610291196301386       0.92319360088195523        5.2569212249272796       0.85933204096673466        5.0831317045143756       0.82360031706006254     
  0.10400000214576721        5.2951946364993390       0.85539129474450537        5.0953421922367754       0.79649387483179590        4.9268675372442443       0.76344361356371282     
  0.10800000280141830        5.1398588668628848       0.79381542477488587        4.9430369923483699       0.73898567352577416        4.7793521552125142       0.70834464405291286     
  0.11200000345706940        4.9935425961340032       0.73761875204378513        4.7988957515901962       0.68633547042966414        4.6396434363984014       0.65786872740913815     
  0.11600000411272049        4.8554997466717476       0.68627293473878281        4.6624489192498872       0.63797575356340275        4.5073283017033265       0.61148426964503366     
  0.12000000476837158        4.7250129143045818       0.63922706303637888        4.5331290043727437       0.59362647920533151        4.3818870756787431       0.56893160994678305     
  0.12400000542402267        4.6013708293737228       0.59617712688908631        4.4104136842574384       0.55309412788069123        4.2628876496731216       0.53003321598949915     
  0.12800000607967377        4.4840916052338269       0.55682099886480074        4.2940828251038443       0.51607627769494746        4.1502083084935126       0.49450583674204573     
  0.13199999928474426        4.3724055619936983       0.52062642288296579        4.1832294379712636       0.48201630514217025        4.0428105589713157       0.46181325555009667     
  0.13600000739097595        4.2657454201472520       0.48716503181671178        4.0772920792943674       0.45053051191725396        3.9401389317188604       0.43158952399107819     
  0.14000000059604645        4.1637390935794212       0.45623835946714120        3.9753245416505725       0.42140547121169025        3.8412671339209536       0.40363123017321734     
  0.14400000870227814        4.0658575108974082       0.42768101621101329        3.8775031625005290       0.39453934853618733        3.7463564660272777       0.37784136920859601     
  0.14800000190734863        3.9719287992678338       0.40124477872923303        3.7832232907759149       0.36964920716943966        3.6547704455835590       0.35395174133423557     
  0.15200001001358032        3.8814978604264212       0.37674558790564583        3.6921396126731070       0.34658558374012288        3.5660973788934078       0.33182254886865592     
  0.15600000321865082        3.7944270580750969       0.35399830148239414        3.6042032751641089       0.32518510736369755        3.4804436552408862       0.31128909099653890     
  0.16000001132488251        3.7104342774539667       0.33285718077691262        3.5192244687334608       0.30529817591664754        3.3976418415775571       0.29220740714146753     
  0.16400000452995300        3.6291978742124944       0.31319962599533757        3.4370083345414510       0.28680283198987894        3.3175170132501406       0.27446018064069955     
  0.16800001263618469        3.5506930487344985       0.29488646662974527        3.3573479718880566       0.26957911426718489        3.2398806058107952       0.25793217237293148     
  0.17200000584125519        3.4746258120961668       0.27781618000011848        3.2801278005875232       0.25352251532179720        3.1646303935448930       0.24252304596172947     
  0.17600001394748688        3.4008034175347825       0.26189245602613764        3.2052295504463659       0.23854084992625429        3.0917184553615629       0.22814157458787529     
  0.18000000715255737        3.3292265133887788       0.24701380713503995        3.1325161529782362       0.22454581239016641        3.0210421055494079       0.21470238778348921     
  0.18400001525878906        3.2596383270372513       0.23310556158733761        3.0618510333300084       0.21146658218623521        2.9523646391009151       0.20214283102160091     
  0.18800000846385956        3.1918915240857975       0.22009560427210043        2.9931142040880574       0.19923686421652748        2.8855620855675799       0.19039971575027842     
  0.19200000166893005        3.1260202438980595       0.20790764712745033        2.9261698427032510       0.18778951883923850        2.8204964381109638       0.17940893603622557     
  0.19600000977516174        3.0618250574207488       0.19648485855158912        2.8609639651443515       0.17706628245108055        2.7571096550704328       0.16911478537038052     
  0.20000000298023224        2.9991528203079438       0.18577444183379177        2.7974065249969948       0.16701857291874206        2.6953097785069953       0.15947074142657872     
  0.20400001108646393        2.9380648091710082       0.17571807914462445        2.7353839754044604       0.15759585271060975        2.6349830645929551       0.15042836662841080     
  0.20800000429153442        2.8784357504723133       0.16627082026328455        2.6748713374335469       0.14875191117811393        2.5760291628606802       0.14194527961062720     
  0.21200001239776611        2.8201145750850851       0.15739313668115579        2.6157844803300048       0.14045008643833523        2.5183991348507764       0.13398511188003101     
  0.21600000560283661        2.7631002782640541       0.14904334051012991        2.5580512034329703       0.13265193552238297        2.4620795200421655       0.12650935674439853     
  0.22000001370906830        2.7073906486465105       0.14118260679503195        2.5016236180173426       0.12531969581550298        2.4070299545013061       0.11948159379120747     
  0.22400000691413879        2.6528620163531786       0.13378022602350906        2.4464623754348649       0.11842296760018872        2.3532174967213670       0.11287247310526037     
  0.22800001502037048        2.5994156646350528       0.12680732847764289        2.3925168761298075       0.11193491381724606        2.3005976606057712       0.10665608133354508     
  0.23200000822544098        2.5471066616849489       0.12023252786338245        2.3397126699893982       0.10582720818015227        2.2491024614615598       0.10080512625510474     
  0.23600001633167267        2.4958866314446628       0.11402946580944229        2.2880449512640499       0.10007217916340136        2.1987303723230469        9.5292975350062953E-002
  0.24000000953674316        2.4456648043816456       0.10817539329650545        2.2374663180325194        9.4649160052009906E-002   2.1494383438866436        9.0099696736652524E-002
  0.24400001764297485        2.3963705842369096       0.10264886542896215        2.1879123137308762        8.9537041321350430E-002   2.1012126950483365        8.5204254086994405E-002
  0.24800001084804535        2.3480542515846414        9.7427191641809421E-002   2.1393506250517378        8.4715926970803754E-002   2.0539787211621126        8.0588244345495996E-002
  0.25200000405311584        2.3006799859944693        9.2491201845844348E-002   2.0917904872935789        8.0165582193760174E-002   2.0077371597622071        7.6232356202742560E-002
  0.25600001215934753        2.2541822098830924        8.7823939614586635E-002   2.0451992598408455        7.5870876275328347E-002   1.9624550195084542        7.2122038868704400E-002
  0.26000002026557922        2.2085034403362029        8.3409651416873273E-002   1.9995505650000693        7.1817637160275338E-002   1.9181054404110838        6.8243659134929358E-002
  0.26399999856948853        2.1636655439327508        7.9232199237740816E-002   1.9548002388910000        6.7990277442890226E-002   1.8746446313301881        6.4582247781741986E-002
  0.26800000667572021        2.1196657620218078        7.5276751239571088E-002   1.9109416696671950        6.4373230738168599E-002   1.8320649331417294        6.1122865368165608E-002
  0.27200001478195190        2.0764572335369080        7.1530462307074341E-002   1.8679640872022725        6.0954402543975619E-002   1.7903547572633332        5.7853879512353636E-002
  0.27600002288818359        2.0339971345117411        6.7981333957397541E-002   1.8258373878403662        5.7723630715595574E-002   1.7494840374227039        5.4765498754177681E-002
  0.28000000119209290        1.9922611288624061        6.4618008022493539E-002   1.7845370349659366        5.4669706669043000E-002   1.7094303523939836        5.1846986134110221E-002
  0.28400000929832458        1.9512750971004840        6.1429090616057662E-002   1.7440335610615476        5.1780557725508457E-002   1.6701699001126733        4.9086845624648809E-002
  0.28800001740455627        1.9110138312095841        5.8404623618706734E-002   1.7043334016348783        4.9046345660254488E-002   1.6316990486355745        4.6475456783262474E-002
  0.29200002551078796        1.8714470739808973        5.5535373882742933E-002   1.6654144435630660        4.6459142258020149E-002   1.5939952150210712        4.4005172483920163E-002
  0.29600000381469727        1.8325470841250080        5.2812735199084318E-002   1.6272556218828591        4.4011735306553494E-002   1.5570369499291401        4.1669032014193433E-002
  0.30000001192092896        1.7942999848803347        5.0228549010909243E-002   1.5898317778554139        4.1695685387719915E-002   1.5207990128108080        3.9458920523958135E-002
  0.30400002002716064        1.7567159616852763        4.7775039622190582E-002   1.5531254545882096        3.9502489630441416E-002   1.4852636626720324        3.7366673731700800E-002
  0.30800002813339233        1.7197777605560534        4.5444923680889440E-002   1.5171405852255031        3.7424833597148481E-002   1.4504337033371859        3.5385260600276622E-002
  0.31200000643730164        1.6834677454583640        4.3231410004377961E-002   1.4818618472724723        3.5457027963345968E-002   1.4162935852638867        3.3509194647503945E-002
  0.31600001454353333        1.6477682517330288        4.1128095355513088E-002   1.4472685096409705        3.3593921696928430E-002   1.3828226620126545        3.1733503559335588E-002
  0.32000002264976501        1.6126651579922171        3.9129111608433645E-002   1.4133421937305910        3.1829461627393078E-002   1.3500026397037570        3.0052369336738792E-002
  0.32400000095367432        1.5781551110751373        3.7229184393869560E-002   1.3800656176253541        3.0157162754007667E-002   1.3177996553842666        2.8459427525438317E-002
  0.32800000905990601        1.5442295637224537        3.5422913341798819E-002   1.3474393787291024        2.8571598030216829E-002   1.2862210840928205        2.6949541346607805E-002
  0.33200001716613770        1.5108795697291819        3.3705227996438880E-002   1.3154572625839931        2.7068658370039408E-002   1.2552730333781459        2.5518858894008793E-002
  0.33600002527236938        1.4780957953419400        3.2071361579120432E-002   1.2841042764542971        2.5644563836310596E-002   1.2249416673944720        2.4163737631303181E-002
  0.34000000357627869        1.4458690526822475        3.0516854098051178E-002   1.2533607141334648        2.4295441633120810E-002   1.1952085722521288        2.2880450040650056E-002
  0.34400001168251038        1.4141820637915068        2.9037940791701865E-002   1.2232160184748024        2.3016577562611853E-002   1.1660639864404625        2.1664479789825861E-002
  0.34800001978874207        1.3830244664296538        2.7630988875984662E-002   1.1936625725369174        2.1803625519271737E-002   1.1375008801939512        2.0511662462929268E-002
  0.35200002789497375        1.3523944439301943        2.6292123381233403E-002   1.1646959242562021        2.0653142448954186E-002   1.1095151510479146        1.9418687448518650E-002
  0.35600000619888306        1.3222895950758744        2.5017716052522832E-002   1.1363108125701025        1.9562164460537088E-002   1.0821018505414453        1.8382698163364401E-002
  0.36000001430511475        1.2927061381068510        2.3804331279699983E-002   1.1084893327590599        1.8528167260047964E-002   1.0552439112031149        1.7401253553647814E-002
  0.36400002241134644        1.2636401832802138        2.2648772882115847E-002   1.0812161308553316        1.7548193556892543E-002   1.0289266650331552        1.6471508974468821E-002
  0.36800003051757812        1.2350661451758458        2.1548706821706159E-002   1.0544874317593975        1.6618847657661522E-002   1.0031471540577506        1.5590215860456679E-002
  0.37200000882148743        1.2069703302089914        2.0501639016531882E-002   1.0282901839844336        1.5736839306382540E-002  0.97790355574586341        1.4754277683358751E-002
  0.37600001692771912        1.1793547011067780        1.9504689354389100E-002   1.0026222330363637        1.4900082303913969E-002  0.95318099580462190        1.3961614414396353E-002
  0.38000002503395081        1.1522207682260550        1.8555173804175189E-002  0.97748089483615952        1.4106420075693895E-002  0.92897626713669590        1.3210146060160440E-002
  0.38400000333786011        1.1255690581859561        1.7650567747800536E-002  0.95285265408260100        1.3354070790407445E-002  0.90527588066300846        1.2498146554400446E-002
  0.38800001144409180        1.0993986364767845        1.6788476564037761E-002  0.92871888417966186        1.2641117511359538E-002  0.88206151644690367        1.1823765995608665E-002
  0.39200001955032349        1.0736931152119993        1.5967054114103298E-002  0.90507925021851932        1.1965072650238351E-002  0.85933227617073638        1.1184624407038145E-002
  0.39600002765655518        1.0484176848034725        1.5185064475942712E-002  0.88192836808387498        1.1323662902214808E-002  0.83708247470444641        1.0578546334165882E-002
  0.40000000596046448        1.0235769793446106        1.4440420104250415E-002  0.85925304574619699        1.0715137921232078E-002  0.81529902822614009        1.0003848559491149E-002
  0.40400001406669617       0.99917561661572396        1.3731097151724339E-002  0.83705176860401509        1.0137920562462573E-002  0.79397994953619599        9.4590122611155729E-003
  0.40800002217292786       0.97521759258925134        1.3055206291440092E-002  0.81532207004176716        9.5905554874659137E-003  0.77312236406964674        8.9426349676310704E-003
  0.41200003027915955       0.95170564895080056        1.2410962631295026E-002  0.79404077911113513        9.0720064656272751E-003  0.75270376928001992        8.4537070451989084E-003
  0.41600000858306885       0.92864173142407436        1.1796688784157247E-002  0.77320261564447457        8.5806445273507656E-003  0.73271866817806786        7.9906686250475704E-003
  0.42000001668930054       0.90599581237629379        1.1211461773234467E-002  0.75280710989515154        8.1146133099293093E-003  0.71316373900365582        7.5517164585028546E-003
  0.42400002479553223       0.88373802666704593        1.0654462783649303E-002  0.73284608535624940        7.6724866053920187E-003  0.69403190614577326        7.1355044292115005E-003
  0.42800003290176392       0.86187530046309890        1.0124130020601408E-002  0.71330754371382166        7.2532125630370174E-003  0.67531300410001460        6.7410424245132831E-003
  0.43200001120567322       0.84041355655675565        9.6189948878003459E-003  0.69419188888267158        6.8556791563520953E-003  0.65700706836090983        6.3672630193627611E-003
  0.43600001931190491       0.81935713648481479        9.1376624268835593E-003  0.67549699978248634        6.4788495277718385E-003  0.63911172962516616        6.0131701877842213E-003
  0.44000002741813660       0.79870985654070603        8.6788285695342127E-003  0.65720029502161215        6.1221025719605518E-003  0.62160525404542433        5.6781551360226825E-003
  0.44400003552436829       0.77847445380087810        8.2412599603806248E-003  0.63929681284885609        5.7843084954002427E-003  0.60448259871454513        5.3611384501043111E-003
  0.44800001382827759       0.75863492248538666        7.8241664174647542E-003  0.62178945005667030        5.4642148688735766E-003  0.58774615393565777        5.0609293068543974E-003
  0.45200002193450928       0.73914436357187585        7.4274353382840670E-003  0.60467355101030840        5.1607197207192467E-003  0.57139115593056600        4.7764785149777460E-003
  0.45600003004074097       0.72000738961446820        7.0499752475941839E-003  0.58793044284075135        4.8730881146093787E-003  0.55539959431700625        4.5070784999926145E-003
  0.46000000834465027       0.70123074742644820        6.6906933988515561E-003  0.57155968914283650        4.6005410050093407E-003  0.53977070189583498        4.2519822419749692E-003
  0.46400001645088196       0.68281972671358826        6.3485511401116150E-003  0.55556133391274187        4.3423201791323116E-003  0.52450415745710410        4.0104633772997901E-003
  0.46800002455711365       0.66477908394489216        6.0225762130535158E-003  0.53992512844666329        4.0978878247017805E-003  0.50958991933790421        3.7820004256361359E-003
  0.47200003266334534       0.64711255799380052        5.7118484159646580E-003  0.52463227181038319        3.8667493519644771E-003  0.49501001678592499        3.5661124961416679E-003
  0.47600001096725464       0.62982321081532133        5.4155012295348864E-003  0.50968603421833492        3.6479751383700879E-003  0.48076734682025363        3.3619188040561201E-003
  0.48000001907348633       0.61288018122883892        5.1333346624894546E-003  0.49508870885579620        3.4407724705620242E-003  0.46686339372487962        3.1686673627415677E-003
  0.48400002717971802       0.59624783551886051        4.8652968268718200E-003  0.48082984456884997        3.2444937933100784E-003  0.45328793974938725        2.9857411277138201E-003
  0.48800003528594971       0.57993294877951351        4.6105598169258076E-003  0.46689385628142649        3.0586965050307694E-003  0.44002593401417361        2.8127128435969672E-003
  0.49200001358985901       0.56394161187424929        4.3683411070539564E-003  0.45328134259180530        2.8828375437993064E-003  0.42707759695513925        2.6490639177090109E-003
  0.49600002169609070       0.54827869332855594        4.1378962983781836E-003  0.43999213955899830        2.7163974271460622E-003  0.41444242777566231        2.4942985699300613E-003
  0.50000000000000000       0.53294873326737646        3.9185290120177076E-003  0.42701699304195240        2.5590474138316565E-003  0.40211136474074505        2.3480971791927062E-003
  0.50400000810623169       0.51795507128300999        3.7095747659571278E-003  0.41433786626906599        2.4105385113594290E-003  0.39006708213153968        2.2102138396209651E-003
  0.50800001621246338       0.50330070904921387        3.5104104085705119E-003  0.40195748540922077        2.2702194449248205E-003  0.37831183144890507        2.0800348138205645E-003
  0.51200002431869507       0.48897368692554743        3.3207247627450383E-003  0.38987848676211850        2.1374677930974550E-003  0.36684777756711578        1.9569743708003377E-003
  0.51600003242492676       0.47492591479297247        3.1409239276940777E-003  0.37809682293376795        2.0117618902709715E-003  0.35567079450430356        1.8405404508522400E-003
  0.52000004053115845       0.46115799890895581        2.9704623219162312E-003  0.36659263563847622        1.8928598717137405E-003  0.34476188387667878        1.7304979391890602E-003
  0.52400004863739014       0.44767465627477843        2.8087342710925219E-003  0.35536461988535423        1.7804582126608951E-003  0.33411951709262722        1.6265559764399996E-003
  0.52799999713897705       0.43448013187009688        2.6551698237718964E-003  0.34441279369889838        1.6742480508446388E-003  0.32374332526040783        1.5284183107486260E-003
  0.53200000524520874       0.42157746464289791        2.5092238397598542E-003  0.33373537721145830        1.5739399354277586E-003  0.31363101881311806        1.4358040016998722E-003
  0.53600001335144043       0.40896971217586803        2.3703879399166118E-003  0.32332182525452235        1.4798942548411795E-003  0.30377283548670231        1.3490358614619653E-003
  0.54000002145767212       0.39665920171147456        2.2381795785216744E-003  0.31316234248535335        1.3914892521313697E-003  0.29415931150492841        1.2675351107885029E-003
  0.54400002956390381       0.38464776795998379        2.1121428273235712E-003  0.30325118105401916        1.3077373678248507E-003  0.28478480619019264        1.1903918156128646E-003
  0.54800003767013550       0.37291892433776036        1.9921895693793819E-003  0.29358271704821992        1.2277290796703379E-003  0.27564380079824669        1.1167695413874640E-003
  0.55200004577636719       0.36143167150071431        1.8787364673065892E-003  0.28416239729007026        1.1521254079661870E-003  0.26674112994933602        1.0472607821566033E-003
  0.55600005388259888       0.35018826383326307        1.7714016935716822E-003  0.27498985189969610        1.0816396623872281E-003  0.25807616319956894        9.8250375911132959E-004
  0.56000000238418579       0.33919263279370376        1.6697879954932766E-003  0.26604861838319060        1.0150434201698275E-003  0.24963323147416455        9.2137359670788727E-004
  0.56400001049041748       0.32844770831190256        1.5735147200187862E-003  0.25733804873323352        9.5219752083414784E-004  0.24141148375196242        8.6373589153270630E-004
  0.56800001859664917       0.31795643683905256        1.4822257692916913E-003  0.24885278545547346        8.9292805730359207E-004  0.23340565810607128        8.0942516664805648E-004
  0.57200002670288086       0.30772115485176182        1.3955824078263999E-003  0.24058821985602641        8.3709913859901508E-004  0.22561119984898390        7.5831081376869923E-004
  0.57600003480911255       0.29774378513207717        1.3132638202663358E-003  0.23254123021278988        7.8450177914189895E-004  0.21802495751302192        7.1019647879090695E-004
  0.58000004291534424       0.28802586540232628        1.2349661692470273E-003  0.22470620239763392        7.3496131369114837E-004  0.21064144747551425        6.6491739178736373E-004
  0.58400005102157593       0.27856696676875831        1.1604320880903159E-003  0.21707923206341950        6.8831966559922250E-004  0.20345679561059057        6.2232424344829825E-004
  0.58799999952316284       0.26933123607523551        1.0900789675350150E-003  0.20965609668275817        6.4441565193633506E-004  0.19646716128857919        5.8226527945765027E-004
  0.59200000762939453       0.26030497853267015        1.0238866429860217E-003  0.20243021890711699        6.0309128966663014E-004  0.18966671848738612        5.4459200648002744E-004
  0.59600001573562622       0.25149039581030913        9.6155303615330613E-004  0.19540035012645798        5.6420759098516266E-004  0.18305311276309733        5.0917390199270245E-004
  0.60000002384185791       0.24288922141150021        9.0279082264922011E-004  0.18856205904189230        5.2764573657248398E-004  0.17662197961439782        4.7589874846638754E-004
