 kt up dp u1 d1 u2 d2
   0.0000000000000000        0.0000000000000000        0.0000000000000000        0.0000000000000000        0.0000000000000000        0.0000000000000000        0.0000000000000000     
   9.9999997764825821E-003   1.0235770160339623        1.4440421187057705E-002  0.89040141034828635        1.1103567661941384E-002  0.85622655142754611        1.0506036230935824E-002
   1.9999999552965164E-002   1.0227932060402161        1.4429363351386306E-002  0.88976258941582753        1.1095601376887263E-002  0.85562800416679907        1.0498691960664297E-002
   2.9999999329447746E-002   1.0215579948256091        1.4411937236971373E-002  0.88876444846458857        1.1083154265439066E-002  0.85469635883852935        1.0487260524023071E-002
   3.9999999105930328E-002   1.0197681771738065        1.4386686845124747E-002  0.88730976170396636        1.1065013893371167E-002  0.85333507827774746        1.0470557394613923E-002
   4.9999997019767761E-002   1.0175661568744725        1.4355621180219493E-002  0.88553176701357494        1.1042841776258720E-002  0.85167614484250220        1.0450202017002310E-002
   5.9999998658895493E-002   1.0148526827085378        1.4317340025775322E-002  0.88333005643211115        1.1015385797270853E-002  0.84961730086351783        1.0424939673290827E-002
   7.0000000298023224E-002   1.0116562228675752        1.4272245005383145E-002  0.88074434257584078        1.0983141184421131E-002  0.84720217948894738        1.0395305749160545E-002
   7.9999998211860657E-002   1.0079807311938225        1.4220391899063730E-002  0.87777002913019708        1.0946050620314091E-002  0.84442473306592059        1.0361226038946984E-002
   8.9999996125698090E-002   1.0038314022562178        1.4161853990763668E-002  0.87441100104862968        1.0904162551462699E-002  0.84128758315652385        1.0322732709634725E-002
   9.9999994039535522E-002  0.99921315751149375        1.4096700711416756E-002  0.87067163972624217        1.0857531615153494E-002  0.83779437446442695        1.0279870482318598E-002
  0.10999999940395355       0.99413328992793581        1.4025034948770693E-002  0.86655680827428194        1.0806218455815106E-002  0.83395026548373119        1.0232702652543271E-002
  0.11999999731779099       0.98859764263271233        1.3946939136502698E-002  0.86207185303132139        1.0750289743863146E-002  0.82975925530459449        1.0181278289782238E-002
  0.12999999523162842       0.98261615877285391        1.3862553550555668E-002  0.85722257327986029        1.0689817798057300E-002  0.82522759596165662        1.0125674107496853E-002
  0.14000000059604645       0.97619449434798156        1.3771957984648560E-002  0.85201521662269097        1.0624880527843272E-002  0.82036044890471593        1.0065953437498649E-002
  0.14999999105930328       0.96934355232596325        1.3675306255685964E-002  0.84645648265906936        1.0555561479195692E-002  0.81516328976979058        1.0002183466714130E-002
  0.15999999642372131       0.96207171191225072        1.3572716575833681E-002  0.84055346392149299        1.0481949098082382E-002  0.80964382294196768        9.9344587291760617E-003
  0.17000000178813934       0.95438943078270388        1.3464336479905111E-002  0.83431368404610273        1.0404137206460473E-002  0.80380823412516300        9.8628551244572173E-003
  0.17999999225139618       0.94630635452089840        1.3350302045877034E-002  0.82774505921221053        1.0322224521415978E-002  0.79766371906264788        9.7874609454742280E-003
  0.18999999761581421       0.93783488494642275        1.3230788236156326E-002  0.82085584983672155        1.0236314052779029E-002  0.79121778575395862        9.7083683165778544E-003
  0.19999998807907104       0.92898466147143210        1.3105931041654601E-002  0.81365471304526993        1.0146513757454366E-002  0.78447831549104940        9.6256739424762944E-003
  0.20999999344348907       0.91976839209243189        1.2975909744261842E-002  0.80615060252549009        1.0052935290562138E-002  0.77745274539522402        9.5394690778330994E-003
  0.21999999880790710       0.91019952937045590        1.2840914130036478E-002  0.79835282400922147        9.9556946973174010E-003  0.77015099341222815        9.4498754174230596E-003
  0.22999998927116394       0.90028822449200174        1.2701087409900870E-002  0.79027098591323852        9.8549117975053994E-003  0.76258106924296609        9.3569912415526549E-003
  0.23999999463558197       0.89004867965575296        1.2556629945652485E-002  0.78191494163699460        9.7507094659174814E-003  0.75475195113015126        9.2609267146907242E-003
  0.25000000000000000       0.87949485723034315        1.2407738715614090E-002  0.77329484190829723        9.6432142851171337E-003  0.74667289079147747        9.1617953568876864E-003
  0.25999999046325684       0.86863901312206793        1.2254586623676792E-002  0.76442108002043796        9.5325558625307932E-003  0.73835302280370296        9.0597092508560208E-003
  0.26999998092651367       0.85749567108582803        1.2097378568089304E-002  0.75530424345377667        9.4188662271547756E-003  0.72980272536028490        8.9547957386832671E-003
  0.28000000119209290       0.84607984212229093        1.1936326321066766E-002  0.74595510350887395        9.3022797002774438E-003  0.72103146543993457        8.8471709817068318E-003
  0.28999999165534973       0.83440394905003590        1.1771605141265667E-002  0.73638469373177096        9.1829338734654656E-003  0.71204933347815358        8.7369587911783012E-003
  0.29999998211860657       0.82248397948361540        1.1603440578775805E-002  0.72660412130486240        9.0609672565525150E-003  0.70286648308465216        8.6242837535068645E-003
  0.31000000238418579       0.81033340085707939        1.1432022629481189E-002  0.71662462651805936        8.9365200192621785E-003  0.69349319955022093        8.5092720708495294E-003
  0.31999999284744263       0.79796760441231052        1.1257568429964509E-002  0.70645765261955296        8.8097348622675417E-003  0.68393996442880933        8.3920523535435613E-003
  0.32999998331069946       0.78540139184305147        1.1080286799580398E-002  0.69611464926048239        8.6807545660883192E-003  0.67421726872024146        8.2727533278286140E-003
  0.34000000357627869       0.77264962385055247        1.0900387390149721E-002  0.68560713307500187        8.5497227465421172E-003  0.66433567543702010        8.1515046035513690E-003
  0.34999999403953552       0.75972855335731526        1.0718099494674130E-002  0.67494720295474508        8.4167902803687650E-003  0.65430519492151196        8.0284290092078759E-003
  0.35999998450279236       0.74665055307714934        1.0533597664941967E-002  0.66414557171485022        8.2820907595261336E-003  0.64413789343831129        7.9036745997875368E-003
  0.37000000476837158       0.73343177625228950        1.0347109787685499E-002  0.65321429357128147        8.1457745036352825E-003  0.63384372612286888        7.7773635263887588E-003
  0.37999999523162842       0.72008716121730632        1.0158846609961013E-002  0.64216506003094265        8.0079873092284842E-003  0.62343345580790599        7.6496278506841403E-003
  0.38999998569488525       0.70663144959787771        9.9690161036948433E-003  0.63100943338680693        7.8688733615022901E-003  0.61291773475037437        7.5205982775639751E-003
  0.39999997615814209       0.69307931725558047        9.7778253130264628E-003  0.61975895707594852        7.7285766105146406E-003  0.60230720931586934        7.3904054396306948E-003
  0.40999999642372131       0.67944633931636900        9.5854939687384979E-003  0.60842507014342506        7.5872397045243026E-003  0.59161244008515845        7.2591789168932096E-003
  0.41999998688697815       0.66574482088285103        9.3921956687738634E-003  0.59701922390649598        7.4450054448279871E-003  0.58084401266306973        7.1270485964096374E-003
  0.42999997735023499       0.65199002852641541        9.1981457908887031E-003  0.58555266093145975        7.3020140295365051E-003  0.57001232976789851        6.9941421211911934E-003
  0.43999999761581421       0.63819592883850207        9.0035413729802807E-003  0.57403649791550926        7.1584040871358863E-003  0.55912768618725572        6.8605858099224076E-003
  0.44999998807907104       0.62437638708811694        8.8085780235091001E-003  0.56248181241732709        7.0143137580433741E-003  0.54820036629353952        6.7265058534914856E-003
  0.45999997854232788       0.61054526593311076        8.6134513140980282E-003  0.55089942035756789        6.8698779199730343E-003  0.53723987976474241        6.5920189371628021E-003
  0.46999999880790710       0.59671505392891289        8.4183374308059358E-003  0.53929996284830961        6.7252292707245072E-003  0.52625719890970923        6.4572596929144150E-003
  0.47999998927116394       0.58289976133187449        8.2234340275459932E-003  0.52769431739716244        6.5805034560193062E-003  0.51526161268624016        6.3223420977387606E-003
  0.48999997973442078       0.56911088200297522        8.0289032574254095E-003  0.51609208092543635        6.4358201522908684E-003  0.50426267597063701        6.1873833914907082E-003
  0.50000000000000000       0.55536076955398228        7.8349194027446840E-003  0.50450361209378347        6.2913085350864142E-003  0.49326976637004555        6.0524986389043052E-003
  0.50999999046325684       0.54166367280803107        7.6416834830697767E-003  0.49293881392073291        6.1470920979617948E-003  0.48229166601051826        5.9177955980656968E-003
  0.51999998092651367       0.52802821901265373        7.4493172098948988E-003  0.48140675845465941        6.0032839720304577E-003  0.47133830651932590        5.7833961316241696E-003
  0.52999997138977051       0.51446788773261776        7.2580107502417919E-003  0.46991791442835101        5.8600147054715590E-003  0.46041796108555322        5.6494017529281713E-003
  0.53999996185302734       0.50099210209002065        7.0678970436448994E-003  0.45848023615852984        5.7173834909558536E-003  0.44953953509819294        5.5159217325197714E-003
  0.55000001192092896       0.48761280907964422        6.8791446359330764E-003  0.44710360550555728        5.5755135581905951E-003  0.43871021953252426        5.3830443048115753E-003
  0.56000000238418579       0.47434001833456807        6.6918947410211926E-003  0.43579532033993523        5.4344959137689721E-003  0.42793887188049384        5.2508781526412630E-003
  0.56999999284744263       0.46118177521765713        6.5062608612901588E-003  0.42456487079155364        5.2944489024039478E-003  0.41723424635186729        5.1195306915576876E-003
  0.57999998331069946       0.44814928832328305        6.3224011253625529E-003  0.41341886700893710        5.1554549545932381E-003  0.40660177983355406        4.9890686330296410E-003
  0.58999997377395630       0.43525005124019306        6.1404212512996617E-003  0.40236661478789504        5.0176301163495718E-003  0.39605039349192345        4.8596014411901034E-003
  0.59999996423721313       0.42249434589945567        5.9604662945422692E-003  0.39141335962506385        4.8810398005599423E-003  0.38558580774311080        4.7311993064566484E-003
  0.61000001430511475       0.40988793184816374        5.7826175096365147E-003  0.38056707099658577        4.7457833889375210E-003  0.37521528231287044        4.6039513068211659E-003
  0.62000000476837158       0.39744034278064372        5.6070093960478859E-003  0.36983515679894324        4.6119532601318364E-003  0.36494593811310305        4.4779448170074228E-003
  0.62999999523162842       0.38515735102745091        5.4337233886690558E-003  0.35922268394045875        4.4796125999810353E-003  0.35478263098750662        4.3532394189914206E-003
  0.63999998569488525       0.37304700278904701        5.2628730016975982E-003  0.34873687907665230        4.3488515270064905E-003  0.34473178515227443        4.2299139389295757E-003
  0.64999997615814209       0.36111431013207085        5.0945289443738960E-003  0.33838225965086460        4.2197263750563003E-003  0.33479949521350011        4.1080431586098757E-003
  0.65999996662139893       0.34936641038422400        4.9287919086991811E-003  0.32816479362864515        4.0923115664174376E-003  0.32498984826154947        3.9876772272824075E-003
  0.66999995708465576       0.33780786152968223        4.7657261978086675E-003  0.31809008350687801        3.9666769658750455E-003  0.31530835243504207        3.8688837306857932E-003
  0.68000000715255737       0.32644407148927779        4.6054081055750705E-003  0.30816165471980572        3.8428665366317871E-003  0.30576013401358382        3.7517255690876941E-003
  0.68999999761581421       0.31527891332861302        4.4478922724384166E-003  0.29838547316583919        3.7209546751968076E-003  0.29634854767347169        3.6362439049008690E-003
  0.69999998807907104       0.30431767975356927        4.2932533668417908E-003  0.28876375779754415        3.6009690525617161E-003  0.28707813420279099        3.5224944543187273E-003
  0.70999997854232788       0.29356291597600742        4.1415272961284671E-003  0.27930115134671346        3.4829675649584737E-003  0.27795349228608685        3.4105336439334581E-003
  0.71999996900558472       0.28302006045854672        3.9927907850486038E-003  0.27000160848021570        3.3669995282469317E-003  0.26897636944524966        3.3003829161171476E-003
  0.72999995946884155       0.27268899925295992        3.8470422260432516E-003  0.26086717185299557        3.2530904149354607E-003  0.26015079670959046        3.1920917322418008E-003
  0.74000000953674316       0.26257373026573777        3.7043380207829163E-003  0.25190163952648154        3.1412875879679772E-003  0.25148011511510826        3.0857010873515415E-003
  0.75000000000000000       0.25267652280227493        3.5647101841772655E-003  0.24310657868271604        3.0316105905658264E-003  0.24296600684697117        2.9812316221264506E-003
  0.75999999046325684       0.24299962869956315        3.4281904846951900E-003  0.23448464319657547        2.9240925173298414E-003  0.23461175662721967        2.8787236406294047E-003
  0.76999998092651367       0.23354422770819971        3.2947955660237471E-003  0.22603773449870021        2.8187570796597504E-003  0.22641841508494720        2.7781900342468070E-003
  0.77999997138977051       0.22431067842517083        3.1645304871779651E-003  0.21776875673714652        2.7156404931366162E-003  0.21838826977439538        2.6796588716337367E-003
  0.78999996185302734       0.21529949522303379        3.0374025048237026E-003  0.20967643494255150        2.6147268585172117E-003  0.21052284252744455        2.5831488259098778E-003
  0.79999995231628418       0.20651158689538543        2.9134244400404576E-003  0.20176313219216216        2.5160456440703419E-003  0.20282387331565407        2.4886812468035385E-003
  0.81000000238418579       0.19794744826947566        2.7926032737527798E-003  0.19403006831702585        2.4196120614482035E-003  0.19529138151980191        2.3962563721199510E-003
  0.81999999284744263       0.18960587730656372        2.6749220478369143E-003  0.18647690189993055        2.3254218530776717E-003  0.18792670495900812        2.3058906171129134E-003
  0.82999998331069946       0.18148758614575206        2.5603908090098436E-003  0.17910434214564405        2.2334838629509417E-003  0.18073154573786002        2.2176048668769480E-003
  0.83999997377395630       0.17359056999969347        2.4489812741299607E-003  0.17191288859148296        2.1438043204453864E-003  0.17370303641318580        2.1313639374273934E-003
  0.84999996423721313       0.16591350242254646        2.3406747299628654E-003  0.16490140559694733        2.0563690637897111E-003  0.16684470963503109        2.0472111749432636E-003
  0.85999995470046997       0.15845550031991928        2.2354587179883195E-003  0.15806993521061008        1.9711786173419970E-003  0.16015465851091620        1.9651231815499487E-003
  0.87000000476837158       0.15121536876767830        2.1333163804540460E-003  0.15141779402229227        1.8882244587761627E-003  0.15363234760989342        1.8850933874244003E-003
  0.87999999523162842       0.14419110911792365        2.0342195208325445E-003  0.14494538244318406        1.8075115813376052E-003  0.14727777250812951        1.8071217382854847E-003
  0.88999998569488525       0.13737947237319198        1.9381223029130876E-003  0.13864925207428921        1.7289969824758581E-003  0.14109016746919367        1.7311988384251641E-003
  0.89999997615814209       0.13077942625804889        1.8450101635589270E-003  0.13252934740208747        1.6526799699209903E-003  0.13506905489915363        1.6573188276897835E-003
  0.90999996662139893       0.12438748222923485        1.7548338870948298E-003  0.12658468661723321        1.5785483002214800E-003  0.12921248776248728        1.5854578156432179E-003
  0.91999995708465576       0.11820142686923227        1.6675622470662039E-003  0.12081279795520956        1.5065711497462748E-003  0.12351964608435483        1.5156057410635132E-003
  0.93000000715255737       0.11221882249523311        1.5831608531282847E-003  0.11521233863793212        1.4367317736574444E-003  0.11798909318773614        1.4477449756946884E-003
  0.93999999761581421       0.10643651665124426        1.5015852310582265E-003  0.10978189872531871        1.3690125895871653E-003  0.11261975498660196        1.3818623403300018E-003
  0.94999998807907104       0.10085024629074577        1.4227752386426692E-003  0.10451853783679756        1.3033769301242604E-003  0.10740906359281086        1.3179263265727507E-003
  0.95999997854232788        9.5457920665334442E-002   1.3467013800185135E-003   9.9421189033306462E-002   1.2398114902245857E-003  0.10235560873067763        1.2559196301155429E-003
  0.96999996900558472        9.0255172649116339E-002   1.2733020446412677E-003   9.4485499812393958E-002   1.1782619929014860E-003   9.7458506333720787E-002   1.1958314033217671E-003
  0.97999995946884155        8.5238916736609965E-002   1.2025337028125976E-003   8.9712183921492661E-002   1.1187373387955234E-003   9.2712878657652584E-002   1.1376017954917138E-003
  0.98999994993209839        8.0405953178233555E-002   1.1343512131011047E-003   8.5095848445828959E-002   1.0611702766721578E-003   8.8119593141766192E-002   1.0812414502437443E-003
   1.0000000000000000        7.5752335023196060E-002   1.0686988927091708E-003   8.0634938455954958E-002   1.0055414161035052E-003   8.3674376627046784E-002   1.0266979352357912E-003
