 Nu  Z Q2 pt2 MULT-RATIO STAT SYS fuu fuua DIS
   5.2800000000000002       0.70999999999999996        1.8300000000000001       0.42699999999999999       0.57299999999999995        5.5000000000000000E-002   1.7000000000000001E-002   8.0952036446175752E-006   7.9424539127073982E-006   1.0073489403072224     
   7.1900000000000004       0.59999999999999998        1.9700000000000000       0.23599999999999999       0.60399999999999998        2.5000000000000001E-002   1.7999999999999999E-002   2.8461109969849105E-005   2.8240897916880271E-005   1.0098306313413838     
   9.1199999999999992       0.53000000000000003        2.2200000000000002       0.17899999999999999       0.62400000000000000        1.6000000000000000E-002   1.9000000000000000E-002   4.4151885736187375E-005   4.3947023757128315E-005   1.0097147591595903     
   11.080000000000000       0.46999999999999997        2.3900000000000001       0.17199999999999999       0.63000000000000000        1.2000000000000000E-002   2.0000000000000000E-002   5.8946781971917063E-005   5.8763266043863798E-005   1.0089423710535250     
   13.039999999999999       0.44000000000000000        2.5899999999999999       0.17899999999999999       0.69299999999999995        1.0999999999999999E-002   2.1999999999999999E-002   5.9456310464024167E-005   5.9303588107504425E-005   1.0081541153347506     
   15.020000000000000       0.40999999999999998        2.7000000000000002       0.21199999999999999       0.70799999999999996        1.0000000000000000E-002   2.1999999999999999E-002   5.8671461664888631E-005   5.8521571980669789E-005   1.0070158131904623     
   16.989999999999998       0.38000000000000000        2.7100000000000000       0.25000000000000000       0.73299999999999998        1.0999999999999999E-002   2.3000000000000000E-002   6.1068836590818924E-005   6.0883184440181843E-005   1.0049101332474113     
   18.980000000000000       0.35999999999999999        2.5299999999999998       0.29599999999999999       0.78600000000000003        1.2999999999999999E-002   2.5000000000000001E-002   6.8259928176484007E-005   6.7980916239429254E-005   1.0017035366576397     
   21.559999999999999       0.33000000000000002        2.1800000000000002       0.36299999999999999       0.79900000000000004        1.4000000000000000E-002   2.5999999999999999E-002   8.2658452197531380E-005   8.2270533956010954E-005  0.99557118868289829     
