 x up dp u1 d1 u2 d2
   0.0000000000000000        0.0000000000000000        0.0000000000000000        0.0000000000000000        0.0000000000000000        0.0000000000000000        0.0000000000000000     
   4.0000001899898052E-003   86.580791020384140        65.494187286463898        57.240922917049154        41.307741272509972        50.867480513175913        36.200009018329155     
   8.0000003799796104E-003   44.337708905056950        28.763152548074309        31.154901952036283        19.008865682689766        28.122622843730181        16.867058734786692     
   1.2000000104308128E-002   30.766034893172240        17.838100729467833        22.628346414858576        12.266890330490146        20.648865445667091        10.994672341777910     
   1.6000000759959221E-002   23.980171897957732        12.693628660517211        18.298139802809747        9.0304772688433577        16.836785218333322        8.1611986795977813     
   2.0000001415610313E-002   19.858049373448008        9.7174370623829098        15.629031948610429        7.1202181028696723        14.476348927018419        6.4787451559150195     
   2.4000000208616257E-002   17.064009128998403        7.7807673958400754        13.792392304276959        5.8506760631557073        12.846337572805124        5.3547793242258601     
   2.8000000864267349E-002   15.032312215055237        6.4210106228999955        12.437819828731433        4.9404847607418549        11.638395812856658        4.5444674407600854     
   3.2000001519918442E-002   13.479924682775509        5.4136192787886861        11.383756705734809        4.2517945387444556        10.694102513572140        3.9278777068249280     
   3.6000002175569534E-002   12.251929265044327        4.6382886807112307        10.533216357762399        3.7106923874743112        9.9287547959286240        3.4408396112435922     
   4.0000002831220627E-002   11.254371554370675        4.0250140784526165        9.8299837502396077        3.2740818986594911        9.2928462787223438        3.0460670527764702     
   4.4000003486871719E-002   10.425356829973774        3.5272621501101105        9.2335029035975200        2.9123821782486825        8.7507229021241812        2.7175525891430250     
   4.8000000417232513E-002   9.7254133953190820        3.1172361454210065        8.7179282312436541        2.6088243959668023        8.2800394104629831        2.4406364400176068     
   5.2000001072883606E-002   9.1254134082657004        2.7734889477313280        8.2645789102150999        2.3495466138458903        7.8642265242415457        2.2031211285037338     
   5.6000001728534698E-002   8.6044114117061170        2.4819099068984456        7.8599710128131122        2.1256452699675634        7.4908005537774258        1.9972204766808548     
   6.0000002384185791E-002   8.1483010419814299        2.2326094814072621        7.4949954763676203        1.9311120550521748        7.1511054548459940        1.8177413407308363     
   6.4000003039836884E-002   7.7444742532371187        2.0167692728293534        7.1626169822057504        1.7597340439157150        6.8398217858801162        1.6590829284026063     
   6.8000003695487976E-002   7.3841121493435464        1.8287575507072233        6.8582866782420275        1.6080966103733783        6.5534587601624175        1.5182364534839208     
   7.2000004351139069E-002   7.0609066834648093        1.6642996159026617        6.5773942000993681        1.4733805753767391        6.2881837507979252        1.3927197970583944     
   7.6000005006790161E-002   6.7685417420855307        1.5190508238993783        6.3173186823327754        1.3526526374840955        6.0418376936788798        1.2799039210734362     
   8.0000005662441254E-002   6.5024472444352996        1.3901862260543814        6.0766471050241151        1.2438941507164747        5.8133089637203188        1.1779916852359189     
   8.4000006318092346E-002   6.2592985461404380        1.2755292818085882        5.8538561279636134        1.1459064347210206        5.6013382381533710        1.0859382657991232     
   8.8000006973743439E-002   6.0361852709478674        1.1731564684893339        5.6487544525886468        1.0570382008502770        5.4060131601502945        1.0022003133868018     
   9.2000007629394531E-002   5.8300544178508886        1.0811361612218744        5.4578379653042575       0.97629715363619085        5.2239600891019222       0.92596918574208509     
   9.6000000834465027E-002   5.6388964016596237       0.99819339118281925        5.2794646336549267       0.90270976845786377        5.0536518408849105       0.85638453304000117     
  0.10000000149011612        5.4610291196301386       0.92319360088195523        5.1123223068961705       0.83569491991495903        4.8938743012866830       0.79293566653254199     
  0.10400000214576721        5.2951946364993390       0.85539129474450537        4.9551877298678066       0.77458520479638482        4.7434282304646178       0.73501874397288314     
  0.10800000280141830        5.1398588668628848       0.79381542477488587        4.8070718959927143       0.71865884642293987        4.6014052062473958       0.68197124361462813     
  0.11200000345706940        4.9935425961340032       0.73761875204378513        4.6668954602155370       0.66745686027284690        4.4668981841171487       0.63337466857851898     
  0.11600000411272049        4.8554997466717476       0.68627293473878281        4.5342017874682687       0.62042734457109849        4.3395094649186206       0.58871721741917427     
  0.12000000476837158        4.7250129143045818       0.63922706303637888        4.4084389964229311       0.57729795858746835        4.2187387219889452       0.54774889712880648     
  0.12400000542402267        4.6013708293737228       0.59617712688908631        4.2890991315893912       0.53788050586907099        4.1041699351366221       0.51029878534440953     
  0.12800000607967377        4.4840916052338269       0.55682099886480074        4.1759681142533740       0.50188088305552292        3.9956859209225000       0.47609417716225955     
  0.13199999928474426        4.3724055619936983       0.52062642288296579        4.0681639034644395       0.46875777734334945        3.8922868518139957       0.44461882058318147     
  0.13600000739097595        4.2657454201472520       0.48716503181671178        3.9651404989421399       0.43813804458212902        3.7934379399048614       0.41552039233779331     
  0.14000000059604645        4.1637390935794212       0.45623835946714120        3.8659777200129444       0.40981412856408528        3.6982473805228442       0.38860305405565981     
  0.14400000870227814        4.0658575108974082       0.42768101621101329        3.7708470537307925       0.38368699589896099        3.6068704685080908       0.36377341257766577     
  0.14800000190734863        3.9719287992678338       0.40124477872923303        3.6791604807946134       0.35948149243285499        3.5186944192019949       0.34077325387278634     
  0.15200001001358032        3.8814978604264212       0.37674558790564583        3.5905821857364471       0.33705226599201549        3.4333228672695877       0.31946798526852271     
  0.15600000321865082        3.7944270580750969       0.35399830148239414        3.5050646592986765       0.31624043943493840        3.3508582408621503       0.29969903816300886     
  0.16000001132488251        3.7104342774539667       0.33285718077691262        3.4224233129401305       0.29690052565225183        3.2711393408724025       0.28132781198355017     
  0.16400000452995300        3.6291978742124944       0.31319962599533757        3.3424686476840613       0.27891392184274844        3.1939977555189678       0.26424135805317345     
  0.16800001263618469        3.5506930487344985       0.29488646662974527        3.2649994539215044       0.26216396639280160        3.1192519410687516       0.24832872788440391     
  0.17200000584125519        3.4746258120961668       0.27781618000011848        3.1899033306602074       0.24654902649753502        3.0468034779200588       0.23349332086906202     
  0.17600001394748688        3.4008034175347825       0.26189245602613764        3.1170652608925882       0.23197945261217637        2.9766062292012210       0.21964730678512837     
  0.18000000715255737        3.3292265133887788       0.24701380713503995        3.0463519463913507       0.21836936801697088        2.9085613324405744       0.20670849371566466     
  0.18400001525878906        3.2596383270372513       0.23310556158733761        2.9776305689843454       0.20564990020156484        2.8424408957359208       0.19461655991470309     
  0.18800000846385956        3.1918915240857975       0.22009560427210043        2.9107844416783761       0.19375657760675069        2.7781255643612153       0.18331066949436775     
  0.19200000166893005        3.1260202438980595       0.20790764712745033        2.8456814779121276       0.18262410735980136        2.7154824698095394       0.17272910334176597     
  0.19600000977516174        3.0618250574207488       0.19648485855158912        2.7822691785601017       0.17219582847874221        2.6544557314529884       0.16281822903716922     
  0.20000000298023224        2.9991528203079438       0.18577444183379177        2.7204599740596018       0.16242449514929941        2.5949568151711424       0.15353325639419502     
  0.20400001108646393        2.9380648091710082       0.17571807914462445        2.6601434408178721       0.15326095994484285        2.5368762120967032       0.14482755128565819     
  0.20800000429153442        2.8784357504723133       0.16627082026328455        2.6012952869819514       0.14466028330485955        2.4801173080549437       0.13666031030800652     
  0.21200001239776611        2.8201145750850851       0.15739313668115579        2.5438336959308128       0.13658681178242860        2.4246329866847880       0.12899651905583437     
  0.21600000560283661        2.7631002782640541       0.14904334051012991        2.4876884529830270       0.12900315983590044        2.3704102886332228       0.12179910453507904     
  0.22000001370906830        2.7073906486465105       0.14118260679503195        2.4328129866593704       0.12187260356367648        2.3174103528144929       0.11503300235409254     
  0.22400000691413879        2.6528620163531786       0.13378022602350906        2.3791690306508011       0.11516557943469327        2.2656014642144924       0.10866995536667466     
  0.22800001502037048        2.5994156646350528       0.12680732847764289        2.3267073772126299       0.10885598858033559        2.2149407930626266       0.10268501503721017     
  0.23200000822544098        2.5471066616849489       0.12023252786338245        2.2753556240858188       0.10291628386792530        2.1653628859020291        9.7051905300759300E-002
  0.23600001633167267        2.4958866314446628       0.11402946580944229        2.2251090977095975        9.7319554915690068E-002   2.1168662726196774        9.1744985231180853E-002
  0.24000000953674316        2.4456648043816456       0.10817539329650545        2.1759217000183844        9.2045703475339788E-002   2.0694095067426552        8.6745065059327039E-002
  0.24400001764297485        2.3963705842369096       0.10264886542896215        2.1277307474155465        8.7074200669034388E-002   2.0229794165478534        8.2031891691163539E-002
  0.24800001084804535        2.3480542515846414        9.7427191641809421E-002   2.0805048154160919        8.2385697763279336E-002   1.9775040788256095        7.7587747261786369E-002
  0.25200000405311584        2.3006799859944693        9.2491201845844348E-002   2.0342528852887862        7.7960516537918689E-002   1.9329842036499587        7.3394039468976574E-002
  0.25600001215934753        2.2541822098830924        8.7823939614586635E-002   1.9889432142435295        7.3783942469384509E-002   1.8893880280288764        6.9436759284141322E-002
  0.26000002026557922        2.2085034403362029        8.3409651416873273E-002   1.9445501501419411        6.9842193324502436E-002   1.8466896920355864        6.5702781096463006E-002
  0.26399999856948853        2.1636655439327508        7.9232199237740816E-002   1.9010307438926228        6.6120110450800157E-002   1.8048470349812296        6.2177693026860284E-002
  0.26800000667572021        2.1196657620218078        7.5276751239571088E-002   1.8583785655171503        6.2602555638308244E-002   1.7638526829096557        5.8847111866216946E-002
  0.27200001478195190        2.0764572335369080        7.1530462307074341E-002   1.8165831411364213        5.9277767060967518E-002   1.7236954787097045        5.5699838334661612E-002
  0.27600002288818359        2.0339971345117411        6.7981333957397541E-002   1.7756151951374288        5.6135862097963708E-002   1.6843464755498005        5.2726445532031180E-002
  0.28000000119209290        1.9922611288624061        6.4618008022493539E-002   1.7354508658183116        5.3165940472978103E-002   1.6457840870010640        4.9916596262014369E-002
  0.28400000929832458        1.9512750971004840        6.1429090616057662E-002   1.6960614962066236        5.0356261582996005E-002   1.6079853972079663        4.7259222522278835E-002
  0.28800001740455627        1.9110138312095841        5.8404623618706734E-002   1.6574533447924655        4.7697257817312606E-002   1.5709469094534225        4.4745062062856264E-002
  0.29200002551078796        1.8714470739808973        5.5535373882742933E-002   1.6196049067051246        4.5181219037236875E-002   1.5346468816138656        4.2366752478887236E-002
  0.29600000381469727        1.8325470841250080        5.2812735199084318E-002   1.5824956964024168        4.2801131412429680E-002   1.4990646629605673        4.0117592222260814E-002
  0.30000001192092896        1.7942999848803347        5.0228549010909243E-002   1.5461012471715450        4.0548787662671136E-002   1.4641759527118161        3.7989768578534429E-002
  0.30400002002716064        1.7567159616852763        4.7775039622190582E-002   1.5104045822960563        3.8415918800159293E-002   1.4299636704140870        3.5975421242327464E-002
  0.30800002813339233        1.7197777605560534        4.5444923680889440E-002   1.4754095267336151        3.6395411581086841E-002   1.3964305154985293        3.4067780959173483E-002
  0.31200000643730164        1.6834677454583640        4.3231410004377961E-002   1.4411011794558948        3.4481733173728969E-002   1.3635615173701852        3.2261565522017067E-002
  0.31600001454353333        1.6477682517330288        4.1128095355513088E-002   1.4074593796121158        3.2669874232271058E-002   1.3313367983069209        3.0551987748202305E-002
  0.32000002264976501        1.6126651579922171        3.9129111608433645E-002   1.3744662541307955        3.0953948087070381E-002   1.2997387455548106        2.8933446257004409E-002
  0.32400000095367432        1.5781551110751373        3.7229184393869560E-002   1.3421049964590515        2.9327648116344845E-002   1.2687347569613365        2.7399813558318865E-002
  0.32800000905990601        1.5442295637224537        3.5422913341798819E-002   1.3103761875683042        2.7785696551990618E-002   1.2383319329744416        2.5946144128135857E-002
  0.33200001716613770        1.5108795697291819        3.3705227996438880E-002   1.2792737839380031        2.6324097334142291E-002   1.2085361537439021        2.4568729476090151E-002
  0.33600002527236938        1.4780957953419400        3.2071361579120432E-002   1.2487832052284340        2.4939174498055584E-002   1.1793340985662661        2.3264062686364367E-002
  0.34000000357627869        1.4458690526822475        3.0516854098051178E-002   1.2188852872796221        2.3627161774450147E-002   1.1507080391459286        2.2028555025707081E-002
  0.34400001168251038        1.4141820637915068        2.9037940791701865E-002   1.1895697633338529        2.2383474636026000E-002   1.1226485774171120        2.0857858315969514E-002
  0.34800001978874207        1.3830244664296538        2.7630988875984662E-002   1.1608292259642847        2.1203886522938236E-002   1.0951489453496255        1.9747963192621298E-002
  0.35200002789497375        1.3523944439301943        2.6292123381233403E-002   1.1326593455674998        2.0085049087025898E-002   1.0682051932235639        1.8695682306367225E-002
  0.35600000619888306        1.3222895950758744        2.5017716052522832E-002   1.1050550057937776        1.9024079963107815E-002   1.0418125568213006        1.7698265431545353E-002
  0.36000001430511475        1.2927061381068510        2.3804331279699983E-002   1.0779987944177321        1.8018524291422464E-002   1.0159546041350394        1.6753362400730172E-002
  0.36400002241134644        1.2636401832802138        2.2648772882115847E-002   1.0514757798038237        1.7065506125759852E-002  0.99061721329045049        1.5858234482096133E-002
  0.36800003051757812        1.2350661451758458        2.1548706821706159E-002   1.0254822906918859        1.6161723175973110E-002  0.96579753644630650        1.5009754062292215E-002
  0.37200000882148743        1.2069703302089914        2.0501639016531882E-002   1.0000056345943646        1.5303975689149285E-002  0.94149381892884909        1.4204939904372448E-002
  0.37600001692771912        1.1793547011067780        1.9504689354389100E-002  0.97504371627953423        1.4490234849950987E-002  0.91769174025144407        1.3441789424107736E-002
  0.38000002503395081        1.1522207682260550        1.8555173804175189E-002  0.95059392549768651        1.3718403403394258E-002  0.89438821272482527        1.2718300071321688E-002
  0.38400000333786011        1.1255690581859561        1.7650567747800536E-002  0.92664311870472982        1.2986748529908774E-002  0.87157024950126138        1.2032810045424249E-002
  0.38800001144409180        1.0993986364767845        1.6788476564037761E-002  0.90317318165502614        1.2293406020805109E-002  0.84922021274006387        1.1383538321257155E-002
  0.39200001955032349        1.0736931152119993        1.5967054114103298E-002  0.88018378865188429        1.1635956712342214E-002  0.82733723757014732        1.0768193534418186E-002
  0.39600002765655518        1.0484176848034725        1.5185064475942712E-002  0.85766970367757434        1.1012189830097030E-002  0.80591585053272252        1.0184681227867334E-002
  0.40000000596046448        1.0235769793446106        1.4440420104250415E-002  0.83561809756765459        1.0420403173711549E-002  0.78494345494852780        9.6313808544008176E-003
  0.40400001406669617       0.99917561661572396        1.3731097151724339E-002  0.81402749738187241        9.8590629799166773E-003  0.76441813760623523        9.1068301415675491E-003
  0.40800002217292786       0.97521759258925134        1.3055206291440092E-002  0.79289550435235023        9.3267539413767302E-003  0.74433713096794907        8.6096788353939423E-003
  0.41200003027915955       0.95170564895080056        1.2410962631295026E-002  0.77219958487987927        8.8224683304388308E-003  0.72467877031193895        8.1389548931739900E-003
  0.41600000858306885       0.92864173142407436        1.1796688784157247E-002  0.75193460403515822        8.3446219845778047E-003  0.70543776331528840        7.6931565238587633E-003
  0.42000001668930054       0.90599581237629379        1.1211461773234467E-002  0.73210010499258726        7.8914096029205887E-003  0.68661091189510082        7.2705476181246344E-003
  0.42400002479553223       0.88373802666704593        1.0654462783649303E-002  0.71268813615142523        7.4614442073269423E-003  0.66819140388263876        6.8698321788165477E-003
  0.42800003290176392       0.86187530046309890        1.0124130020601408E-002  0.69368702922801184        7.0537028797091504E-003  0.65016945226004275        6.4900569575858675E-003
  0.43200001120567322       0.84041355655675565        9.6189948878003459E-003  0.67509717702691352        6.6671041813883723E-003  0.63254509120029589        6.1301942722275819E-003
  0.43600001931190491       0.81935713648481479        9.1376624268835593E-003  0.65691651681107621        6.3006397750063094E-003  0.61531603961504999        5.7892851812447440E-003
  0.44000002741813660       0.79870985654070603        8.6788285695342127E-003  0.63912308832137965        5.9537056395919863E-003  0.59846137286114398        5.4667435577601623E-003
  0.44400003552436829       0.77847445380087810        8.2412599603806248E-003  0.62171206628648801        5.6252030581669518E-003  0.58197623579118429        5.1615301770175101E-003
  0.44800001382827759       0.75863492248538666        7.8241664174647542E-003  0.60468626781855417        5.3139140513186137E-003  0.56586292971147778        4.8724985530961282E-003
  0.45200002193450928       0.73914436357187585        7.4274353382840670E-003  0.58804116534253048        5.0187669586463984E-003  0.55011686821092076        4.5986385586542240E-003
  0.45600003004074097       0.72000738961446820        7.0499752475941839E-003  0.57175859961258924        4.7390470592666633E-003  0.53472071147775224        4.3392689639354587E-003
  0.46000000834465027       0.70123074742644820        6.6906933988515561E-003  0.55583814622749761        4.4739967363739887E-003  0.51967372087752517        4.0936705623913433E-003
  0.46400001645088196       0.68281972671358826        6.3485511401116150E-003  0.54027984797325801        4.2228786328770947E-003  0.50497558715972202        3.8611440346879439E-003
  0.46800002455711365       0.66477908394489216        6.0225762130535158E-003  0.52507373805089552        3.9851697297729515E-003  0.49061664253705944        3.6411873164801717E-003
  0.47200003266334534       0.64711255799380052        5.7118484159646580E-003  0.51020153267199464        3.7603890416862324E-003  0.47657958535220885        3.4333374216657872E-003
  0.47600001096725464       0.62982321081532133        5.4155012295348864E-003  0.49566641209920059        3.5476325166257433E-003  0.46286720476116427        3.2367463592514857E-003
  0.48000001907348633       0.61288018122883892        5.1333346624894546E-003  0.48147060644054523        3.3461292459165222E-003  0.44948092978439830        3.0506901408977544E-003
  0.48400002717971802       0.59624783551886051        4.8652968268718200E-003  0.46760395201561256        3.1552494862341681E-003  0.43641092310328894        2.8745746961929930E-003
  0.48800003528594971       0.57993294877951351        4.6105598169258076E-003  0.45405129243749132        2.9745628103663435E-003  0.42364269421922557        2.7079886775220304E-003
  0.49200001358985901       0.56394161187424929        4.3683411070539564E-003  0.44081320983918443        2.8035410940605897E-003  0.41117645536074204        2.5504328006745007E-003
  0.49600002169609070       0.54827869332855594        4.1378962983781836E-003  0.42788954478912844        2.6416791439339638E-003  0.39901172437709748        2.4014297446347684E-003
  0.50000000000000000       0.53294873326737646        3.9185290120177076E-003  0.41527129769426963        2.4886572612313617E-003  0.38713977692381130        2.2606717886080774E-003
  0.50400000810623169       0.51795507128300999        3.7095747659571278E-003  0.40294092790945535        2.3442333023404919E-003  0.37554393236084699        2.1279221823945586E-003
  0.50800001621246338       0.50330070904921387        3.5104104085705119E-003  0.39090108661650685        2.2077739066746539E-003  0.36422635836018979        2.0025900395414988E-003
  0.51200002431869507       0.48897368692554743        3.3207247627450383E-003  0.37915433760004175        2.0786737733692047E-003  0.35318913919255962        1.8841114372525230E-003
  0.51600003242492676       0.47492591479297247        3.1409239276940777E-003  0.36769674479526049        1.9564255859546706E-003  0.34242830249646644        1.7720126364038232E-003
  0.52000004053115845       0.46115799890895581        2.9704623219162312E-003  0.35650899614619341        1.8407941325247164E-003  0.33192555724433143        1.6660672761057227E-003
  0.52400004863739014       0.44767465627477843        2.8087342710925219E-003  0.34558982255753840        1.7314842371846072E-003  0.32167943175773778        1.5659953263918956E-003
  0.52799999713897705       0.43448013187009688        2.6551698237718964E-003  0.33493924155800225        1.6281955333521071E-003  0.31168957087968469        1.4715115655857876E-003
  0.53200000524520874       0.42157746464289791        2.5092238397598542E-003  0.32455552223766654        1.5306465319372099E-003  0.30195377028943521        1.3823455133698699E-003
  0.53600001335144043       0.40896971217586803        2.3703879399166118E-003  0.31442840948752221        1.4391877083866158E-003  0.29246263119585808        1.2988079628272360E-003
  0.54000002145767212       0.39665920171147456        2.2381795785216744E-003  0.30454837739933571        1.3532144080351674E-003  0.28320704218221421        1.2203416840758511E-003
  0.54400002956390381       0.38464776795998379        2.1121428273235712E-003  0.29490983622576883        1.2717662356040249E-003  0.27418157258709902        1.1460706221158897E-003
  0.54800003767013550       0.37291892433776036        1.9921895693793819E-003  0.28550731674803903        1.1939586865143863E-003  0.26538090914258555        1.0751894849000308E-003
  0.55200004577636719       0.36143167150071431        1.8787364673065892E-003  0.27634611596585501        1.1204345987834109E-003  0.25680970646420431        1.0082687064728007E-003
  0.55600005388259888       0.35018826383326307        1.7714016935716822E-003  0.26742587417340247        1.0518876615128213E-003  0.24846735758102895        9.4592274549216298E-004
  0.56000000238418579       0.33919263279370376        1.6697879954932766E-003  0.25873058170052887        9.8712324141288135E-004  0.24033877681618682        8.8706860827710780E-004
  0.56400001049041748       0.32844770831190256        1.5735147200187862E-003  0.25025960836425565        9.2600600580599072E-004  0.23242314483411303        8.3157689558128166E-004
  0.56800001859664917       0.31795643683905256        1.4822257692916913E-003  0.24200774403555250        8.6836683117117938E-004  0.22471539562230083        7.7928829157733871E-004
  0.57200002670288086       0.30772115485176182        1.3955824078263999E-003  0.23397050678906042        8.1407356439938206E-004  0.21721114407537848        7.3007705084536490E-004
  0.57600003480911255       0.29774378513207717        1.3132638202663358E-003  0.22614486076997836        7.6292296835061386E-004  0.20990735606250341        6.8375413002428969E-004
  0.58000004291534424       0.28802586540232628        1.2349661692470273E-003  0.21852534627456613        7.1474518219377507E-004  0.20279875212966406        6.4016089397345773E-004
  0.58400005102157593       0.27856696676875831        1.1604320880903159E-003  0.21110816635017426        6.6938647739902104E-004  0.19588160239415459        5.9915359253322111E-004
  0.58799999952316284       0.26933123607523551        1.0900789675350150E-003  0.20388921461589368        6.2669010459686660E-004  0.18915220922232237        5.6058612157119719E-004
  0.59200000762939453       0.26030497853267015        1.0238866429860217E-003  0.19686209464229618        5.8650242629423193E-004  0.18260496350909958        5.2431551652139957E-004
  0.59600001573562622       0.25149039581030913        9.6155303615330613E-004  0.19002559216409640        5.4868827773874409E-004  0.17623759847226708        4.9021611453327698E-004
  0.60000002384185791       0.24288922141150021        9.0279082264922011E-004  0.18337539777143494        5.1313210790132895E-004  0.17004591211154943        4.5817987621012325E-004
