 gamma g3f pt DY-RATIO error R_dy tmp element 
   2.9898989898989901        0.0000000000000000        1.2500000000000000       0.98099999999999998        1.0999999999999999E-002  0.99595670148054127        1.8487844560167443      Ca
   2.9898989898989901        5.0505050505050509E-003   1.2500000000000000       0.98099999999999998        1.0999999999999999E-002  0.99598700352470171        1.8562832615654707      Ca
   2.9898989898989901        1.0101010101010102E-002   1.2500000000000000       0.98099999999999998        1.0999999999999999E-002  0.99601725755357606        1.8637853258713872      Ca
   2.9898989898989901        1.5151515151515152E-002   1.2500000000000000       0.98099999999999998        1.0999999999999999E-002  0.99604746359847374        1.8712905846891961      Ca
   2.9898989898989901        2.0202020202020204E-002   1.2500000000000000       0.98099999999999998        1.0999999999999999E-002  0.99607762169069580        1.8787989739482736      Ca
   2.9898989898989901        2.5252525252525252E-002   1.2500000000000000       0.98099999999999998        1.0999999999999999E-002  0.99610773186153556        1.8863104297525397      Ca
   2.9898989898989901        3.0303030303030304E-002   1.2500000000000000       0.98099999999999998        1.0999999999999999E-002  0.99615982636105616        1.8993416140278814      Ca
   2.9898989898989901        3.5353535353535352E-002   1.2500000000000000       0.98099999999999998        1.0999999999999999E-002  0.99618720569332431        1.9062084030689486      Ca
   2.9898989898989901        4.0404040404040407E-002   1.2500000000000000       0.98099999999999998        1.0999999999999999E-002  0.99621511966441312        1.9132220363835644      Ca
   2.9898989898989901        4.5454545454545456E-002   1.2500000000000000       0.98099999999999998        1.0999999999999999E-002  0.99624346129816732        1.9203563004026900      Ca
   2.9898989898989901        5.0505050505050504E-002   1.2500000000000000       0.98099999999999998        1.0999999999999999E-002  0.99627333199883483        1.9278898375754756      Ca
   2.9898989898989901        5.5555555555555552E-002   1.2500000000000000       0.98099999999999998        1.0999999999999999E-002  0.99630315496571487        1.9354260487990420      Ca
   2.9898989898989901        6.0606060606060608E-002   1.2500000000000000       0.98099999999999998        1.0999999999999999E-002  0.99633293023004210        1.9429648713994998      Ca
   2.9898989898989901        6.5656565656565663E-002   1.2500000000000000       0.98099999999999998        1.0999999999999999E-002  0.99636265782304290        1.9505062428752205      Ca
   2.9898989898989901        7.0707070707070704E-002   1.2500000000000000       0.98099999999999998        1.0999999999999999E-002  0.99638984328297697        1.9574155064015866      Ca
   2.9898989898989901        7.5757575757575760E-002   1.2500000000000000       0.98099999999999998        1.0999999999999999E-002  0.99641947572614120        1.9649605923062667      Ca
   2.9898989898989901        8.0808080808080815E-002   1.2500000000000000       0.98099999999999998        1.0999999999999999E-002  0.99644906059160365        1.9725080426697650      Ca
   2.9898989898989901        8.5858585858585856E-002   1.2500000000000000       0.98099999999999998        1.0999999999999999E-002  0.99647859791055671        1.9800577956751322      Ca
   2.9898989898989901        9.0909090909090912E-002   1.2500000000000000       0.98099999999999998        1.0999999999999999E-002  0.99650808771418298        1.9876097896759797      Ca
   2.9898989898989901        9.5959595959595953E-002   1.2500000000000000       0.98099999999999998        1.0999999999999999E-002  0.99653753003365686        1.9951639631966074      Ca
   2.9898989898989901       0.10101010101010101        1.2500000000000000       0.98099999999999998        1.0999999999999999E-002  0.99656692490014509        2.0027202549318823      Ca
   2.9898989898989901       0.10606060606060606        1.2500000000000000       0.98099999999999998        1.0999999999999999E-002  0.99659627234480408        2.0102786037462899      Ca
   2.9898989898989901       0.11111111111111110        1.2500000000000000       0.98099999999999998        1.0999999999999999E-002  0.99662557239878158        2.0178389486740929      Ca
   2.9898989898989901       0.11616161616161616        1.2500000000000000       0.98099999999999998        1.0999999999999999E-002  0.99665320551862369        2.0249821736220790      Ca
   2.9898989898989901       0.12121212121212122        1.2500000000000000       0.98099999999999998        1.0999999999999999E-002  0.99668084596629636        2.0321399191629199      Ca
   2.9898989898989901       0.12626262626262627        1.2500000000000000       0.98099999999999998        1.0999999999999999E-002  0.99671000417887745        2.0397043909119632      Ca
   2.9898989898989901       0.13131313131313133        1.2500000000000000       0.98099999999999998        1.0999999999999999E-002  0.99673911512527491        2.0472706192285788      Ca
   2.9898989898989901       0.13636363636363635        1.2500000000000000       0.98099999999999998        1.0999999999999999E-002  0.99676817883659241        2.0548385439897632      Ca
   2.9898989898989901       0.14141414141414141        1.2500000000000000       0.98099999999999998        1.0999999999999999E-002  0.99679215041643310        2.0610910312004020      Ca
   2.9898989898989901       0.14646464646464646        1.2500000000000000       0.98099999999999998        1.0999999999999999E-002  0.99681993411614522        2.0683497143733560      Ca
   2.9898989898989901       0.15151515151515152        1.2500000000000000       0.98099999999999998        1.0999999999999999E-002  0.99684885655638023        2.0759194557414626      Ca
   2.9898989898989901       0.15656565656565657        1.2500000000000000       0.98099999999999998        1.0999999999999999E-002  0.99687364256145017        2.0824175881709324      Ca
   2.9898989898989901       0.16161616161616163        1.2500000000000000       0.98099999999999998        1.0999999999999999E-002  0.99690247108743768        2.0899883197255531      Ca
   2.9898989898989901       0.16666666666666666        1.2500000000000000       0.98099999999999998        1.0999999999999999E-002  0.99692689467520157        2.0964130082228483      Ca
   2.9898989898989901       0.17171717171717171        1.2500000000000000       0.98099999999999998        1.0999999999999999E-002  0.99694947920809163        2.1023627025565923      Ca
   2.9898989898989901       0.17676767676767677        1.2500000000000000       0.98099999999999998        1.0999999999999999E-002  0.99697816697671704        2.1099323961640617      Ca
   2.9898989898989901       0.18181818181818182        1.2500000000000000       0.98099999999999998        1.0999999999999999E-002  0.99701495530847062        2.1196594506802628      Ca
   2.9898989898989901       0.18686868686868688        1.2500000000000000       0.98099999999999998        1.0999999999999999E-002  0.99704339241488227        2.1271937204785329      Ca
   2.9898989898989901       0.19191919191919191        1.2500000000000000       0.98099999999999998        1.0999999999999999E-002  0.99707193906315261        2.1347704566090200      Ca
   2.9898989898989901       0.19696969696969696        1.2500000000000000       0.98099999999999998        1.0999999999999999E-002  0.99710043884885780        2.1423481911223958      Ca
   2.9898989898989901       0.20202020202020202        1.2500000000000000       0.98099999999999998        1.0999999999999999E-002  0.99712646210608269        2.1492791740406734      Ca
   2.9898989898989901       0.20707070707070707        1.2500000000000000       0.98099999999999998        1.0999999999999999E-002  0.99750506257455507        2.2513809139667682      Ca
   2.9898989898989901       0.21212121212121213        1.2500000000000000       0.98099999999999998        1.0999999999999999E-002  0.99752963222121394        2.2580887716412770      Ca
   2.9898989898989901       0.21717171717171718        1.2500000000000000       0.98099999999999998        1.0999999999999999E-002  0.99755792727243253        2.2658260790013687      Ca
   2.9898989898989901       0.22222222222222221        1.2500000000000000       0.98099999999999998        1.0999999999999999E-002  0.99758252022118166        2.2725617924454475      Ca
   2.9898989898989901       0.22727272727272727        1.2500000000000000       0.98099999999999998        1.0999999999999999E-002  0.99761061715304000        2.2802694397096475      Ca
   2.9898989898989901       0.23232323232323232        1.2500000000000000       0.98099999999999998        1.0999999999999999E-002  0.99763877216343766        2.2880061083205661      Ca
   2.9898989898989901       0.23737373737373738        1.2500000000000000       0.98099999999999998        1.0999999999999999E-002  0.99764386719981435        2.2894075650004675      Ca
   2.9898989898989901       0.24242424242424243        1.2500000000000000       0.98099999999999998        1.0999999999999999E-002  0.99767357504160259        2.2975876418839123      Ca
   2.9898989898989901       0.24747474747474749        1.2500000000000000       0.98099999999999998        1.0999999999999999E-002  0.99770158965165023        2.3053148503480227      Ca
   2.9898989898989901       0.25252525252525254        1.2500000000000000       0.98099999999999998        1.0999999999999999E-002  0.99772955774162453        2.3130421671929735      Ca
   2.9898989898989901       0.25757575757575757        1.2500000000000000       0.98099999999999998        1.0999999999999999E-002  0.99775747934240322        2.3207695364551344      Ca
   2.9898989898989901       0.26262626262626265        1.2500000000000000       0.98099999999999998        1.0999999999999999E-002  0.99778493572299520        2.3283807208684388      Ca
   2.9898989898989901       0.26767676767676768        1.2500000000000000       0.98099999999999998        1.0999999999999999E-002  0.99781132444693665        2.3357076831419055      Ca
   2.9898989898989901       0.27272727272727271        1.2500000000000000       0.98099999999999998        1.0999999999999999E-002  0.99783910688128075        2.3434340542082412      Ca
   2.9898989898989901       0.27777777777777779        1.2500000000000000       0.98099999999999998        1.0999999999999999E-002  0.99786499343309809        2.3506446570119199      Ca
   2.9898989898989901       0.28282828282828282        1.2500000000000000       0.98099999999999998        1.0999999999999999E-002  0.99789268328510572        2.3583698228999235      Ca
   2.9898989898989901       0.28787878787878790        1.2500000000000000       0.98099999999999998        1.0999999999999999E-002  0.99792032683296361        2.3660947118537932      Ca
   2.9898989898989901       0.29292929292929293        1.2500000000000000       0.98099999999999998        1.0999999999999999E-002  0.99794792410748012        2.3738192690322855      Ca
   2.9898989898989901       0.29797979797979796        1.2500000000000000       0.98099999999999998        1.0999999999999999E-002  0.99797547513945450        2.3815434397540374      Ca
   2.9898989898989901       0.30303030303030304        1.2500000000000000       0.98099999999999998        1.0999999999999999E-002  0.99800297995980392        2.3892671695330097      Ca
   2.9898989898989901       0.30808080808080807        1.2500000000000000       0.98099999999999998        1.0999999999999999E-002  0.99803043859904961        2.3969904039338790      Ca
   2.9898989898989901       0.31313131313131315        1.2500000000000000       0.98099999999999998        1.0999999999999999E-002  0.99805785108808898        2.4047130887885855      Ca
   2.9898989898989901       0.31818181818181818        1.2500000000000000       0.98099999999999998        1.0999999999999999E-002  0.99808521745800982        2.4124351701444975      Ca
   2.9898989898989901       0.32323232323232326        1.2500000000000000       0.98099999999999998        1.0999999999999999E-002  0.99811253773890163        2.4201565939283727      Ca
   2.9898989898989901       0.32828282828282829        1.2500000000000000       0.98099999999999998        1.0999999999999999E-002  0.99814240522544695        2.4286120406068719      Ca
   2.9898989898989901       0.33333333333333331        1.2500000000000000       0.98099999999999998        1.0999999999999999E-002  0.99816963346825072        2.4363331688766592      Ca
   2.9898989898989901       0.33838383838383840        1.2500000000000000       0.98099999999999998        1.0999999999999999E-002  0.99819315443683110        2.4430128883365745      Ca
   2.9898989898989901       0.34343434343434343        1.2500000000000000       0.98099999999999998        1.0999999999999999E-002  0.99822232404370814        2.4513094666651916      Ca
   2.9898989898989901       0.34848484848484851        1.2500000000000000       0.98099999999999998        1.0999999999999999E-002  0.99824941461020400        2.4590273090472712      Ca
   2.9898989898989901       0.35353535353535354        1.2500000000000000       0.98099999999999998        1.0999999999999999E-002  0.99827535518673838        2.4664288994047041      Ca
   2.9898989898989901       0.35858585858585856        1.2500000000000000       0.98099999999999998        1.0999999999999999E-002  0.99830113855520430        2.4737966554246071      Ca
   2.9898989898989901       0.36363636363636365        1.2500000000000000       0.98099999999999998        1.0999999999999999E-002  0.99832809155320035        2.4815103874057343      Ca
   2.9898989898989901       0.36868686868686867        1.2500000000000000       0.98099999999999998        1.0999999999999999E-002  0.99835514046352736        2.4892636405683075      Ca
   2.9898989898989901       0.37373737373737376        1.2500000000000000       0.98099999999999998        1.0999999999999999E-002  0.99838304015027768        2.4972734286460034      Ca
   2.9898989898989901       0.37878787878787878        1.2500000000000000       0.98099999999999998        1.0999999999999999E-002  0.99840783369008279        2.5044022626577029      Ca
   2.9898989898989901       0.38383838383838381        1.2500000000000000       0.98099999999999998        1.0999999999999999E-002  0.99843375643170040        2.5118666390070730      Ca
   2.9898989898989901       0.38888888888888890        1.2500000000000000       0.98099999999999998        1.0999999999999999E-002  0.99846048090180395        2.5195734985310829      Ca
   2.9898989898989901       0.39393939393939392        1.2500000000000000       0.98099999999999998        1.0999999999999999E-002  0.99848715971237145        2.5272789653387422      Ca
   2.9898989898989901       0.39898989898989901        1.2500000000000000       0.98099999999999998        1.0999999999999999E-002  0.99851142593315445        2.5342978364657425      Ca
   2.9898989898989901       0.40404040404040403        1.2500000000000000       0.98099999999999998        1.0999999999999999E-002  0.99853904680314109        2.5422988658080539      Ca
   2.9898989898989901       0.40909090909090912        1.2500000000000000       0.98099999999999998        1.0999999999999999E-002  0.99856558892692504        2.5499992921463819      Ca
   2.9898989898989901       0.41414141414141414        1.2500000000000000       0.98099999999999998        1.0999999999999999E-002  0.99858690077317447        2.5561907339296313      Ca
   2.9898989898989901       0.41919191919191917        1.2500000000000000       0.98099999999999998        1.0999999999999999E-002  0.99861335206366886        2.5638857100723027      Ca
   2.9898989898989901       0.42424242424242425        1.2500000000000000       0.98099999999999998        1.0999999999999999E-002  0.99863975787800230        2.5715789916904530      Ca
   2.9898989898989901       0.42929292929292928        1.2500000000000000       0.98099999999999998        1.0999999999999999E-002  0.99866439512275296        2.5787673971300751      Ca
   2.9898989898989901       0.43434343434343436        1.2500000000000000       0.98099999999999998        1.0999999999999999E-002  0.99869071018173361        2.5864564192900317      Ca
   2.9898989898989901       0.43939393939393939        1.2500000000000000       0.98099999999999998        1.0999999999999999E-002  0.99871697985603958        2.5941435968538249      Ca
   2.9898989898989901       0.44444444444444442        1.2500000000000000       0.98099999999999998        1.0999999999999999E-002  0.99874320417616813        2.6018288796462050      Ca
   2.9898989898989901       0.44949494949494950        1.2500000000000000       0.98099999999999998        1.0999999999999999E-002  0.99876938317260500        2.6095122176434566      Ca
   2.9898989898989901       0.45454545454545453        1.2500000000000000       0.98099999999999998        1.0999999999999999E-002  0.99879531968779534        2.6171355602548507      Ca
   2.9898989898989901       0.45959595959595961        1.2500000000000000       0.98099999999999998        1.0999999999999999E-002  0.99882140805372255        2.6248147522089877      Ca
   2.9898989898989901       0.46464646464646464        1.2500000000000000       0.98099999999999998        1.0999999999999999E-002  0.99884745118735907        2.6324918502906223      Ca
   2.9898989898989901       0.46969696969696972        1.2500000000000000       0.98099999999999998        1.0999999999999999E-002  0.99887344911914777        2.6401668050807015      Ca
   2.9898989898989901       0.47474747474747475        1.2500000000000000       0.98099999999999998        1.0999999999999999E-002  0.99889667389558989        2.6470325332652012      Ca
   2.9898989898989901       0.47979797979797978        1.2500000000000000       0.98099999999999998        1.0999999999999999E-002  0.99892258159826863        2.6547019103024634      Ca
   2.9898989898989901       0.48484848484848486        1.2500000000000000       0.98099999999999998        1.0999999999999999E-002  0.99894844419036155        2.6623689987977186      Ca
   2.9898989898989901       0.48989898989898989        1.2500000000000000       0.98099999999999998        1.0999999999999999E-002  0.99897426170226689        2.6700337499304028      Ca
   2.9898989898989901       0.49494949494949497        1.2500000000000000       0.98099999999999998        1.0999999999999999E-002  0.99900003416437200        2.6776961150294194      Ca
   2.9898989898989901       0.50000000000000000        1.2500000000000000       0.98099999999999998        1.0999999999999999E-002  0.99902576160705325        2.6853560455728571      Ca
