 x kt FF(p) FF(Pb) ratio
  0.75000000000000000        9.9999997764825821E-003  0.10327348948528639        4.8984518128974482E-002  0.47431841775767070     
  0.75000000000000000        1.5959594398736954E-002  0.10357454238454461        4.9260068014446580E-002  0.47560015116028326     
  0.75000000000000000        2.1919190883636475E-002  0.10305726810493489        4.8959090580695190E-002  0.47506683886520362     
  0.75000000000000000        2.7878785505890846E-002  0.10347373665836847        4.9220792200465553E-002  0.47568391545551486     
  0.75000000000000000        3.3838383853435516E-002  0.10285630715485315        4.8911350589126469E-002  0.47553088324947357     
  0.75000000000000000        3.9797976613044739E-002  0.10279617867639194        4.8905792279672393E-002  0.47575496394307160     
  0.75000000000000000        4.5757569372653961E-002  0.10283084724252950        4.8937006823317780E-002  0.47589811944171234     
  0.75000000000000000        5.1717169582843781E-002  0.10234418289042924        4.8720123508346661E-002  0.47604194134323141     
  0.75000000000000000        5.7676762342453003E-002  0.10207293891719650        4.8627997143721062E-002  0.47640439924208522     
  0.75000000000000000        6.3636362552642822E-002  0.10192412140604293        4.8611492051257962E-002  0.47693805333480027     
  0.75000000000000000        6.9595955312252045E-002  0.10161154629324799        4.8458695779876174E-002  0.47690146983912413     
  0.75000000000000000        7.5555548071861267E-002  0.10116806325581361        4.8271724598453511E-002  0.47714390337189322     
  0.75000000000000000        8.1515140831470490E-002  0.10080583006103297        4.8139239425392569E-002  0.47754419953931859     
  0.75000000000000000        8.7474741041660309E-002  0.10045473910164729        4.8040103307206504E-002  0.47822635086032222     
  0.75000000000000000        9.3434333801269531E-002   9.9908115849276793E-002   4.7813798954217245E-002  0.47857772662182935     
  0.75000000000000000        9.9393934011459351E-002   9.9555113549990568E-002   4.7670738669985106E-002  0.47883767061395333     
  0.75000000000000000       0.10535352677106857        9.9062656477806585E-002   4.7471449232170004E-002  0.47920630154719535     
  0.75000000000000000       0.11131311953067780        9.8583310982166425E-002   4.7292260390305943E-002  0.47971872641669583     
  0.75000000000000000       0.11727271974086761        9.8032044554481279E-002   4.7101286065972789E-002  0.48046826198545989     
  0.75000000000000000       0.12323231250047684        9.7392434255519467E-002   4.6843279860205700E-002  0.48097452557051140     
  0.75000000000000000       0.12919192016124725        9.6777052812388784E-002   4.6598863783129753E-002  0.48150736594000165     
  0.75000000000000000       0.13515150547027588        9.6190800115868932E-002   4.6364662335636783E-002  0.48200724268627682     
  0.75000000000000000       0.14111110568046570        9.5689912634937410E-002   4.6183048582801693E-002  0.48263236229499668     
  0.75000000000000000       0.14707070589065552        9.5064561761686373E-002   4.5951867740061242E-002  0.48337537025896338     
  0.75000000000000000       0.15303029119968414        9.4337344090919331E-002   4.5657976008803704E-002  0.48398623523681139     
  0.75000000000000000       0.15898989140987396        9.3606652421978159E-002   4.5366065874718454E-002  0.48464574579815689     
  0.75000000000000000       0.16494949162006378        9.2871857786533854E-002   4.5079185196844368E-002  0.48539122906810978     
  0.75000000000000000       0.17090909183025360        9.2141968373913100E-002   4.4795823197325849E-002  0.48616091003769224     
  0.75000000000000000       0.17686867713928223        9.1411957867837373E-002   4.4514761357202996E-002  0.48696868982460761     
  0.75000000000000000       0.18282827734947205        9.0734831434470836E-002   4.4278039146767562E-002  0.48799384367342313     
  0.75000000000000000       0.18878787755966187        8.9923493149187572E-002   4.3942583642379074E-002  0.48866633294011530     
  0.75000000000000000       0.19474746286869049        8.9102353412406313E-002   4.3606595649423721E-002  0.48939892134602231     
  0.75000000000000000       0.20070706307888031        8.8272484388659339E-002   4.3272740941000816E-002  0.49021777556948665     
  0.75000000000000000       0.20666666328907013        8.7436523680654965E-002   4.2940982854227989E-002  0.49111036265647573     
  0.75000000000000000       0.21262624859809875        8.6591360655451907E-002   4.2609839361184232E-002  0.49207956819998833     
  0.75000000000000000       0.21858584880828857        8.5751999421140354E-002   4.2278665350168061E-002  0.49303416404941741     
  0.75000000000000000       0.22454544901847839        8.4858584047507124E-002   4.1934949013954351E-002  0.49417450791398476     
  0.75000000000000000       0.23050503432750702        8.4018953253786235E-002   4.1604114989101611E-002  0.49517535482063102     
  0.75000000000000000       0.23646463453769684        8.3099406956709823E-002   4.1229504168489646E-002  0.49614679187744298     
  0.75000000000000000       0.24242423474788666        8.2177864944981055E-002   4.0855527604906856E-002  0.49715975989714578     
  0.75000000000000000       0.24838383495807648        8.1264258038664841E-002   4.0481913445216886E-002  0.49815151731227197     
  0.75000000000000000       0.25434342026710510        8.0345387379131272E-002   4.0108370990243988E-002  0.49919942262499623     
  0.75000000000000000       0.26030299067497253        7.9420820156340624E-002   3.9735129432675702E-002  0.50031124526864279     
  0.75000000000000000       0.26626259088516235        7.8467872839833502E-002   3.9360621973052456E-002  0.50161448945346454     
  0.75000000000000000       0.27222219109535217        7.7497446072506956E-002   3.8957997810643123E-002  0.50270040865854915     
  0.75000000000000000       0.27818179130554199        7.6526364931210816E-002   3.8555839117502384E-002  0.50382425915774309     
  0.75000000000000000       0.28414139151573181        7.5622291570830669E-002   3.8190151210107458E-002  0.50501182147247059     
  0.75000000000000000       0.29010099172592163        7.4644186174131696E-002   3.7785523896195501E-002  0.50620853187478732     
  0.75000000000000000       0.29606056213378906        7.3664547526541613E-002   3.7380861990305637E-002  0.50744711323771008     
  0.75000000000000000       0.30202016234397888        7.2684203651549970E-002   3.6976629999230529E-002  0.50872993224906871     
  0.75000000000000000       0.30797976255416870        7.1705215837558109E-002   3.6572786883891997E-002  0.51004360640576618     
  0.75000000000000000       0.31393936276435852        7.0706454388135720E-002   3.6166798675794233E-002  0.51150632553656783     
  0.75000000000000000       0.31989896297454834        6.9698874144520723E-002   3.5742246215061807E-002  0.51280952029368798     
  0.75000000000000000       0.32585856318473816        6.8703650903063920E-002   3.5319055334017753E-002  0.51407828943254397     
  0.75000000000000000       0.33181816339492798        6.7714903874650317E-002   3.4896927364139470E-002  0.51535076279128333     
  0.75000000000000000       0.33777773380279541        6.6730841183944192E-002   3.4475898151179858E-002  0.51664114432705444     
  0.75000000000000000       0.34373733401298523        6.5808317895548835E-002   3.4088886316567459E-002  0.51800269945622135     
  0.75000000000000000       0.34969693422317505        6.4823519967248500E-002   3.3667516489337579E-002  0.51937192713922031     
  0.75000000000000000       0.35565653443336487        6.3841875048920346E-002   3.3247586812375836E-002  0.52078023690405528     
  0.75000000000000000       0.36161613464355469        6.2857422135190522E-002   3.2829111731567537E-002  0.52227900248534476     
  0.75000000000000000       0.36757573485374451        6.1861790654343926E-002   3.2403005779872984E-002  0.52379676432139699     
  0.75000000000000000       0.37353530526161194        6.0886606451212757E-002   3.1971350261319378E-002  0.52509660374876355     
  0.75000000000000000       0.37949490547180176        5.9915113317359048E-002   3.1541806749344918E-002  0.52644157714054418     
  0.75000000000000000       0.38545450568199158        5.8947806301092705E-002   3.1114432408986228E-002  0.52783020033112693     
  0.75000000000000000       0.39141410589218140        5.7985159004452586E-002   3.0689564015441546E-002  0.52926584219739647     
  0.75000000000000000       0.39737370610237122        5.7024721920467480E-002   3.0267087514270586E-002  0.53077133030975876     
  0.75000000000000000       0.40333330631256104        5.6072796978207516E-002   2.9846990300204594E-002  0.53229002134144510     
  0.75000000000000000       0.40929290652275085        5.5126851063444254E-002   2.9429350499619568E-002  0.53384784241983985     
  0.75000000000000000       0.41525247693061829        5.4187294897221662E-002   2.9042002985400432E-002  0.53595594761622800     
  0.75000000000000000       0.42121207714080811        5.3254507623365747E-002   2.8624450188800436E-002  0.53750286062622954     
  0.75000000000000000       0.42717167735099792        5.2328865522660375E-002   2.8208574806630662E-002  0.53906337400751181     
  0.75000000000000000       0.43313127756118774        5.1403915590459238E-002   2.7793668079716966E-002  0.54069165277509668     
  0.75000000000000000       0.43909087777137756        5.0493722459941583E-002   2.7380906233277030E-002  0.54226357058541785     
  0.75000000000000000       0.44505047798156738        4.9591683794304439E-002   2.6970259453117283E-002  0.54384641515670407     
  0.75000000000000000       0.45101004838943481        4.8698106700770967E-002   2.6561462121773568E-002  0.54543110443661369     
  0.75000000000000000       0.45696964859962463        4.7813267596540983E-002   2.6155068884110171E-002  0.54702533833940148     
  0.75000000000000000       0.46292924880981445        4.6935067468982808E-002   2.5750812389750681E-002  0.54864760568988613     
  0.75000000000000000       0.46888884902000427        4.6068541826047311E-002   2.5349232237601632E-002  0.55025037113870812     
  0.75000000000000000       0.47484844923019409        4.5211513953323408E-002   2.4949764054352949E-002  0.55184535691751457     
  0.75000000000000000       0.48080804944038391        4.4364202712758816E-002   2.4553339806604686E-002  0.55344936469563388     
  0.75000000000000000       0.48676764965057373        4.3526810803390950E-002   2.4159930459859105E-002  0.55505859524118706     
  0.75000000000000000       0.49272722005844116        4.2697355665098594E-002   2.3769082233255322E-002  0.55668745436346767     
  0.75000000000000000       0.49868682026863098        4.1880383558558339E-002   2.3381947490442364E-002  0.55830308855096955     
  0.75000000000000000       0.50464642047882080        4.1070457233621009E-002   2.2997355019844064E-002  0.55994884325315031     
  0.75000000000000000       0.51060599088668823        4.0277881931605607E-002   2.2616666194628099E-002  0.56151577764274274     
  0.75000000000000000       0.51656562089920044        3.9487320230788402E-002   2.2238726327316712E-002  0.56318651651567631     
  0.75000000000000000       0.52252519130706787        3.8712957359695287E-002   2.1864856398542375E-002  0.56479426759853402     
  0.75000000000000000       0.52848482131958008        3.7949494164387726E-002   2.1493927407709133E-002  0.56638244806644356     
  0.75000000000000000       0.53444439172744751        3.7197030013612589E-002   2.1126678571635412E-002  0.56796681250906089     
  0.75000000000000000       0.54040402173995972        3.6455620095020333E-002   2.0763609891786793E-002  0.56955854372157566     
  0.75000000000000000       0.54636359214782715        3.5725337060398127E-002   2.0403829916914498E-002  0.57113050836775270     
  0.75000000000000000       0.55232316255569458        3.5001468292520987E-002   2.0048350948779100E-002  0.57278599803948715     
  0.75000000000000000       0.55828279256820679        3.4296504314281065E-002   1.9696295066351739E-002  0.57429453701350552     
  0.75000000000000000       0.56424236297607422        3.3599832254126424E-002   1.9348641045872479E-002  0.57585528700061461     
  0.75000000000000000       0.57020199298858643        3.2914381044627385E-002   1.9004534339702624E-002  0.57739303418572818     
  0.75000000000000000       0.57616156339645386        3.2235739101023834E-002   1.8664518702891732E-002  0.57900079921849634     
  0.75000000000000000       0.58212113380432129        3.1572814389789421E-002   1.8328938859234985E-002  0.58052914234856823     
  0.75000000000000000       0.58808076381683350        3.0921075756846283E-002   1.7997132317787285E-002  0.58203448221889609     
  0.75000000000000000       0.59404033422470093        3.0280505098314824E-002   1.7669819813063953E-002  0.58353781602035815     
  0.75000000000000000       0.59999996423721313        2.9651048778432217E-002   1.7346359854602159E-002  0.58501673867332726     
