 kt up dp u1 d1 u2 d2
   0.0000000000000000        0.0000000000000000        0.0000000000000000        0.0000000000000000        0.0000000000000000        0.0000000000000000        0.0000000000000000     
   9.9999997764825821E-003   2.5218768147335820E-002   1.4996894406697528E-004   1.9773118464567960E-002   9.4485521008538017E-005   1.6763204824664684E-002   8.3259942354721624E-005
   1.9999999552965164E-002   2.5211039492038369E-002   1.4992298392065706E-004   1.9768238375138192E-002   9.4462201581550990E-005   1.6759673444279578E-002   8.3242402598429624E-005
   2.9999999329447746E-002   2.5194129768534239E-002   1.4982242653563475E-004   1.9756688777451549E-002   9.4407012019175307E-005   1.6750743507466123E-002   8.3198049145012101E-005
   3.9999999105930328E-002   2.5166262755868755E-002   1.4965670922385620E-004   1.9736968673338903E-002   9.4312779826374524E-005   1.6735079133625475E-002   8.3120246906321090E-005
   4.9999997019767761E-002   2.5131212440337822E-002   1.4944827482378252E-004   1.9712260568035007E-002   9.4194712552011305E-005   1.6715508998980222E-002   8.3023045428472366E-005
   5.9999998658895493E-002   2.5088628028096360E-002   1.4919503726276232E-004   1.9682259899186247E-002   9.4051354849893702E-005   1.6691758540609981E-002   8.2905081004873904E-005
   7.0000000298023224E-002   2.5039649053710235E-002   1.4890377303338926E-004   1.9647919173335308E-002   9.3887258256852390E-005   1.6664670553748349E-002   8.2770539653849746E-005
   7.9999998211860657E-002   2.4981468794859015E-002   1.4855779134489099E-004   1.9606854671827472E-002   9.3691032212544990E-005   1.6632118824968994E-002   8.2608860840635719E-005
   8.9999996125698090E-002   2.4915986164535421E-002   1.4816838450047333E-004   1.9560656907150142E-002   9.3470276954703987E-005   1.6595512142407651E-002   8.2427041772519893E-005
   9.9999994039535522E-002   2.4843179868089808E-002   1.4773542586682444E-004   1.9509292357957470E-002   9.3224832302130076E-005   1.6554813750583847E-002   8.2224899891380641E-005
  0.10999999940395355        2.4763083477643534E-002   1.4725911508793848E-004   1.9452772036568266E-002   9.2954750877007454E-005   1.6510025668935641E-002   8.2002445227418022E-005
  0.11999999731779099        2.4676916046799995E-002   1.4674670153383179E-004   1.9392107031110373E-002   9.2664864147306913E-005   1.6462038955687246E-002   8.1764103512892443E-005
  0.12999999523162842        2.4582171072654507E-002   1.4618327973443059E-004   1.9325158809668751E-002   9.2344953173484486E-005   1.6408941709422045E-002   8.1500378663767499E-005
  0.14000000059604645        2.4480451831933803E-002   1.4557838392694887E-004   1.9253260016229921E-002   9.2001385972887063E-005   1.6351909669625651E-002   8.1217110374947631E-005
  0.14999999105930328        2.4371850305256508E-002   1.4493256109433849E-004   1.9176464563656841E-002   9.1634420167242467E-005   1.6290980069828574E-002   8.0914483578946368E-005
  0.15999999642372131        2.4256466477466310E-002   1.4424640581843422E-004   1.9094831890725677E-002   9.1244339783764299E-005   1.6226194512579745E-002   8.0592704908437018E-005
  0.17000000178813934        2.4134408659101977E-002   1.4352056219164508E-004   1.9008427167533672E-002   9.0831456236688753E-005   1.6157599115064984E-002   8.0252003419514444E-005
  0.17999999225139618        2.4005797460756293E-002   1.4275574745135298E-004   1.8917324516038385E-002   9.0396123716569751E-005   1.6085247270103156E-002   7.9892644305085670E-005
  0.18999999761581421        2.3871722572945810E-002   1.4195844168156423E-004   1.8822415673121817E-002   8.9942603373415047E-005   1.6009919216206127E-002   7.9518502875045201E-005
  0.19999998807907104        2.3730256048607345E-002   1.4111717992159575E-004   1.8722041635493712E-002   8.9462967687318451E-005   1.5930125414135569E-002   7.9122180845329128E-005
  0.20999999344348907        2.3582689895905236E-002   1.4023964538178524E-004   1.8617262781969766E-002   8.8962283660991173E-005   1.5846795038680341E-002   7.8708293266589350E-005
  0.21999999880790710        2.3429169627861814E-002   1.3932670338728172E-004   1.8508169833356493E-002   8.8440984802313211E-005   1.5759994153080256E-002   7.8277168263524976E-005
  0.22999998927116394        2.3269845978282001E-002   1.3837925030976472E-004   1.8394857107328820E-002   8.7899521806741282E-005   1.5669791638930047E-002   7.7829147959117116E-005
  0.23999999463558197        2.3104883004261306E-002   1.3739826175078744E-004   1.8277429264311779E-002   8.7338394792393272E-005   1.5576265109940543E-002   7.7364617847258964E-005
  0.25000000000000000        2.2934448172468182E-002   1.3638473358767834E-004   1.8155993059962759E-002   8.6758113889419974E-005   1.5479493658417710E-002   7.6883970765770127E-005
  0.25999999046325684        2.2758712778934605E-002   1.3533968446991599E-004   1.8030657816264964E-002   8.6159201491118332E-005   1.5379558319366989E-002   7.6387609201523197E-005
  0.26999998092651367        2.2577849369875027E-002   1.3426414048146453E-004   1.7901533463384078E-002   8.5542182896974830E-005   1.5276540438528876E-002   7.5875937184757846E-005
  0.28000000119209290        2.2392809262339785E-002   1.3316375883811956E-004   1.7769387382774251E-002   8.4910725026632805E-005   1.5171105967280520E-002   7.5352262380914690E-005
  0.28999999165534973        2.2202150609487895E-002   1.3202996528094110E-004   1.7632964255812393E-002   8.4258829360721422E-005   1.5062120973660817E-002   7.4810952745840958E-005
  0.29999998211860657        2.2006930043280953E-002   1.3086904330397676E-004   1.7493119800003457E-002   8.3590584931248177E-005   1.4950329624435352E-002   7.4255704427298976E-005
  0.31000000238418579        2.1807334542210462E-002   1.2968210481589589E-004   1.7349974611762971E-002   8.2906568006198861E-005   1.4835821861901832E-002   7.3686964153143268E-005
  0.31999999284744263        2.1603558347848630E-002   1.2847030491687262E-004   1.7203655050672423E-002   8.2207382392753320E-005   1.4718692522952331E-002   7.3105202961832547E-005
  0.32999998331069946        2.1395795381746092E-002   1.2723479680400260E-004   1.7054287376787571E-002   8.1493631422508884E-005   1.4599036392424939E-002   7.2510891633282719E-005
  0.34000000357627869        2.1184239031742737E-002   1.2597673050055322E-004   1.6901997402826448E-002   8.0765916289467156E-005   1.4476947800968573E-002   7.1904498691530353E-005
  0.34999999403953552        2.0969088672471874E-002   1.2469729163157393E-004   1.6746915923012758E-002   8.0024861991672382E-005   1.4352525415481961E-002   7.1286514198015691E-005
  0.35999998450279236        2.0750540351557982E-002   1.2339764603732506E-004   1.6589171272223660E-002   7.9271081775222262E-005   1.4225865818516665E-002   7.0657417861586869E-005
  0.37000000476837158        2.0528794825098368E-002   1.2207898755803537E-004   1.6428896015953390E-002   7.8505209102147891E-005   1.4097069409612690E-002   7.0017708349414027E-005
  0.37999999523162842        2.0304053758763482E-002   1.2074251544291000E-004   1.6266223566458658E-002   7.7727881480721514E-005   1.3966237300702717E-002   6.9367887866998661E-005
  0.38999998569488525        2.0077145709814340E-002   1.1939315688969308E-004   1.6101817777037751E-002   7.6942271122998207E-005   1.3833942835222809E-002   6.8710804112136995E-005
  0.39999997615814209        1.9846953541182048E-002   1.1802426859742655E-004   1.5934698798595104E-002   7.6143695836208592E-005   1.3699297043595585E-002   6.8042041726516431E-005
  0.40999999642372131        1.9614369546648507E-002   1.1664115678707589E-004   1.5765585263971038E-002   7.5335589595547416E-005   1.3562922284357674E-002   6.7364691857469848E-005
  0.41999998688697815        1.9379591695717010E-002   1.1524499872777626E-004   1.5594609535886629E-002   7.4518584894097951E-005   1.3424919430521707E-002   6.6679255523824203E-005
  0.42999997735023499        1.9142825184992086E-002   1.1383701466620788E-004   1.5421902532119938E-002   7.3693307320307007E-005   1.3285388487372107E-002   6.5986229434550231E-005
  0.43999999761581421        1.8904301162777550E-002   1.1241857917653066E-004   1.5247596572572412E-002   7.2860389162644930E-005   1.3144430922141424E-002   6.5286117559862613E-005
  0.44999998807907104        1.8664158275088865E-002   1.1099051674772911E-004   1.5071824313215592E-002   7.2020464315487553E-005   1.3002148703587965E-002   6.4579426360967696E-005
  0.45999997854232788        1.8422609903626992E-002   1.0955409630095715E-004   1.4894743923023618E-002   7.1174288586673472E-005   1.2858641972973329E-002   6.3866653222211526E-005
  0.46999999880790710        1.8179820661768771E-002   1.0811029674581736E-004   1.4716459807106686E-002   7.0322360874302617E-005   1.2714016002093480E-002   6.3148321010417818E-005
  0.47999998927116394        1.7935983897465518E-002   1.0666026786837073E-004   1.4537098897773350E-002   6.9465287722321351E-005   1.2568388483368461E-002   6.2425014283504473E-005
  0.48999997973442078        1.7691295008325919E-002   1.0520517164341647E-004   1.4356779920190878E-002   6.8603636456986730E-005   1.2421825301980013E-002   6.1697060281786929E-005
  0.50000000000000000        1.7445924332788042E-002   1.0374602102589104E-004   1.4175632688334052E-002   6.7738027392239675E-005   1.2274434711240817E-002   6.0964996680767270E-005
  0.50999999046325684        1.7200063279920061E-002   1.0228395427186126E-004   1.3993786699365608E-002   6.6869079328140139E-005   1.2126312454999278E-002   6.0229299023599924E-005
  0.51999998092651367        1.6953889386531969E-002   1.0082002714296347E-004   1.3811356303056885E-002   6.5997338683187749E-005   1.1977550748222562E-002   5.9490425326095776E-005
  0.52999997138977051        1.6707552638236509E-002   9.9355131561588094E-005   1.3628470126206819E-002   6.5123420098423096E-005   1.1828246160882867E-002   5.8748855234623294E-005
  0.53999996185302734        1.6461240126332304E-002   9.7890380107236755E-005   1.3445239419163835E-002   6.4247855181804586E-005   1.1678488836250268E-002   5.8005036475231809E-005
  0.55000001192092896        1.6215104328747898E-002   9.6426679523403368E-005   1.3261787306150501E-002   6.3371232280402175E-005   1.1528379091211011E-002   5.7259467304564553E-005
  0.56000000238418579        1.5969318372119724E-002   9.4965059345658429E-005   1.3078223082461527E-002   6.2494073659982155E-005   1.1378001470272604E-002   5.6512567640584416E-005
  0.56999999284744263        1.5724026992540989E-002   9.3506380278971258E-005   1.2894665023544480E-002   6.1616944497823432E-005   1.1227448578224910E-002   5.5764797435284320E-005
  0.57999998331069946        1.5479398404956608E-002   9.2051642650460195E-005   1.2711215642895414E-002   6.0740334652978768E-005   1.1076803454005897E-002   5.5016569128723265E-005
  0.58999997377395630        1.5235559887593338E-002   9.0601603348057098E-005   1.2527985636619873E-002   5.9864773084965830E-005   1.0926150987261100E-002   5.4268304353105140E-005
  0.59999996423721313        1.4992656775416939E-002   8.9157126638058682E-005   1.2345077378201619E-002   5.8990748983791203E-005   1.0775582483237121E-002   5.3520456605815918E-005
  0.61000001430511475        1.4750841995864730E-002   8.7719121937061270E-005   1.2162601040150258E-002   5.8118788806978044E-005   1.0625173394846255E-002   5.2773400648435717E-005
  0.62000000476837158        1.4510219974703101E-002   8.6288210235821710E-005   1.1980642792235902E-002   5.7249304315353895E-005   1.0475006916863485E-002   5.2027549695039204E-005
  0.62999999523162842        1.4270955584243997E-002   8.4865371983756970E-005   1.1799307108627350E-002   5.6382794737014191E-005   1.0325162884967634E-002   5.1283300275650749E-005
  0.63999998569488525        1.4033145573134403E-002   8.3451182517947233E-005   1.1618685056868430E-002   5.5519695236717705E-005   1.0175712047029176E-002   5.0541003782720417E-005
  0.64999997615814209        1.3796910961666436E-002   8.2046361512141424E-005   1.1438869883461723E-002   5.4660451391341557E-005   1.0026726898716242E-002   4.9801020289707610E-005
  0.65999996662139893        1.3562380383238391E-002   8.0651673913096806E-005   1.1259942415706796E-002   5.3805449432805910E-005   9.8782900877425871E-003   4.9063760293528351E-005
  0.66999995708465576        1.3329632610266120E-002   7.9267588158286518E-005   1.1081992878122449E-002   5.2955120497488286E-005   9.7304619931325286E-003   4.8329523686365225E-005
  0.68000000715255737        1.3098805013900145E-002   7.7894921155430508E-005   1.0905095022364211E-002   5.2109817006460246E-005   9.5833141629901725E-003   4.7598665835290794E-005
  0.68999999761581421        1.2869962941130353E-002   7.6534061504757582E-005   1.0729334783814954E-002   5.1269949600533914E-005   9.4369085632655600E-003   4.6871494514473633E-005
  0.69999998807907104        1.2643232568357855E-002   7.5185759541951638E-005   1.0554779761262423E-002   5.0435841299403353E-005   9.2913058269422037E-003   4.6148310877467946E-005
  0.70999997854232788        1.2418667367162926E-002   7.3850333247509414E-005   1.0381507303945735E-002   4.9607861715134267E-005   9.1465801033916352E-003   4.5429483211392078E-005
  0.71999996900558472        1.2196383836000451E-002   7.2528475405082035E-005   1.0209579851022338E-002   4.8786309212212296E-005   9.0027707826656998E-003   4.4715207159828484E-005
  0.72999995946884155        1.1976442759028172E-002   7.1220547481014488E-005   1.0039060869685383E-002   4.7971487067574998E-005   8.8599427048516258E-003   4.4005804772288716E-005
  0.74000000953674316        1.1758899252248305E-002   6.9926877234720229E-005   9.8700276828242520E-003   4.7163764767376009E-005   8.7181582359086972E-003   4.3301585809718210E-005
  0.75000000000000000        1.1543856506686236E-002   6.8648078314297373E-005   9.7025173150836804E-003   4.6363319233270620E-005   8.5774554481707031E-003   4.2602739370821400E-005
  0.75999999046325684        1.1331343869256289E-002   6.7384325237618064E-005   9.5366077628528199E-003   4.5570523169720185E-005   8.4378848462758251E-003   4.1909516303411057E-005
  0.76999998092651367        1.1121451461545301E-002   6.6136153932493574E-005   9.3723282310267195E-003   4.4785516131834794E-005   8.2995011702855538E-003   4.1222188491915753E-005
  0.77999997138977051        1.0914216787411756E-002   6.4903787423856057E-005   9.2097509685666618E-003   4.4008643360086284E-005   8.1623418796406104E-003   4.0540941990906056E-005
  0.78999996185302734        1.0709673213516383E-002   6.3687424133882490E-005   9.0488994419095931E-003   4.3240016988457258E-005   8.0264528428900563E-003   3.9866004621540795E-005
  0.79999995231628418        1.0507896079773749E-002   6.2487512087923091E-005   8.8898392793885506E-003   4.2479950620856492E-005   7.8918693567006475E-003   3.9197551696265987E-005
  0.81000000238418579        1.0308893392613540E-002   6.1304098897970808E-005   8.7325915691634122E-003   4.1728545026708794E-005   7.7586267252361596E-003   3.8535758564763998E-005
  0.81999999284744263        1.0112733322161617E-002   6.0137589952652360E-005   8.5771980954848538E-003   4.0985999871367961E-005   7.6267738455965770E-003   3.7880868090482910E-005
  0.82999998331069946        9.9194305056512101E-003   5.8988072295490353E-005   8.4237029483870997E-003   4.0252525838336585E-005   7.4963249994305162E-003   3.7232951207904142E-005
  0.83999997377395630        9.7289979881628949E-003   5.7855623501921691E-005   8.2721281593214607E-003   3.9528228204542040E-005   7.3673229690817670E-003   3.6592220409538173E-005
  0.84999996423721313        9.5414874252504143E-003   5.6740550753042817E-005   8.1225072207108898E-003   3.8813267012975907E-005   7.2397947747101996E-003   3.5958809899851228E-005
  0.85999995470046997        9.3568896609837141E-003   5.5642799601104554E-005   7.9748608256177203E-003   3.8107741145095809E-005   7.1137593401396811E-003   3.5332813670207004E-005
  0.87000000476837158        9.1752469193083514E-003   5.4562621140073617E-005   7.8292198578815905E-003   3.7411798178820894E-005   6.9892485419134646E-003   3.4714390045888932E-005
  0.87999999523162842        8.9965453417293981E-003   5.3499932957365975E-005   7.6855899109940186E-003   3.6725464842558385E-005   6.8662845504602549E-003   3.4103649143586258E-005
  0.88999998569488525        8.8208192945554709E-003   5.2454939419784241E-005   7.5440079818312484E-003   3.6048917925272188E-005   6.7448826294125045E-003   3.3500666775124346E-005
  0.89999997615814209        8.6480513912556740E-003   5.1427537134503624E-005   7.4044691404737233E-003   3.5382133869422893E-005   6.6250595798973411E-003   3.2905526388799131E-005
  0.90999996662139893        8.4782546598712160E-003   5.0417803575632693E-005   7.2669963806698823E-003   3.4725222550258757E-005   6.5068425803935723E-003   3.2318362975419508E-005
  0.91999995708465576        8.3114291833361210E-003   4.9425739236356789E-005   7.1316094969346346E-003   3.4078278555543447E-005   6.3902294627790077E-003   3.1739165766297108E-005
  0.93000000715255737        8.1475504187279741E-003   4.8451198166797066E-005   6.9982963607105311E-003   3.3441243929164811E-005   6.2752477645650357E-003   3.1168071535493624E-005
  0.93999999761581421        7.9866395211354510E-003   4.7494306170334883E-005   6.8670834771916208E-003   3.2814245325756191E-005   6.1618933243282343E-003   3.0605059613937799E-005
  0.94999998807907104        7.8286632433863280E-003   4.6554865535358028E-005   6.7379581688210323E-003   3.2197222165820893E-005   6.0501849110715586E-003   3.0050223224024885E-005
  0.95999997854232788        7.6736197649901559E-003   4.5632865435920179E-005   6.6109301000270328E-003   3.1590220630670174E-005   5.9401281362644618E-003   2.9503590236954102E-005
  0.96999996900558472        7.5214944724379066E-003   4.4728218969579932E-005   6.4859941938427727E-003   3.0993216460101640E-005   5.8317216537593312E-003   2.8965153966642883E-005
  0.97999995946884155        7.3722534014462335E-003   4.3840724160266231E-005   6.3631524683055241E-003   3.0406219297273012E-005   5.7249766111730042E-003   2.8434969781378190E-005
  0.98999994993209839        7.2258992821097948E-003   4.2970397243086675E-005   6.2423961036726537E-003   2.9829186997189477E-005   5.6198964939751586E-003   2.7913054992885790E-005
   1.0000000000000000        7.0823978719549317E-003   4.2117034587650218E-005   6.1237169729788168E-003   2.9262080725280934E-005   5.5164694934151182E-003   2.7399350949141089E-005
