 gamma g3f fuua tmp 
   1.7373737373737375        0.0000000000000000        2133.5910913843913        0.0000000000000000     
   1.7373737373737375        5.0505050505050509E-003   2133.5914037578546        0.0000000000000000     
   1.7373737373737375        1.0101010101010102E-002   2133.5917161314833        0.0000000000000000     
   1.7373737373737375        1.5151515151515152E-002   2133.5920285052780        0.0000000000000000     
   1.7373737373737375        2.0202020202020204E-002   2133.5923408792387        0.0000000000000000     
   1.7373737373737375        2.5252525252525252E-002   2133.5926532533654        0.0000000000000000     
   1.7373737373737375        3.0303030303030304E-002   2133.5929656276576        0.0000000000000000     
   1.7373737373737375        3.5353535353535352E-002   2133.5932780021162        0.0000000000000000     
   1.7373737373737375        4.0404040404040407E-002   2133.5935903767404        0.0000000000000000     
   1.7373737373737375        4.5454545454545456E-002   2133.5939027515301        0.0000000000000000     
   1.7373737373737375        5.0505050505050504E-002   2133.5942151264858        0.0000000000000000     
   1.7373737373737375        5.5555555555555552E-002   2133.5945275016079        0.0000000000000000     
   1.7373737373737375        6.0606060606060608E-002   2133.5948398768960        0.0000000000000000     
   1.7373737373737375        6.5656565656565663E-002   2133.5951522523496        0.0000000000000000     
   1.7373737373737375        7.0707070707070704E-002   2133.5954646279688        0.0000000000000000     
   1.7373737373737375        7.5757575757575760E-002   2133.5957770037539        0.0000000000000000     
   1.7373737373737375        8.0808080808080815E-002   2133.5960893797051        0.0000000000000000     
   1.7373737373737375        8.5858585858585856E-002   2133.5964017558222        0.0000000000000000     
   1.7373737373737375        9.0909090909090912E-002   2133.5967141321053        0.0000000000000000     
   1.7373737373737375        9.5959595959595953E-002   2133.5970265085534        0.0000000000000000     
   1.7373737373737375       0.10101010101010101        2133.5973388851680        0.0000000000000000     
   1.7373737373737375       0.10606060606060606        2133.5976512619491        0.0000000000000000     
   1.7373737373737375       0.11111111111111110        2133.5979636388952        0.0000000000000000     
   1.7373737373737375       0.11616161616161616        2133.5982760160073        0.0000000000000000     
   1.7373737373737375       0.12121212121212122        2133.5985883932849        0.0000000000000000     
   1.7373737373737375       0.12626262626262627        2133.5989007707290        0.0000000000000000     
   1.7373737373737375       0.13131313131313133        2133.5992131483390        0.0000000000000000     
   1.7373737373737375       0.13636363636363635        2133.5995255261141        0.0000000000000000     
   1.7373737373737375       0.14141414141414141        2133.5998379040557        0.0000000000000000     
   1.7373737373737375       0.14646464646464646        2133.6001502821623        0.0000000000000000     
   1.7373737373737375       0.15151515151515152        2133.6004626604363        0.0000000000000000     
   1.7373737373737375       0.15656565656565657        2133.6007750388744        0.0000000000000000     
   1.7373737373737375       0.16161616161616163        2133.6010874174794        0.0000000000000000     
   1.7373737373737375       0.16666666666666666        2133.6013997962500        0.0000000000000000     
   1.7373737373737375       0.17171717171717171        2133.6017121751870        0.0000000000000000     
   1.7373737373737375       0.17676767676767677        2133.6020245542886        0.0000000000000000     
   1.7373737373737375       0.18181818181818182        2133.6023369335571        0.0000000000000000     
   1.7373737373737375       0.18686868686868688        2133.6026493129907        0.0000000000000000     
   1.7373737373737375       0.19191919191919191        2133.6029616925903        0.0000000000000000     
   1.7373737373737375       0.19696969696969696        2133.6032740723558        0.0000000000000000     
   1.7373737373737375       0.20202020202020202        2133.6035864522873        0.0000000000000000     
   1.7373737373737375       0.20707070707070707        2133.6038988323844        0.0000000000000000     
   1.7373737373737375       0.21212121212121213        2133.6042112126479        0.0000000000000000     
   1.7373737373737375       0.21717171717171718        2133.6045235930769        0.0000000000000000     
   1.7373737373737375       0.22222222222222221        2133.6048359736710        0.0000000000000000     
   1.7373737373737375       0.22727272727272727        2133.6051483544315        0.0000000000000000     
   1.7373737373737375       0.23232323232323232        2133.6054607353576        0.0000000000000000     
   1.7373737373737375       0.23737373737373738        2133.6057731164497        0.0000000000000000     
   1.7373737373737375       0.24242424242424243        2133.6060854977081        0.0000000000000000     
   1.7373737373737375       0.24747474747474749        2133.6063978791317        0.0000000000000000     
   1.7373737373737375       0.25252525252525254        2133.6067102607208        0.0000000000000000     
   1.7373737373737375       0.25757575757575757        2133.6070226424758        0.0000000000000000     
   1.7373737373737375       0.26262626262626265        2133.6073350243973        0.0000000000000000     
   1.7373737373737375       0.26767676767676768        2133.6076474064844        0.0000000000000000     
   1.7373737373737375       0.27272727272727271        2133.6079597887369        0.0000000000000000     
   1.7373737373737375       0.27777777777777779        2133.6082721711555        0.0000000000000000     
   1.7373737373737375       0.28282828282828282        2133.6085845537395        0.0000000000000000     
   1.7373737373737375       0.28787878787878790        2133.6088969364896        0.0000000000000000     
   1.7373737373737375       0.29292929292929293        2133.6092093194056        0.0000000000000000     
   1.7373737373737375       0.29797979797979796        2133.6095217024872        0.0000000000000000     
   1.7373737373737375       0.30303030303030304        2133.6098340857347        0.0000000000000000     
   1.7373737373737375       0.30808080808080807        2133.6101464691478        0.0000000000000000     
   1.7373737373737375       0.31313131313131315        2133.6104588527269        0.0000000000000000     
   1.7373737373737375       0.31818181818181818        2133.6107712364719        0.0000000000000000     
   1.7373737373737375       0.32323232323232326        2133.6110836203820        0.0000000000000000     
   1.7373737373737375       0.32828282828282829        2133.6113960044590        0.0000000000000000     
   1.7373737373737375       0.33333333333333331        2133.6117083887007        0.0000000000000000     
   1.7373737373737375       0.33838383838383840        2133.6120207731087        0.0000000000000000     
   1.7373737373737375       0.34343434343434343        2133.6123331576828        0.0000000000000000     
   1.7373737373737375       0.34848484848484851        2133.6126455424214        0.0000000000000000     
   1.7373737373737375       0.35353535353535354        2133.6129579273270        0.0000000000000000     
   1.7373737373737375       0.35858585858585856        2133.6132703123976        0.0000000000000000     
   1.7373737373737375       0.36363636363636365        2133.6135826976342        0.0000000000000000     
   1.7373737373737375       0.36868686868686867        2133.6138950830373        0.0000000000000000     
   1.7373737373737375       0.37373737373737376        2133.6142074686049        0.0000000000000000     
   1.7373737373737375       0.37878787878787878        2133.6145198543391        0.0000000000000000     
   1.7373737373737375       0.38383838383838381        2133.6148322402391        0.0000000000000000     
   1.7373737373737375       0.38888888888888890        2133.6151446263043        0.0000000000000000     
   1.7373737373737375       0.39393939393939392        2133.6154570125354        0.0000000000000000     
   1.7373737373737375       0.39898989898989901        2133.6157693989326        0.0000000000000000     
   1.7373737373737375       0.40404040404040403        2133.6160817854961        0.0000000000000000     
   1.7373737373737375       0.40909090909090912        2133.6163941722243        0.0000000000000000     
   1.7373737373737375       0.41414141414141414        2133.6167065591180        0.0000000000000000     
   1.7373737373737375       0.41919191919191917        2133.6170189461782        0.0000000000000000     
   1.7373737373737375       0.42424242424242425        2133.6173313334043        0.0000000000000000     
   1.7373737373737375       0.42929292929292928        2133.6176437207955        0.0000000000000000     
   1.7373737373737375       0.43434343434343436        2133.6179561083527        0.0000000000000000     
   1.7373737373737375       0.43939393939393939        2133.6182684960754        0.0000000000000000     
   1.7373737373737375       0.44444444444444442        2133.6185808839641        0.0000000000000000     
   1.7373737373737375       0.44949494949494950        2133.6188932720188        0.0000000000000000     
   1.7373737373737375       0.45454545454545453        2133.6192056602395        0.0000000000000000     
   1.7373737373737375       0.45959595959595961        2133.6195180486252        0.0000000000000000     
   1.7373737373737375       0.46464646464646464        2133.6198304371769        0.0000000000000000     
   1.7373737373737375       0.46969696969696972        2133.6201428258942        0.0000000000000000     
   1.7373737373737375       0.47474747474747475        2133.6204552147774        0.0000000000000000     
   1.7373737373737375       0.47979797979797978        2133.6207676038262        0.0000000000000000     
   1.7373737373737375       0.48484848484848486        2133.6210799930404        0.0000000000000000     
   1.7373737373737375       0.48989898989898989        2133.6213923824212        0.0000000000000000     
   1.7373737373737375       0.49494949494949497        2133.6217047719674        0.0000000000000000     
   1.7373737373737375       0.50000000000000000        2133.6220171616783        0.0000000000000000     
