 gamma g3f pt DY-RATIO error R_dy tmp element 
  0.88888888888888884        0.0000000000000000        1.2500000000000000       0.99099999999999999        1.4999999999999999E-002  0.99747725887678185       0.18646614469710818      C
  0.88888888888888884        5.0505050505050509E-003   1.2500000000000000       0.99099999999999999        1.4999999999999999E-002  0.99782292759690017       0.20689929330018664      C
  0.88888888888888884        1.0101010101010102E-002   1.2500000000000000       0.99099999999999999        1.4999999999999999E-002  0.99811182508084539       0.22479135991351873      C
  0.88888888888888884        1.5151515151515152E-002   1.2500000000000000       0.99099999999999999        1.4999999999999999E-002  0.99879025167456514       0.26972453845806738      C
  0.88888888888888884        2.0202020202020204E-002   1.2500000000000000       0.99099999999999999        1.4999999999999999E-002  0.99909270435370512       0.29107495002879069      C
  0.88888888888888884        2.5252525252525252E-002   1.2500000000000000       0.99099999999999999        1.4999999999999999E-002  0.99939964367771283       0.31357339516685034      C
  0.88888888888888884        3.0303030303030304E-002   1.2500000000000000       0.99099999999999999        1.4999999999999999E-002  0.99968349649553778       0.33512493950229816      C
  0.88888888888888884        3.5353535353535352E-002   1.2500000000000000       0.99099999999999999        1.4999999999999999E-002  0.99997803565178101       0.35824499628733747      C
  0.88888888888888884        4.0404040404040407E-002   1.2500000000000000       0.99099999999999999        1.4999999999999999E-002   1.0002573817146705       0.38088496093829199      C
  0.88888888888888884        4.5454545454545456E-002   1.2500000000000000       0.99099999999999999        1.4999999999999999E-002   1.0005308228555139       0.40371815245860304      C
  0.88888888888888884        5.0505050505050504E-002   1.2500000000000000       0.99099999999999999        1.4999999999999999E-002   1.0007925282995540       0.42619382443362780      C
  0.88888888888888884        5.5555555555555552E-002   1.2500000000000000       0.99099999999999999        1.4999999999999999E-002   1.0006769515392004       0.41619284929792882      C
  0.88888888888888884        6.0606060606060608E-002   1.2500000000000000       0.99099999999999999        1.4999999999999999E-002   1.0009273499965781       0.43801012424248292      C
  0.88888888888888884        6.5656565656565663E-002   1.2500000000000000       0.99099999999999999        1.4999999999999999E-002   1.0011752829171412       0.46016169975051380      C
  0.88888888888888884        7.0707070707070704E-002   1.2500000000000000       0.99099999999999999        1.4999999999999999E-002   1.0014315461054566       0.48363179622340802      C
  0.88888888888888884        7.5757575757575760E-002   1.2500000000000000       0.99099999999999999        1.4999999999999999E-002   1.0020786719389290       0.54549765302405462      C
  0.88888888888888884        8.0808080808080815E-002   1.2500000000000000       0.99099999999999999        1.4999999999999999E-002   1.0022985803336091       0.56736852246674685      C
  0.88888888888888884        8.5858585858585856E-002   1.2500000000000000       0.99099999999999999        1.4999999999999999E-002   1.0025134099278454       0.58914936962937769      C
  0.88888888888888884        9.0909090909090912E-002   1.2500000000000000       0.99099999999999999        1.4999999999999999E-002   1.0027170778158649       0.61017738908015362      C
  0.88888888888888884        9.5959595959595953E-002   1.2500000000000000       0.99099999999999999        1.4999999999999999E-002   1.0029358491329246       0.63317553121749304      C
  0.88888888888888884       0.10101010101010101        1.2500000000000000       0.99099999999999999        1.4999999999999999E-002   1.0031369033006832       0.65468631880059647      C
  0.88888888888888884       0.10606060606060606        1.2500000000000000       0.99099999999999999        1.4999999999999999E-002   1.0033278835432697       0.67545205625076010      C
  0.88888888888888884       0.11111111111111110        1.2500000000000000       0.99099999999999999        1.4999999999999999E-002   1.0035080597817252       0.69534026445871766      C
  0.88888888888888884       0.11616161616161616        1.2500000000000000       0.99099999999999999        1.4999999999999999E-002   1.0036834994312460       0.71498292365519234      C
  0.88888888888888884       0.12121212121212122        1.2500000000000000       0.99099999999999999        1.4999999999999999E-002   1.0043425761772651       0.79121928464943025      C
  0.88888888888888884       0.12626262626262627        1.2500000000000000       0.99099999999999999        1.4999999999999999E-002   1.0045125228207252       0.81150343546942361      C
  0.88888888888888884       0.13131313131313133        1.2500000000000000       0.99099999999999999        1.4999999999999999E-002   1.0046874723850576       0.83265289018540101      C
  0.88888888888888884       0.13636363636363635        1.2500000000000000       0.99099999999999999        1.4999999999999999E-002   1.0048407082829909       0.85140091455490030      C
  0.88888888888888884       0.14141414141414141        1.2500000000000000       0.99099999999999999        1.4999999999999999E-002   1.0049963798449915       0.87066066117903751      C
  0.88888888888888884       0.14646464646464646        1.2500000000000000       0.99099999999999999        1.4999999999999999E-002   1.0051182469917017       0.88588843608308765      C
  0.88888888888888884       0.15151515151515152        1.2500000000000000       0.99099999999999999        1.4999999999999999E-002   1.0052724591747335       0.90534707064193365      C
  0.88888888888888884       0.15656565656565657        1.2500000000000000       0.99099999999999999        1.4999999999999999E-002   1.0053996676319783       0.92155745738419459      C
  0.88888888888888884       0.16161616161616163        1.2500000000000000       0.99099999999999999        1.4999999999999999E-002   1.0055133035355284       0.93615990895280210      C
  0.88888888888888884       0.16666666666666666        1.2500000000000000       0.99099999999999999        1.4999999999999999E-002   1.0056207088098377       0.95006722712028946      C
  0.88888888888888884       0.17171717171717171        1.2500000000000000       0.99099999999999999        1.4999999999999999E-002   1.0062441699828568        1.0328209709610359      C
  0.88888888888888884       0.17676767676767677        1.2500000000000000       0.99099999999999999        1.4999999999999999E-002   1.0063501185973687        1.0472272931257056      C
  0.88888888888888884       0.18181818181818182        1.2500000000000000       0.99099999999999999        1.4999999999999999E-002   1.0064740667896510        1.0642077467136917      C
  0.88888888888888884       0.18686868686868688        1.2500000000000000       0.99099999999999999        1.4999999999999999E-002   1.0065551441354068        1.0753889292145828      C
  0.88888888888888884       0.19191919191919191        1.2500000000000000       0.99099999999999999        1.4999999999999999E-002   1.0066450541295537        1.0878565276296304      C
  0.88888888888888884       0.19696969696969696        1.2500000000000000       0.99099999999999999        1.4999999999999999E-002   1.0067289481495818        1.0995547106321473      C
  0.88888888888888884       0.20202020202020202        1.2500000000000000       0.99099999999999999        1.4999999999999999E-002   1.0068000225742229        1.1095142815375645      C
  0.88888888888888884       0.20707070707070707        1.2500000000000000       0.99099999999999999        1.4999999999999999E-002   1.0068662444216363        1.1188342757649126      C
  0.88888888888888884       0.21212121212121213        1.2500000000000000       0.99099999999999999        1.4999999999999999E-002   1.0069348582103441        1.1285320274834296      C
  0.88888888888888884       0.21717171717171718        1.2500000000000000       0.99099999999999999        1.4999999999999999E-002   1.0069794547887569        1.1348576682041223      C
  0.88888888888888884       0.22222222222222221        1.2500000000000000       0.99099999999999999        1.4999999999999999E-002   1.0070429108637311        1.1438888399183182      C
  0.88888888888888884       0.22727272727272727        1.2500000000000000       0.99099999999999999        1.4999999999999999E-002   1.0076031599629196        1.2251774255746524      C
  0.88888888888888884       0.23232323232323232        1.2500000000000000       0.99099999999999999        1.4999999999999999E-002   1.0076498665340530        1.2320802471190109      C
  0.88888888888888884       0.23737373737373738        1.2500000000000000       0.99099999999999999        1.4999999999999999E-002   1.0076788486742989        1.2363733026673902      C
  0.88888888888888884       0.24242424242424243        1.2500000000000000       0.99099999999999999        1.4999999999999999E-002   1.0077414679269194        1.2456744371025437      C
  0.88888888888888884       0.24747474747474749        1.2500000000000000       0.99099999999999999        1.4999999999999999E-002   1.0077759486369542        1.2508109007543349      C
  0.88888888888888884       0.25252525252525254        1.2500000000000000       0.99099999999999999        1.4999999999999999E-002   1.0077960508259993        1.2538103259980127      C
  0.88888888888888884       0.25757575757575757        1.2500000000000000       0.99099999999999999        1.4999999999999999E-002   1.0078022810779670        1.2547406641022569      C
  0.88888888888888884       0.26262626262626265        1.2500000000000000       0.99099999999999999        1.4999999999999999E-002   1.0083193669858943        1.3331576568537149      C
  0.88888888888888884       0.26767676767676768        1.2500000000000000       0.99099999999999999        1.4999999999999999E-002   1.0083179977103880        1.3329468653200180      C
  0.88888888888888884       0.27272727272727271        1.2500000000000000       0.99099999999999999        1.4999999999999999E-002   1.0083168451229163        1.3327694444936466      C
  0.88888888888888884       0.27777777777777779        1.2500000000000000       0.99099999999999999        1.4999999999999999E-002   1.0083021113810138        1.3305024810711412      C
  0.88888888888888884       0.28282828282828282        1.2500000000000000       0.99099999999999999        1.4999999999999999E-002   1.0087425065753768        1.3990957314546166      C
  0.88888888888888884       0.28787878787878790        1.2500000000000000       0.99099999999999999        1.4999999999999999E-002   1.0087264814027748        1.3965695241018663      C
  0.88888888888888884       0.29292929292929293        1.2500000000000000       0.99099999999999999        1.4999999999999999E-002   1.0086744695752856        1.3883861100786539      C
  0.88888888888888884       0.29797979797979796        1.2500000000000000       0.99099999999999999        1.4999999999999999E-002   1.0086505972613464        1.3846381496988902      C
  0.88888888888888884       0.30303030303030304        1.2500000000000000       0.99099999999999999        1.4999999999999999E-002   1.0089099577607230        1.4256292755150339      C
  0.88888888888888884       0.30808080808080807        1.2500000000000000       0.99099999999999999        1.4999999999999999E-002   1.0088877317256277        1.4220930946134633      C
  0.88888888888888884       0.31313131313131315        1.2500000000000000       0.99099999999999999        1.4999999999999999E-002   1.0088377309937122        1.4141539866846291      C
  0.88888888888888884       0.31818181818181818        1.2500000000000000       0.99099999999999999        1.4999999999999999E-002   1.0089195580183641        1.4271580425489634      C
  0.88888888888888884       0.32323232323232326        1.2500000000000000       0.99099999999999999        1.4999999999999999E-002   1.0088485159291101        1.4158645372075385      C
  0.88888888888888884       0.32828282828282829        1.2500000000000000       0.99099999999999999        1.4999999999999999E-002   1.0088034447441985        1.4087228655987938      C
  0.88888888888888884       0.33333333333333331        1.2500000000000000       0.99099999999999999        1.4999999999999999E-002   1.0087698598018264        1.4034129661180761      C
  0.88888888888888884       0.33838383838383840        1.2500000000000000       0.99099999999999999        1.4999999999999999E-002   1.0087026893147466        1.3928231509975282      C
  0.88888888888888884       0.34343434343434343        1.2500000000000000       0.99099999999999999        1.4999999999999999E-002   1.0086104296426042        1.3783432542093859      C
  0.88888888888888884       0.34848484848484851        1.2500000000000000       0.99099999999999999        1.4999999999999999E-002   1.0085171941089015        1.3637870642174839      C
  0.88888888888888884       0.35353535353535354        1.2500000000000000       0.99099999999999999        1.4999999999999999E-002   1.0084492532670104        1.3532286203389934      C
  0.88888888888888884       0.35858585858585856        1.2500000000000000       0.99099999999999999        1.4999999999999999E-002   1.0083652076932210        1.3402241699053459      C
  0.88888888888888884       0.36363636363636365        1.2500000000000000       0.99099999999999999        1.4999999999999999E-002   1.0082659988448677        1.3249542938265426      C
  0.88888888888888884       0.36868686868686867        1.2500000000000000       0.99099999999999999        1.4999999999999999E-002   1.0082185054262884        1.3176752405116647      C
  0.88888888888888884       0.37373737373737376        1.2500000000000000       0.99099999999999999        1.4999999999999999E-002   1.0081156584319251        1.3019811713703477      C
  0.88888888888888884       0.37878787878787878        1.2500000000000000       0.99099999999999999        1.4999999999999999E-002   1.0075533879263550        1.2178428970684196      C
  0.88888888888888884       0.38383838383838381        1.2500000000000000       0.99099999999999999        1.4999999999999999E-002   1.0074677846425302        1.2052796934789018      C
  0.88888888888888884       0.38888888888888890        1.2500000000000000       0.99099999999999999        1.4999999999999999E-002   1.0073646589187732        1.1902313845679338      C
  0.88888888888888884       0.39393939393939392        1.2500000000000000       0.99099999999999999        1.4999999999999999E-002   1.0072732692704125        1.1769746344326752      C
  0.88888888888888884       0.39898989898989901        1.2500000000000000       0.99099999999999999        1.4999999999999999E-002   1.0071570658312161        1.1602256723300066      C
  0.88888888888888884       0.40404040404040403        1.2500000000000000       0.99099999999999999        1.4999999999999999E-002   1.0070392813667357        1.1433713189391799      C
  0.88888888888888884       0.40909090909090912        1.2500000000000000       0.99099999999999999        1.4999999999999999E-002   1.0069006895840173        1.1236974633212360      C
  0.88888888888888884       0.41414141414141414        1.2500000000000000       0.99099999999999999        1.4999999999999999E-002   1.0067957837886230        1.1089190466530019      C
  0.88888888888888884       0.41919191919191917        1.2500000000000000       0.99099999999999999        1.4999999999999999E-002   1.0066622728044250        1.0902523973343605      C
  0.88888888888888884       0.42424242424242425        1.2500000000000000       0.99099999999999999        1.4999999999999999E-002   1.0065017649828207        1.0680209670338106      C
  0.88888888888888884       0.42929292929292928        1.2500000000000000       0.99099999999999999        1.4999999999999999E-002   1.0063606908087346        1.0486703205401924      C
  0.88888888888888884       0.43434343434343436        1.2500000000000000       0.99099999999999999        1.4999999999999999E-002   1.0062260580027029        1.0303681880074405      C
  0.88888888888888884       0.43939393939393939        1.2500000000000000       0.99099999999999999        1.4999999999999999E-002   1.0060760688194998        1.0101682268902035      C
  0.88888888888888884       0.44444444444444442        1.2500000000000000       0.99099999999999999        1.4999999999999999E-002   1.0059249238522776       0.99001489776126816      C
  0.88888888888888884       0.44949494949494950        1.2500000000000000       0.99099999999999999        1.4999999999999999E-002   1.0057671384697660       0.96919279371218570      C
  0.88888888888888884       0.45454545454545453        1.2500000000000000       0.99099999999999999        1.4999999999999999E-002   1.0056208552424384       0.95008625786816969      C
  0.88888888888888884       0.45959595959595961        1.2500000000000000       0.99099999999999999        1.4999999999999999E-002   1.0054472167821145       0.92765365666404431      C
  0.88888888888888884       0.46464646464646464        1.2500000000000000       0.99099999999999999        1.4999999999999999E-002   1.0052896999252769       0.90753566201982327      C
  0.88888888888888884       0.46969696969696972        1.2500000000000000       0.99099999999999999        1.4999999999999999E-002   1.0051465237513069       0.88944059665017527      C
  0.88888888888888884       0.47474747474747475        1.2500000000000000       0.99099999999999999        1.4999999999999999E-002   1.0049803271723543       0.86866465709363694      C
  0.88888888888888884       0.47979797979797978        1.2500000000000000       0.99099999999999999        1.4999999999999999E-002   1.0047815278054917       0.84413559401573579      C
  0.88888888888888884       0.48484848484848486        1.2500000000000000       0.99099999999999999        1.4999999999999999E-002   1.0045722969508732       0.81869886454525953      C
  0.88888888888888884       0.48989898989898989        1.2500000000000000       0.99099999999999999        1.4999999999999999E-002   1.0044011198718079       0.79817783919362284      C
  0.88888888888888884       0.49494949494949497        1.2500000000000000       0.99099999999999999        1.4999999999999999E-002   1.0042389447165334       0.77897625425523609      C
  0.88888888888888884       0.50000000000000000        1.2500000000000000       0.99099999999999999        1.4999999999999999E-002   1.0040317245624593       0.75478153365246314      C
