 kt up dp u1 d1 u2 d2
   0.0000000000000000        0.0000000000000000        0.0000000000000000        0.0000000000000000        0.0000000000000000        0.0000000000000000        0.0000000000000000     
   9.9999997764825821E-003   11.254372194666393        4.0250144673950441        9.8703420576877203        3.2875242063472858        9.3445771732954963        3.0630238463823307     
   1.9999999552965164E-002   11.245754094356069        4.0219322893907501        9.8636020613613891        3.2852793093676271        9.3384672063516501        3.0610210832714344     
   2.9999999329447746E-002   11.232172774601477        4.0170750652335059        9.8531496675597978        3.2817979206339647        9.3290619251762212        3.0579381614882424     
   3.9999999105930328E-002   11.212493479640340        4.0100369607922604        9.8378392099630787        3.2766984519767202        9.3152162182545766        3.0533997292312711     
   4.9999997019767761E-002   11.188281959021273        4.0013779508462815        9.8192339248517744        3.2705015719889845        9.2984874541172928        3.0479162704805169     
   5.9999998658895493E-002   11.158446931733959        3.9907077495778815        9.7960902973559545        3.2627931019916425        9.2775849348348807        3.0410647122105048     
   7.0000000298023224E-002   11.123301409519241        3.9781383025281891        9.7689856608162486        3.2537653349489442        9.2531744794579360        3.0330633007465035     
   7.9999998211860657E-002   11.082888865424515        3.9636851574009482        9.7378058887968884        3.2433802586605114        9.2250918144924796        3.0238581894970653     
   8.9999996125698090E-002   11.037266414460509        3.9473687408126295        9.7025899992946361        3.2316508688875833        9.1933591574945943        3.0134566610714262     
   9.9999994039535522E-002   10.986488168731061        3.9292084054198799        9.6633695142041969        3.2185876646575893        9.1580234391359152        3.0018740986981398     
  0.10999999940395355        10.930634315440660        3.9092328293801839        9.6201969732407555        3.2042081454233706        9.1191174258087120        2.9891212427498313     
  0.11999999731779099        10.869769100588302        3.8874649896371598        9.5731387201504301        3.1885344083594802        9.0766910013770836        2.9752144444709123     
  0.12999999523162842        10.804001850463765        3.8639439856528148        9.5222416709776798        3.1715820798374166        9.0307965646914496        2.9601708794837109     
  0.14000000059604645        10.733394753572519        3.8386920585286415        9.4675556323888230        3.1533677490108478        8.9814808022200445        2.9440058509702625     
  0.14999999105930328        10.658067689568465        3.8117520820325357        9.4091729101472072        3.1339221602480709        8.9287997897545015        2.9267377398036429     
  0.15999999642372131        10.578112788985361        3.7831570057351116        9.3471506435967608        3.1132643450046444        8.8728230095556615        2.9083893213131065     
  0.17000000178813934        10.493645035429324        3.7529479523813811        9.2815574881951424        3.0914171704190809        8.8136162741664208        2.8889821679448437     
  0.17999999225139618        10.404770483438389        3.7211628513238315        9.2124851700941388        3.0684111878079041        8.7512307756872652        2.8685330597651615     
  0.18999999761581421        10.311625492750386        3.6878504702687360        9.1400093512897183        3.0442715979839812        8.6857513385306611        2.8470698010495576     
  0.19999998807907104        10.214316050047728        3.6530487143006889        9.0642075874201922        3.0190242324774541        8.6172536560939985        2.8246172030524010     
  0.20999999344348907        10.112981881526169        3.6168075551062202        8.9851870321262393        2.9927047810532219        8.5458005545897500        2.8011958593418553     
  0.21999999880790710        10.007770899972428        3.5791798922248250        8.9030264989976082        2.9653394942284974        8.4714889223722736        2.7768375285876061     
  0.22999998927116394        9.8987947190992553        3.5402056431926274        8.8178320296071284        2.9369636913706865        8.3943808509075453        2.7515625635180290     
  0.23999999463558197        9.7862094940639732        3.4999406553511321        8.7296970878753939        2.9076085025966107        8.3145861593538264        2.7254069613424448     
  0.25000000000000000        9.6701687430590368        3.4584398329575365        8.6387162780229314        2.8773054378238898        8.2321799988756652        2.6983953555787545     
  0.25999999046325684        9.5508072214852202        3.4157513699429032        8.5450079427699404        2.8460939135747600        8.1472457911109419        2.6705550906922517     
  0.26999998092651367        9.4282846200553401        3.3719323781050603        8.4486711103028682        2.8140069132613679        8.0598850431465952        2.6419194393096173     
  0.28000000119209290        9.3027659868174482        3.3270418852395767        8.3498100227605505        2.7810791569119240        7.9701864200967263        2.6125174646355189     
  0.28999999165534973        9.1743879123962060        3.2811287416271142        8.2485435529307249        2.7473502375987806        7.8782546459352796        2.5823834937479475     
  0.29999998211860657        9.0433261828456608        3.2342558154044725        8.1449794938009532        2.7128560580347072        7.7841768082849541        2.5515460727715831     
  0.31000000238418579        8.9097288744834131        3.1864760645963459        8.0392254556840008        2.6776324600888151        7.6880530205121671        2.5200380174907036     
  0.31999999284744263        8.7737652161627722        3.1378500122217932        7.9314140691784161        2.6417236191605582        7.5899915214564633        2.4878948071078950     
  0.32999998331069946        8.6355979545729031        3.0884358630182391        7.8216439814903138        2.6051623917686015        7.4900873337120055        2.4551475887223262     
  0.34000000357627869        8.4953904851988007        3.0382920537584863        7.7100238995146633        2.5679849850217287        7.3884338520774584        2.4218269758641848     
  0.34999999403953552        8.3533215111924672        2.9874824958504531        7.5966995923785889        2.5302399503815969        7.2851512005833010        2.3879723435381477     
  0.35999998450279236        8.2095270722696032        2.9360558425476815        7.4817749648222343        2.4919618954987177        7.1803338550043172        2.3536146596035090     
  0.37000000476837158        8.0641847755837794        2.8840756132851268        7.3653680299248361        2.4531901271015086        7.0740775549607759        2.3187853061907266     
  0.37999999523162842        7.9174588702091535        2.8316005501132877        7.2476026554937905        2.4139659019582620        6.9665023187378727        2.2835236236426271     
  0.38999998569488525        7.7695114423781595        2.7786886215637909        7.1285754928384444        2.3743214118123994        6.8577039947329936        2.2478610297453097     
  0.39999997615814209        7.6205038552377609        2.7253975375639228        7.0084335689973836        2.3343056270993476        6.7477750279909028        2.2118278267127063     
  0.40999999642372131        7.4706073594723019        2.6717885442205431        6.8872819047107017        2.2939535271767810        6.6368418872940085        2.1754654692718867     
  0.41999998688697815        7.3199572514028759        2.6179100289194910        6.7652381569303381        2.2533043001574593        6.5249967399769231        2.1388041686072201     
  0.42999997735023499        7.1687213891133128        2.5638220244377359        6.6424180465673919        2.2123964893151871        6.4123419132014066        2.1018774661546376     
  0.43999999761581421        7.0170533372263773        2.5095794516378223        6.5189362555903028        2.1712682918821398        6.2989725391351783        2.0647165449300084     
  0.44999998807907104        6.8651055463105575        2.4552368329518375        6.3949009408134136        2.1299557317512239        6.1850034210654581        2.0273590358715654     
  0.45999997854232788        6.7130304382243091        2.4008486805440210        6.2704372079642203        2.0885004780059542        6.0705276791174976        1.9898354624753327     
  0.46999999880790710        6.5609653263781276        2.3464641031922069        6.1456490784634354        2.0469371771597458        5.9556378040000633        1.9521761419232735     
  0.47999998927116394        6.4090642554965873        2.2921381934625877        6.0206465754960377        2.0053024747393531        5.8404443680833147        1.9144173183172086     
  0.48999997973442078        6.2574536021858380        2.2379161486935191        5.8955367793033124        1.9636320360624682        5.7250369879692400        1.8765883667464396     
  0.50000000000000000        6.1062691961319766        2.1838465470235371        5.7704248010295229        1.9219608705977700        5.6095100617758469        1.8387202296154332     
  0.50999999046325684        5.9556677051346654        2.1299854191355925        5.6454147690967087        1.8803236604977125        5.4939483650328560        1.8008406951766012     
  0.51999998092651367        5.8057439869849983        2.0763666899767999        5.5206018429525248        1.8387521006099317        5.3784608220458638        1.7629854673188685     
  0.52999997138977051        5.6566462513794944        2.0230433652734994        5.3960961645925307        1.7972828760335291        5.2631224154718286        1.7251791243256716     
  0.53999996185302734        5.5084781068611983        1.9700524995923521        5.2719869610295627        1.7559457056944376        5.1480312449157468        1.6874538218979949     
  0.55000001192092896        5.3613709123056674        1.9174410721308965        5.1483742688854415        1.7147739088853249        5.0332665617866326        1.6498355375574723     
  0.56000000238418579        5.2154347250260873        1.8652484437944030        5.0253373017314189        1.6737938693456247        4.9189095262017242        1.6123508744740338     
  0.56999999284744263        5.0707580049103713        1.8135062513834399        4.9029715591865948        1.6330373952241992        4.8050511302357028        1.5750296585980061     
  0.57999998331069946        4.9274639920184979        1.7622585704817699        4.7813699731730379        1.5925354394446198        4.6917552359805210        1.5378928230445950     
  0.58999997377395630        4.7856350794049298        1.7115348681472191        4.6606002225305243        1.5523105438623497        4.5791054857850790        1.5009677846251244     
  0.59999996423721313        4.6453843183372445        1.6613755760431133        4.5407494626326308        1.5123917374004645        4.4671756101380264        1.4642787111794791     
  0.61000001430511475        4.5067750358398344        1.6118033424509335        4.4219006265233265        1.4728066426467075        4.3560361596027368        1.4278487282117893     
  0.62000000476837158        4.3699120562128240        1.5628556567407894        4.3041144614543843        1.4335754927459443        4.2457639259262692        1.3917030070003340     
  0.62999999523162842        4.2348588470365582        1.5145552174626040        4.1874677145609294        1.3947238499393797        4.1364105050691835        1.3558584599911936     
  0.63999998569488525        4.1017038774084646        1.4669336647106319        4.0720276192345954        1.3562741077166398        4.0280461900485864        1.3203381282683704     
  0.64999997615814209        3.9705022557009730        1.4200107074470871        3.9578648252370487        1.3182497974609639        3.9207316466191897        1.2851618972316972     
  0.65999996662139893        3.8413324578286159        1.3738144118035938        3.8450267145485095        1.2806667007335164        3.8145312795849362        1.2503508778899028     
  0.66999995708465576        3.7142445994637545        1.3283627011527559        3.7335776110251926        1.2435462419421988        3.7094872778773840        1.2159188991943719     
  0.68000000715255737        3.5892981414509553        1.2836768410752284        3.6235814560666020        1.2069097181096893        3.6056580189865115        1.1818850964832335     
  0.68999999761581421        3.4665356686872379        1.2397720616365913        3.5150658587139554        1.1707663250055775        3.5030944099596288        1.1482661563862797     
  0.69999998807907104        3.3460153752126884        1.1966691753574572        3.4080963797343511        1.1351378990168430        3.4018427211344093        1.1150772456836719     
  0.70999997854232788        3.2277652459870634        1.1543781907808102        3.3027236456281970        1.1000413023600775        3.3019531244277616        1.0823348100395702     
  0.71999996900558472        3.1118450776661288        1.1129204935868482        3.1989688724880092        1.0654836014993700        3.2034547845507726        1.0500484092450544     
  0.72999995946884155        2.9982536173732224        1.0722956356966711        3.0968804029140333        1.0314808979505108        3.1063924250918973        1.0182327030771716     
  0.74000000953674316        2.8870348226483631        1.0325193380880004        2.9964926825825984       0.99804466456763896        3.0108013298201257       0.98689925707000747     
  0.75000000000000000        2.7782136448211925       0.99360052435613289        2.8978446908709210       0.96518788424895730        2.9167215505947870       0.95606119967206482     
  0.75999999046325684        2.6718148431538049       0.95554804940531546        2.8009528741177006       0.93291603479212193        2.8241713125710559       0.92572450483849067     
  0.76999998092651367        2.5678513891687373       0.91836655237178200        2.7058547522669203       0.90124161300051875        2.7331842380171074       0.89590019348625993     
  0.77999997138977051        2.4663272256899083       0.88205744336736136        2.6125615364817190       0.87016835298690609        2.6437854659687314       0.86659650584547321     
  0.78999996185302734        2.3672480083154048       0.84662274506055113        2.5210989754205597       0.83970483088141923        2.5560030827591889       0.83782264822979713     
  0.79999995231628418        2.2706237293576970       0.81206603110269071        2.4314841069607867       0.80985672150605414        2.4698459488412010       0.80958152497374325     
  0.81000000238418579        2.1764598295114825       0.77838924730421633        2.3437361593409891       0.78063042922850367        2.3853366619578691       0.78188054330662637     
  0.81999999284744263        2.0847430921929906       0.74558766688517164        2.2578565982207595       0.75202644221740189        2.3024912720719324       0.75472496418543888     
  0.82999998331069946        1.9954813474710762       0.71366409019193811        2.1738593001475195       0.72404938234758043        2.2213219119909984       0.72811876457760671     
  0.83999997377395630        1.9086525524289601       0.68261063379419962        2.0917505076920726       0.69670132883802827        2.1418440974772426       0.70206703033652396     
  0.84999996423721313        1.8242421226094312       0.65242208170564686        2.0115392656936590       0.66998529426194364        2.0640553481025274       0.67656894841196891     
  0.85999995470046997        1.7422403482663598       0.62309496133198972        1.9332161774394976       0.64389814884727437        1.9879667222664172       0.65162814359519272     
  0.87000000476837158        1.6626340910420725       0.59462457387005963        1.8567851008985630       0.61844117757141071        1.9135814048321251       0.62724565984054204     
  0.87999999523162842        1.5854013755238765       0.56700306003170653        1.7822436116964764       0.59361357294567529        1.8409068772882582       0.60342394947706168     
  0.88999998569488525        1.5105064785310607       0.54021764377605763        1.7095908525262351       0.56941504942601151        1.7699320065780866       0.58015936324191053     
  0.89999997615814209        1.4379380500511107       0.51426426588383289        1.6388171190814780       0.54584237478987840        1.7006594467395482       0.55745277109221347     
  0.90999996662139893        1.3676577330638433       0.48912920834762280        1.5699014360914960       0.52288856278393447        1.6330848461959753       0.53530274664100219     
  0.91999995708465576        1.2996411907346321       0.46480376734017192        1.5028455544497632       0.50055419657993316        1.5672069337898289       0.51370887322032277     
  0.93000000715255737        1.2338616204006787       0.44127835715525948        1.4376256207024494       0.47883133128534489        1.5030075783384014       0.49266520767790972     
  0.93999999761581421        1.1702843603682123       0.41854058138227757        1.3742323307738538       0.45771686798283689        1.4404829013155442       0.47217047868624790     
  0.94999998807907104        1.1088625378455821       0.39657367643270391        1.3126484923839039       0.43720508042335177        1.3796213316167727       0.45222089339646704     
  0.95999997854232788        1.0495731647621949       0.37536942085134795        1.2528605736738738       0.41729146153784819        1.3204149093147850       0.43281384265390088     
  0.96999996900558472       0.99236822395915181       0.35491064177810477        1.1948390295953957       0.39796617072899831        1.2628399497745195       0.41394156296099971     
  0.97999995946884155       0.93721378987290327       0.33518520607202951        1.1385675049117796       0.37922376054257817        1.2068857115365392       0.39560053341512791     
  0.98999994993209839       0.88407468081008023       0.31618053134981738        1.0840234722167439       0.36105672775397635        1.1525353565626080       0.37778523473898823     
   1.0000000000000000       0.83290749949569276       0.29788109700697252        1.0311875922979807       0.34345863103337687        1.0997751585143269       0.36049116762768363     
