 Z Q2 pt2 MULT-RATIO STAT SYS fuu fuua DIS chi2
  0.40000000596046448        2.0000000000000000        9.9999995529651692E-005   0.0000000000000000        0.0000000000000000        0.0000000000000000        3.3625499941960955E-005   1.2886791727780439E-005  0.95899999141693115        0.0000000000000000     
  0.40000000596046448        2.0000000000000000        7.7049370915066029E-003   0.0000000000000000        0.0000000000000000        0.0000000000000000        3.2471786374085154E-005   1.2649262097144320E-005  0.95899999141693115        0.0000000000000000     
  0.40000000596046448        2.0000000000000000        2.7408640681519936E-002   0.0000000000000000        0.0000000000000000        0.0000000000000000        2.9643508756689708E-005   1.2023153826899133E-005  0.95899999141693115        0.0000000000000000     
  0.40000000596046448        2.0000000000000000        5.9211106953356074E-002   0.0000000000000000        0.0000000000000000        0.0000000000000000        2.5547597139526744E-005   1.1064686146575207E-005  0.95899999141693115        0.0000000000000000     
  0.40000000596046448        2.0000000000000000       0.10311232764514955        0.0000000000000000        0.0000000000000000        0.0000000000000000        2.0715648572364503E-005   9.8477183809064743E-006  0.95899999141693115        0.0000000000000000     
  0.40000000596046448        2.0000000000000000       0.15911234335428404        0.0000000000000000        0.0000000000000000        0.0000000000000000        1.5710631992118934E-005   8.4581785975169543E-006  0.95899999141693115        0.0000000000000000     
  0.40000000596046448        2.0000000000000000       0.22721107550197317        0.0000000000000000        0.0000000000000000        0.0000000000000000        1.1016053603475478E-005   6.9871890851130915E-006  0.95899999141693115        0.0000000000000000     
  0.40000000596046448        2.0000000000000000       0.30740862846256789        0.0000000000000000        0.0000000000000000        0.0000000000000000        6.9713303731166123E-006   5.5210016083816613E-006  0.95899999141693115        0.0000000000000000     
  0.40000000596046448        2.0000000000000000       0.39970487931805110        0.0000000000000000        0.0000000000000000        0.0000000000000000        3.7467164121358648E-006   4.1340978197706092E-006  0.95899999141693115        0.0000000000000000     
  0.40000000596046448        2.0000000000000000       0.50409996953010605        0.0000000000000000        0.0000000000000000        0.0000000000000000        1.3622678836050129E-006   2.8834984857192905E-006  0.95899999141693115        0.0000000000000000     
  0.40000000596046448        3.0000000000000000        9.9999995529651692E-005   0.0000000000000000        0.0000000000000000        0.0000000000000000        1.5956498567556673E-005   7.9837969745860180E-006  0.95200002193450928        0.0000000000000000     
  0.40000000596046448        3.0000000000000000        7.7049370915066029E-003   0.0000000000000000        0.0000000000000000        0.0000000000000000        1.5457801037768612E-005   7.8051930289580069E-006  0.95200002193450928        0.0000000000000000     
  0.40000000596046448        3.0000000000000000        2.7408640681519936E-002   0.0000000000000000        0.0000000000000000        0.0000000000000000        1.4179037487272693E-005   7.3662829797703547E-006  0.95200002193450928        0.0000000000000000     
  0.40000000596046448        3.0000000000000000        5.9211106953356074E-002   0.0000000000000000        0.0000000000000000        0.0000000000000000        1.2321341423229276E-005   6.7076768247652603E-006  0.95200002193450928        0.0000000000000000     
  0.40000000596046448        3.0000000000000000       0.10311232764514955        0.0000000000000000        0.0000000000000000        0.0000000000000000        1.0120175483795268E-005   5.8827568821779505E-006  0.95200002193450928        0.0000000000000000     
  0.40000000596046448        3.0000000000000000       0.15911234335428404        0.0000000000000000        0.0000000000000000        0.0000000000000000        7.8242208913744157E-006   4.9575373130661928E-006  0.95200002193450928        0.0000000000000000     
  0.40000000596046448        3.0000000000000000       0.22721107550197317        0.0000000000000000        0.0000000000000000        0.0000000000000000        5.6500455528713642E-006   3.9994175238709078E-006  0.95200002193450928        0.0000000000000000     
  0.40000000596046448        3.0000000000000000       0.30740862846256789        0.0000000000000000        0.0000000000000000        0.0000000000000000        3.7515890390986001E-006   3.0690412769788008E-006  0.95200002193450928        0.0000000000000000     
  0.40000000596046448        3.0000000000000000       0.39970487931805110        0.0000000000000000        0.0000000000000000        0.0000000000000000        2.2099063772104326E-006   2.2152757558708761E-006  0.95200002193450928        0.0000000000000000     
  0.40000000596046448        3.0000000000000000       0.50409996953010605        0.0000000000000000        0.0000000000000000        0.0000000000000000        1.0399810948020356E-006   1.4712912889043287E-006  0.95200002193450928        0.0000000000000000     
  0.40000000596046448        4.0000000000000000        9.9999995529651692E-005   0.0000000000000000        0.0000000000000000        0.0000000000000000        8.6427782395170205E-006   4.9429773080319418E-006  0.94900000095367432        0.0000000000000000     
  0.40000000596046448        4.0000000000000000        7.7049370915066029E-003   0.0000000000000000        0.0000000000000000        0.0000000000000000        8.3558556228791330E-006   4.8382308678864699E-006  0.94900000095367432        0.0000000000000000     
  0.40000000596046448        4.0000000000000000        2.7408640681519936E-002   0.0000000000000000        0.0000000000000000        0.0000000000000000        7.6890042132399106E-006   4.5519859151599601E-006  0.94900000095367432        0.0000000000000000     
  0.40000000596046448        4.0000000000000000        5.9211106953356074E-002   0.0000000000000000        0.0000000000000000        0.0000000000000000        6.7242421224301259E-006   4.1230480573183568E-006  0.94900000095367432        0.0000000000000000     
  0.40000000596046448        4.0000000000000000       0.10311232764514955        0.0000000000000000        0.0000000000000000        0.0000000000000000        5.5762166614154005E-006   3.5902619864782409E-006  0.94900000095367432        0.0000000000000000     
  0.40000000596046448        4.0000000000000000       0.15911234335428404        0.0000000000000000        0.0000000000000000        0.0000000000000000        4.3719277186587752E-006   2.9987370350352319E-006  0.94900000095367432        0.0000000000000000     
  0.40000000596046448        4.0000000000000000       0.22721107550197317        0.0000000000000000        0.0000000000000000        0.0000000000000000        3.2224990133333856E-006   2.3936424215793323E-006  0.94900000095367432        0.0000000000000000     
  0.40000000596046448        4.0000000000000000       0.30740862846256789        0.0000000000000000        0.0000000000000000        0.0000000000000000        2.2084561301970978E-006   1.8143876285892725E-006  0.94900000095367432        0.0000000000000000     
  0.40000000596046448        4.0000000000000000       0.39970487931805110        0.0000000000000000        0.0000000000000000        0.0000000000000000        1.3733695304224283E-006   1.2915332744717968E-006  0.94900000095367432        0.0000000000000000     
  0.40000000596046448        4.0000000000000000       0.50409996953010605        0.0000000000000000        0.0000000000000000        0.0000000000000000        7.2772127675559207E-007   8.4393323066291851E-007  0.94900000095367432        0.0000000000000000     
  0.40000000596046448        5.0000000000000000        9.9999995529651692E-005   0.0000000000000000        0.0000000000000000        0.0000000000000000        5.1969692684672364E-006   3.2461618385073772E-006  0.94599997997283936        0.0000000000000000     
  0.40000000596046448        5.0000000000000000        7.7049370915066029E-003   0.0000000000000000        0.0000000000000000        0.0000000000000000        5.0401683313996598E-006   3.1712303627574732E-006  0.94599997997283936        0.0000000000000000     
  0.40000000596046448        5.0000000000000000        2.7408640681519936E-002   0.0000000000000000        0.0000000000000000        0.0000000000000000        4.6545828326094756E-006   2.9808053573069882E-006  0.94599997997283936        0.0000000000000000     
  0.40000000596046448        5.0000000000000000        5.9211106953356074E-002   0.0000000000000000        0.0000000000000000        0.0000000000000000        4.0910937203706334E-006   2.6925078217192791E-006  0.94599997997283936        0.0000000000000000     
  0.40000000596046448        5.0000000000000000       0.10311232764514955        0.0000000000000000        0.0000000000000000        0.0000000000000000        3.4183495889902038E-006   2.3363976818082407E-006  0.94599997997283936        0.0000000000000000     
  0.40000000596046448        5.0000000000000000       0.15911234335428404        0.0000000000000000        0.0000000000000000        0.0000000000000000        2.7091334093058551E-006   1.9433998134167660E-006  0.94599997997283936        0.0000000000000000     
  0.40000000596046448        5.0000000000000000       0.22721107550197317        0.0000000000000000        0.0000000000000000        0.0000000000000000        2.0279516556406512E-006   1.5444609537463505E-006  0.94599997997283936        0.0000000000000000     
  0.40000000596046448        5.0000000000000000       0.30740862846256789        0.0000000000000000        0.0000000000000000        0.0000000000000000        1.4217733127535587E-006   1.1656746209298264E-006  0.94599997997283936        0.0000000000000000     
  0.40000000596046448        5.0000000000000000       0.39970487931805110        0.0000000000000000        0.0000000000000000        0.0000000000000000        9.1698944873767667E-007   8.2684749420629433E-007  0.94599997997283936        0.0000000000000000     
  0.40000000596046448        5.0000000000000000       0.50409996953010605        0.0000000000000000        0.0000000000000000        0.0000000000000000        5.2103064230967085E-007   5.3952063779790735E-007  0.94599997997283936        0.0000000000000000     
  0.40000000596046448        6.0000000000000000        9.9999995529651692E-005   0.0000000000000000        0.0000000000000000        0.0000000000000000        3.4278440020236040E-006   2.2801280597373149E-006  0.94499999284744263        0.0000000000000000     
  0.40000000596046448        6.0000000000000000        7.7049370915066029E-003   0.0000000000000000        0.0000000000000000        0.0000000000000000        3.3408056160691224E-006   2.2239066745221385E-006  0.94499999284744263        0.0000000000000000     
  0.40000000596046448        6.0000000000000000        2.7408640681519936E-002   0.0000000000000000        0.0000000000000000        0.0000000000000000        3.0921373127325753E-006   2.0862332995699077E-006  0.94499999284744263        0.0000000000000000     
  0.40000000596046448        6.0000000000000000        5.9211106953356074E-002   0.0000000000000000        0.0000000000000000        0.0000000000000000        2.7294275282443715E-006   1.8827347608021361E-006  0.94499999284744263        0.0000000000000000     
  0.40000000596046448        6.0000000000000000       0.10311232764514955        0.0000000000000000        0.0000000000000000        0.0000000000000000        2.2944803796310636E-006   1.6312734453739791E-006  0.94499999284744263        0.0000000000000000     
  0.40000000596046448        6.0000000000000000       0.15911234335428404        0.0000000000000000        0.0000000000000000        0.0000000000000000        1.8341975629010487E-006   1.3546507554755106E-006  0.94499999284744263        0.0000000000000000     
  0.40000000596046448        6.0000000000000000       0.22721107550197317        0.0000000000000000        0.0000000000000000        0.0000000000000000        1.3896536886759602E-006   1.0751100928560152E-006  0.94499999284744263        0.0000000000000000     
  0.40000000596046448        6.0000000000000000       0.30740862846256789        0.0000000000000000        0.0000000000000000        0.0000000000000000        9.9127220327896459E-007   8.1116044699073086E-007  0.94499999284744263        0.0000000000000000     
  0.40000000596046448        6.0000000000000000       0.39970487931805110        0.0000000000000000        0.0000000000000000        0.0000000000000000        6.5653737469482465E-007   5.7618389120070847E-007  0.94499999284744263        0.0000000000000000     
  0.40000000596046448        6.0000000000000000       0.50409996953010605        0.0000000000000000        0.0000000000000000        0.0000000000000000        3.9097544778430653E-007   3.7796286333595332E-007  0.94499999284744263        0.0000000000000000     
  0.40000000596046448        7.0000000000000000        9.9999995529651692E-005   0.0000000000000000        0.0000000000000000        0.0000000000000000        2.4665274656316261E-006   1.7160938808665450E-006  0.94400000572204590        0.0000000000000000     
  0.40000000596046448        7.0000000000000000        7.7049370915066029E-003   0.0000000000000000        0.0000000000000000        0.0000000000000000        2.4081555125883568E-006   1.6664817121204631E-006  0.94400000572204590        0.0000000000000000     
  0.40000000596046448        7.0000000000000000        2.7408640681519936E-002   0.0000000000000000        0.0000000000000000        0.0000000000000000        2.2337545280475032E-006   1.5635014639116847E-006  0.94400000572204590        0.0000000000000000     
  0.40000000596046448        7.0000000000000000        5.9211106953356074E-002   0.0000000000000000        0.0000000000000000        0.0000000000000000        1.9787953683684044E-006   1.4109282814133420E-006  0.94400000572204590        0.0000000000000000     
  0.40000000596046448        7.0000000000000000       0.10311232764514955        0.0000000000000000        0.0000000000000000        0.0000000000000000        1.6719660410717293E-006   1.2218393761320872E-006  0.94400000572204590        0.0000000000000000     
  0.40000000596046448        7.0000000000000000       0.15911234335428404        0.0000000000000000        0.0000000000000000        0.0000000000000000        1.3461711535800465E-006   1.0144725463299576E-006  0.94400000572204590        0.0000000000000000     
  0.40000000596046448        7.0000000000000000       0.22721107550197317        0.0000000000000000        0.0000000000000000        0.0000000000000000        1.0300421977374175E-006   8.0547662074322605E-007  0.94400000572204590        0.0000000000000000     
  0.40000000596046448        7.0000000000000000       0.30740862846256789        0.0000000000000000        0.0000000000000000        0.0000000000000000        7.4503726886266446E-007   6.0870252313941605E-007  0.94400000572204590        0.0000000000000000     
  0.40000000596046448        7.0000000000000000       0.39970487931805110        0.0000000000000000        0.0000000000000000        0.0000000000000000        5.0375866744533651E-007   4.3396005044704025E-007  0.94400000572204590        0.0000000000000000     
  0.40000000596046448        7.0000000000000000       0.50409996953010605        0.0000000000000000        0.0000000000000000        0.0000000000000000        3.1048724883533917E-007   2.8696547269923853E-007  0.94400000572204590        0.0000000000000000     
  0.40000000596046448        8.0000000000000000        9.9999995529651692E-005   0.0000000000000000        0.0000000000000000        0.0000000000000000        1.9311433439498875E-006   1.3691147621041202E-006  0.94300001859664917        0.0000000000000000     
  0.40000000596046448        8.0000000000000000        7.7049370915066029E-003   0.0000000000000000        0.0000000000000000        0.0000000000000000        1.8732204208775317E-006   1.3359352314454491E-006  0.94300001859664917        0.0000000000000000     
  0.40000000596046448        8.0000000000000000        2.7408640681519936E-002   0.0000000000000000        0.0000000000000000        0.0000000000000000        1.7404920649143334E-006   1.2529230468957878E-006  0.94300001859664917        0.0000000000000000     
  0.40000000596046448        8.0000000000000000        5.9211106953356074E-002   0.0000000000000000        0.0000000000000000        0.0000000000000000        1.5465189622210406E-006   1.1299066081034958E-006  0.94300001859664917        0.0000000000000000     
  0.40000000596046448        8.0000000000000000       0.10311232764514955        0.0000000000000000        0.0000000000000000        0.0000000000000000        1.3124515243401261E-006   9.7864340157366940E-007  0.94300001859664917        0.0000000000000000     
  0.40000000596046448        8.0000000000000000       0.15911234335428404        0.0000000000000000        0.0000000000000000        0.0000000000000000        1.0631436685034898E-006   8.1304759197701369E-007  0.94300001859664917        0.0000000000000000     
  0.40000000596046448        8.0000000000000000       0.22721107550197317        0.0000000000000000        0.0000000000000000        0.0000000000000000        8.2026790171905128E-007   6.4639383984665322E-007  0.94300001859664917        0.0000000000000000     
  0.40000000596046448        8.0000000000000000       0.30740862846256789        0.0000000000000000        0.0000000000000000        0.0000000000000000        6.0019682427572437E-007   4.8974848911724701E-007  0.94300001859664917        0.0000000000000000     
  0.40000000596046448        8.0000000000000000       0.39970487931805110        0.0000000000000000        0.0000000000000000        0.0000000000000000        4.1266357379482028E-007   3.5086234654606387E-007  0.94300001859664917        0.0000000000000000     
  0.40000000596046448        8.0000000000000000       0.50409996953010605        0.0000000000000000        0.0000000000000000        0.0000000000000000        2.6120320274635271E-007   2.3410389286260040E-007  0.94300001859664917        0.0000000000000000     
  0.40000000596046448        9.0000000000000000        9.9999995529651692E-005   0.0000000000000000        0.0000000000000000        0.0000000000000000        1.6108682107493220E-006   1.1618450203435719E-006  0.94199997186660767        0.0000000000000000     
  0.40000000596046448        9.0000000000000000        7.7049370915066029E-003   0.0000000000000000        0.0000000000000000        0.0000000000000000        1.5568922614047145E-006   1.1340683424803342E-006  0.94199997186660767        0.0000000000000000     
  0.40000000596046448        9.0000000000000000        2.7408640681519936E-002   0.0000000000000000        0.0000000000000000        0.0000000000000000        1.4488604493236708E-006   1.0642528676543515E-006  0.94199997186660767        0.0000000000000000     
  0.40000000596046448        9.0000000000000000        5.9211106953356074E-002   0.0000000000000000        0.0000000000000000        0.0000000000000000        1.2905863131361542E-006   9.6062830059291006E-007  0.94199997186660767        0.0000000000000000     
  0.40000000596046448        9.0000000000000000       0.10311232764514955        0.0000000000000000        0.0000000000000000        0.0000000000000000        1.0994460460507739E-006   8.3255248815965364E-007  0.94199997186660767        0.0000000000000000     
  0.40000000596046448        9.0000000000000000       0.15911234335428404        0.0000000000000000        0.0000000000000000        0.0000000000000000        8.9529241546750971E-007   6.9240228925766305E-007  0.94199997186660767        0.0000000000000000     
  0.40000000596046448        9.0000000000000000       0.22721107550197317        0.0000000000000000        0.0000000000000000        0.0000000000000000        6.9574881742994738E-007   5.5147376300658192E-007  0.94199997186660767        0.0000000000000000     
  0.40000000596046448        9.0000000000000000       0.30740862846256789        0.0000000000000000        0.0000000000000000        0.0000000000000000        5.1406541537065197E-007   4.1910817523570317E-007  0.94199997186660767        0.0000000000000000     
  0.40000000596046448        9.0000000000000000       0.39970487931805110        0.0000000000000000        0.0000000000000000        0.0000000000000000        3.5839641176102092E-007   3.0183137711960673E-007  0.94199997186660767        0.0000000000000000     
  0.40000000596046448        9.0000000000000000       0.50409996953010605        0.0000000000000000        0.0000000000000000        0.0000000000000000        2.3178616918368760E-007   2.0322616210318616E-007  0.94199997186660767        0.0000000000000000     
  0.40000000596046448        10.000000000000000        9.9999995529651692E-005   0.0000000000000000        0.0000000000000000        0.0000000000000000        1.4139324814238753E-006   1.0368491540183357E-006  0.94099998474121094        0.0000000000000000     
  0.40000000596046448        10.000000000000000        7.7049370915066029E-003   0.0000000000000000        0.0000000000000000        0.0000000000000000        1.3660777162736804E-006   1.0133988227371745E-006  0.94099998474121094        0.0000000000000000     
  0.40000000596046448        10.000000000000000        2.7408640681519936E-002   0.0000000000000000        0.0000000000000000        0.0000000000000000        1.2735323281594560E-006   9.5148108456547031E-007  0.94099998474121094        0.0000000000000000     
  0.40000000596046448        10.000000000000000        5.9211106953356074E-002   0.0000000000000000        0.0000000000000000        0.0000000000000000        1.1372421452842011E-006   8.5890960559736634E-007  0.94099998474121094        0.0000000000000000     
  0.40000000596046448        10.000000000000000       0.10311232764514955        0.0000000000000000        0.0000000000000000        0.0000000000000000        9.7197891968304382E-007   7.4492816576749428E-007  0.94099998474121094        0.0000000000000000     
  0.40000000596046448        10.000000000000000       0.15911234335428404        0.0000000000000000        0.0000000000000000        0.0000000000000000        7.9519629787947064E-007   6.2038165657312862E-007  0.94099998474121094        0.0000000000000000     
  0.40000000596046448        10.000000000000000       0.22721107550197317        0.0000000000000000        0.0000000000000000        0.0000000000000000        6.2181946417283793E-007   4.9511638417691031E-007  0.94099998474121094        0.0000000000000000     
  0.40000000596046448        10.000000000000000       0.30740862846256789        0.0000000000000000        0.0000000000000000        0.0000000000000000        4.6333525046914121E-007   3.7757076011938719E-007  0.94099998474121094        0.0000000000000000     
  0.40000000596046448        10.000000000000000       0.39970487931805110        0.0000000000000000        0.0000000000000000        0.0000000000000000        3.2687191470887321E-007   2.7335227193602993E-007  0.94099998474121094        0.0000000000000000     
  0.40000000596046448        10.000000000000000       0.50409996953010605        0.0000000000000000        0.0000000000000000        0.0000000000000000        2.1519045591122695E-007   1.8567644323646290E-007  0.94099998474121094        0.0000000000000000     
