 gamma g3f pt DY-RATIO error R_dy tmp element 
   1.9393939393939394        0.0000000000000000       0.25000000000000000       0.87600000000000000        4.8000000000000001E-002  0.97936230363725629        4.6370511342015472      W
   1.9393939393939394        5.0505050505050509E-003  0.25000000000000000       0.87600000000000000        4.8000000000000001E-002  0.97874524863719137        4.5818516135061955      W
   1.9393939393939394        1.0101010101010102E-002  0.25000000000000000       0.87600000000000000        4.8000000000000001E-002  0.97812942177939510        4.5270914900145760      W
   1.9393939393939394        1.5151515151515152E-002  0.25000000000000000       0.87600000000000000        4.8000000000000001E-002  0.97751481902038129        4.4727684378215127      W
   1.9393939393939394        2.0202020202020204E-002  0.25000000000000000       0.87600000000000000        4.8000000000000001E-002  0.97690143633527105        4.4188801451912996      W
   1.9393939393939394        2.5252525252525252E-002  0.25000000000000000       0.87600000000000000        4.8000000000000001E-002  0.97628926971767682        4.3654243144552645      W
   1.9393939393939394        3.0303030303030304E-002  0.25000000000000000       0.87600000000000000        4.8000000000000001E-002  0.97567831517959824        4.3123986619111649      W
   1.9393939393939394        3.5353535353535352E-002  0.25000000000000000       0.87600000000000000        4.8000000000000001E-002  0.97506856875131098        4.2598009177227558      W
   1.9393939393939394        4.0404040404040407E-002  0.25000000000000000       0.87600000000000000        4.8000000000000001E-002  0.97446002648125973        4.2076288258204722      W
   1.9393939393939394        4.5454545454545456E-002  0.25000000000000000       0.87600000000000000        4.8000000000000001E-002  0.97385268443595208        4.1558801438029587      W
   1.9393939393939394        5.0505050505050504E-002  0.25000000000000000       0.87600000000000000        4.8000000000000001E-002  0.97324653869985223        4.1045526428393471      W
   1.9393939393939394        5.5555555555555552E-002  0.25000000000000000       0.87600000000000000        4.8000000000000001E-002  0.97264158537527534        4.0536441075723237      W
   1.9393939393939394        6.0606060606060608E-002  0.25000000000000000       0.87600000000000000        4.8000000000000001E-002  0.97203782058228339        4.0031523360220724      W
   1.9393939393939394        6.5656565656565663E-002  0.25000000000000000       0.87600000000000000        4.8000000000000001E-002  0.97143524045858110        3.9530751394909691      W
   1.9393939393939394        7.0707070707070704E-002  0.25000000000000000       0.87600000000000000        4.8000000000000001E-002  0.97083384115941407        3.9034103424691744      W
   1.9393939393939394        7.5757575757575760E-002  0.25000000000000000       0.87600000000000000        4.8000000000000001E-002  0.97023361885746440        3.8541557825407420      W
   1.9393939393939394        8.0808080808080815E-002  0.25000000000000000       0.87600000000000000        4.8000000000000001E-002  0.96963456974275131        3.8053093102908671      W
   1.9393939393939394        8.5858585858585856E-002  0.25000000000000000       0.87600000000000000        4.8000000000000001E-002  0.96903669002252901        3.7568687892136063      W
   1.9393939393939394        9.0909090909090912E-002  0.25000000000000000       0.87600000000000000        4.8000000000000001E-002  0.96843997592118691        3.7088320956204930      W
   1.9393939393939394        9.5959595959595953E-002  0.25000000000000000       0.87600000000000000        4.8000000000000001E-002  0.96784442368014967        3.6611971185498424      W
   1.9393939393939394       0.10101010101010101       0.25000000000000000       0.87600000000000000        4.8000000000000001E-002  0.96725002955778050        3.6139617596770028      W
   1.9393939393939394       0.10606060606060606       0.25000000000000000       0.87600000000000000        4.8000000000000001E-002  0.96665678982928027        3.5671239332249542      W
   1.9393939393939394       0.11111111111111110       0.25000000000000000       0.87600000000000000        4.8000000000000001E-002  0.96606470078659212        3.5206815658760280      W
   1.9393939393939394       0.11616161616161616       0.25000000000000000       0.87600000000000000        4.8000000000000001E-002  0.96547375873830499        3.4746325966842049      W
   1.9393939393939394       0.12121212121212122       0.25000000000000000       0.87600000000000000        4.8000000000000001E-002  0.96488396000955667        3.4289749769880511      W
   1.9393939393939394       0.12626262626262627       0.25000000000000000       0.87600000000000000        4.8000000000000001E-002  0.96429530094193783        3.3837066703243779      W
   1.9393939393939394       0.13131313131313133       0.25000000000000000       0.87600000000000000        4.8000000000000001E-002  0.96370777789339956        3.3388256523428423      W
   1.9393939393939394       0.13636363636363635       0.25000000000000000       0.87600000000000000        4.8000000000000001E-002  0.96312138723815854        3.2943299107209958      W
   1.9393939393939394       0.14141414141414141       0.25000000000000000       0.87600000000000000        4.8000000000000001E-002  0.96253612536660338        3.2502174450800765      W
   1.9393939393939394       0.14646464646464646       0.25000000000000000       0.87600000000000000        4.8000000000000001E-002  0.96195198868520149        3.2064862669014778      W
   1.9393939393939394       0.15151515151515152       0.25000000000000000       0.87600000000000000        4.8000000000000001E-002  0.96136897361640883        3.1631343994440564      W
   1.9393939393939394       0.15656565656565657       0.25000000000000000       0.87600000000000000        4.8000000000000001E-002  0.96078707659857621        3.1201598776618176      W
   1.9393939393939394       0.16161616161616163       0.25000000000000000       0.87600000000000000        4.8000000000000001E-002  0.96020629408586167        3.0775607481226657      W
   1.9393939393939394       0.16666666666666666       0.25000000000000000       0.87600000000000000        4.8000000000000001E-002  0.95962662254813702        3.0353350689273344      W
   1.9393939393939394       0.17171717171717171       0.25000000000000000       0.87600000000000000        4.8000000000000001E-002  0.95904805847090080        2.9934809096294086      W
   1.9393939393939394       0.17676767676767677       0.25000000000000000       0.87600000000000000        4.8000000000000001E-002  0.95847059835518855        2.9519963511557417      W
   1.9393939393939394       0.18181818181818182       0.25000000000000000       0.87600000000000000        4.8000000000000001E-002  0.95789423871748514        2.9108794857276221      W
   1.9393939393939394       0.18686868686868688       0.25000000000000000       0.87600000000000000        4.8000000000000001E-002  0.95731897608963545        2.8701284167824230      W
   1.9393939393939394       0.19191919191919191       0.25000000000000000       0.87600000000000000        4.8000000000000001E-002  0.95674480701876041        2.8297412588962065      W
   1.9393939393939394       0.19696969696969696       0.25000000000000000       0.87600000000000000        4.8000000000000001E-002  0.95617172806716733        2.7897161377065212      W
   1.9393939393939394       0.20202020202020202       0.25000000000000000       0.87600000000000000        4.8000000000000001E-002  0.95559973581226698        2.7500511898362405      W
   1.9393939393939394       0.20707070707070707       0.25000000000000000       0.87600000000000000        4.8000000000000001E-002  0.95502882684648582        2.7107445628176379      W
   1.9393939393939394       0.21212121212121213       0.25000000000000000       0.87600000000000000        4.8000000000000001E-002  0.95445899777718357        2.6717944150174029      W
   1.9393939393939394       0.21717171717171718       0.25000000000000000       0.87600000000000000        4.8000000000000001E-002  0.95389024522656762        2.6331989155619966      W
   1.9393939393939394       0.22222222222222221       0.25000000000000000       0.87600000000000000        4.8000000000000001E-002  0.95332256583161068        2.5949562442637877      W
   1.9393939393939394       0.22727272727272727       0.25000000000000000       0.87600000000000000        4.8000000000000001E-002  0.95275595624396670        2.5570645915476256      W
   1.9393939393939394       0.23232323232323232       0.25000000000000000       0.87600000000000000        4.8000000000000001E-002  0.95219041312989006        2.5195221583781784      W
   1.9393939393939394       0.23737373737373738       0.25000000000000000       0.87600000000000000        4.8000000000000001E-002  0.95162593317015221        2.4823271561876421      W
   1.9393939393939394       0.24242424242424243       0.25000000000000000       0.87600000000000000        4.8000000000000001E-002  0.95106251305996181        2.4454778068042260      W
   1.9393939393939394       0.24747474747474749       0.25000000000000000       0.87600000000000000        4.8000000000000001E-002  0.95050014950888329        2.4089723423810598      W
   1.9393939393939394       0.25252525252525254       0.25000000000000000       0.87600000000000000        4.8000000000000001E-002  0.94993883924075651        2.3728090053257089      W
   1.9393939393939394       0.25757575757575757       0.25000000000000000       0.87600000000000000        4.8000000000000001E-002  0.94937857899361944        2.3369860482304023      W
   1.9393939393939394       0.26262626262626265       0.25000000000000000       0.87600000000000000        4.8000000000000001E-002  0.94881936551962476        2.3015017338023935      W
   1.9393939393939394       0.26767676767676768       0.25000000000000000       0.87600000000000000        4.8000000000000001E-002  0.94826119558496669        2.2663543347954902      W
   1.9393939393939394       0.27272727272727271       0.25000000000000000       0.87600000000000000        4.8000000000000001E-002  0.94770406596979806        2.2315421339414723      W
   1.9393939393939394       0.27777777777777779       0.25000000000000000       0.87600000000000000        4.8000000000000001E-002  0.94714797346815682        2.1970634238826157      W
   1.9393939393939394       0.28282828282828282       0.25000000000000000       0.87600000000000000        4.8000000000000001E-002  0.94659291488788666        2.1629165071043444      W
   1.9393939393939394       0.28787878787878790       0.25000000000000000       0.87600000000000000        4.8000000000000001E-002  0.94603888705056238        2.1290996958686783      W
   1.9393939393939394       0.29292929292929293       0.25000000000000000       0.87600000000000000        4.8000000000000001E-002  0.94548588679141232        2.0956113121479900      W
   1.9393939393939394       0.29797979797979796       0.25000000000000000       0.87600000000000000        4.8000000000000001E-002  0.94493391095924439        2.0624496875594769      W
   1.9393939393939394       0.30303030303030304       0.25000000000000000       0.87600000000000000        4.8000000000000001E-002  0.94438295641637082        2.0296131633000307      W
   1.9393939393939394       0.30808080808080807       0.25000000000000000       0.87600000000000000        4.8000000000000001E-002  0.94383302003853375        1.9971000900816502      W
   1.9393939393939394       0.31313131313131315       0.25000000000000000       0.87600000000000000        4.8000000000000001E-002  0.94328409871483077        1.9649088280673137      W
   1.9393939393939394       0.31818181818181818       0.25000000000000000       0.87600000000000000        4.8000000000000001E-002  0.94273618934764281        1.9330377468074793      W
   1.9393939393939394       0.32323232323232326       0.25000000000000000       0.87600000000000000        4.8000000000000001E-002  0.94218928885256037        1.9014852251769410      W
   1.9393939393939394       0.32828282828282829       0.25000000000000000       0.87600000000000000        4.8000000000000001E-002  0.94164339415831211        1.8702496513122933      W
   1.9393939393939394       0.33333333333333331       0.25000000000000000       0.87600000000000000        4.8000000000000001E-002  0.94109850220669167        1.8393294225497570      W
   1.9393939393939394       0.33838383838383840       0.25000000000000000       0.87600000000000000        4.8000000000000001E-002  0.94055460995248741        1.8087229453636224      W
   1.9393939393939394       0.34343434343434343       0.25000000000000000       0.87600000000000000        4.8000000000000001E-002  0.94001171436341024        1.7784286353050440      W
   1.9393939393939394       0.34848484848484851       0.25000000000000000       0.87600000000000000        4.8000000000000001E-002  0.93946981242002470        1.7484449169414589      W
   1.9393939393939394       0.35353535353535354       0.25000000000000000       0.87600000000000000        4.8000000000000001E-002  0.93892890111567862        1.7187702237963789      W
   1.9393939393939394       0.35858585858585856       0.25000000000000000       0.87600000000000000        4.8000000000000001E-002  0.93838897745643202        1.6894029982895757      W
   1.9393939393939394       0.36363636363636365       0.25000000000000000       0.87600000000000000        4.8000000000000001E-002  0.93785003846099058        1.6603416916779572      W
   1.9393939393939394       0.36868686868686867       0.25000000000000000       0.87600000000000000        4.8000000000000001E-002  0.93731208116063491        1.6315847639966503      W
   1.9393939393939394       0.37373737373737376       0.25000000000000000       0.87600000000000000        4.8000000000000001E-002  0.93677510259915342        1.6031306840007051      W
   1.9393939393939394       0.37878787878787878       0.25000000000000000       0.87600000000000000        4.8000000000000001E-002  0.93623909983277454        1.5749779291071948      W
   1.9393939393939394       0.38383838383838381       0.25000000000000000       0.87600000000000000        4.8000000000000001E-002  0.93570406993009980        1.5471249853377809      W
   1.9393939393939394       0.38888888888888890       0.25000000000000000       0.87600000000000000        4.8000000000000001E-002  0.93517000997203514        1.5195703472616051      W
   1.9393939393939394       0.39393939393939392       0.25000000000000000       0.87600000000000000        4.8000000000000001E-002  0.93463691705172802        1.4923125179389030      W
   1.9393939393939394       0.39898989898989901       0.25000000000000000       0.87600000000000000        4.8000000000000001E-002  0.93410478827449805        1.4653500088646902      W
   1.9393939393939394       0.40404040404040403       0.25000000000000000       0.87600000000000000        4.8000000000000001E-002  0.93357362075777450        1.4386813399132130      W
   1.9393939393939394       0.40909090909090912       0.25000000000000000       0.87600000000000000        4.8000000000000001E-002  0.93304341163102700        1.4123050392824592      W
   1.9393939393939394       0.41414141414141414       0.25000000000000000       0.87600000000000000        4.8000000000000001E-002  0.93251415803570670        1.3862196434395970      W
   1.9393939393939394       0.41919191919191917       0.25000000000000000       0.87600000000000000        4.8000000000000001E-002  0.93198585712517734        1.3604236970663066      W
   1.9393939393939394       0.42424242424242425       0.25000000000000000       0.87600000000000000        4.8000000000000001E-002  0.93145850606465308        1.3349157530048446      W
   1.9393939393939394       0.42929292929292928       0.25000000000000000       0.87600000000000000        4.8000000000000001E-002  0.93093210203113586        1.3096943722044789      W
   1.9393939393939394       0.43434343434343436       0.25000000000000000       0.87600000000000000        4.8000000000000001E-002  0.93040664221335079        1.2847581236682135      W
   1.9393939393939394       0.43939393939393939       0.25000000000000000       0.87600000000000000        4.8000000000000001E-002  0.92988212381168467        1.2601055844000502      W
   1.9393939393939394       0.44444444444444442       0.25000000000000000       0.87600000000000000        4.8000000000000001E-002  0.92935854403812568        1.2357353393526898      W
   1.9393939393939394       0.44949494949494950       0.25000000000000000       0.87600000000000000        4.8000000000000001E-002  0.92883590011619643        1.2116459813752978      W
   1.9393939393939394       0.45454545454545453       0.25000000000000000       0.87600000000000000        4.8000000000000001E-002  0.92831418928089859        1.1878361111621896      W
   1.9393939393939394       0.45959595959595961       0.25000000000000000       0.87600000000000000        4.8000000000000001E-002  0.92779340877864824        1.1643043372014568      W
   1.9393939393939394       0.46464646464646464       0.25000000000000000       0.87600000000000000        4.8000000000000001E-002  0.92727355586721560        1.1410492757241664      W
   1.9393939393939394       0.46969696969696972       0.25000000000000000       0.87600000000000000        4.8000000000000001E-002  0.92675462781566698        1.1180695506540259      W
   1.9393939393939394       0.47474747474747475       0.25000000000000000       0.87600000000000000        4.8000000000000001E-002  0.92623662190430212        1.0953637935572078      W
   1.9393939393939394       0.47979797979797978       0.25000000000000000       0.87600000000000000        4.8000000000000001E-002  0.92571953542459839        1.0729306435928361      W
   1.9393939393939394       0.48484848484848486       0.25000000000000000       0.87600000000000000        4.8000000000000001E-002  0.92520336567914763        1.0507687474635079      W
   1.9393939393939394       0.48989898989898989       0.25000000000000000       0.87600000000000000        4.8000000000000001E-002  0.92468810998160123        1.0288767593665349      W
   1.9393939393939394       0.49494949494949497       0.25000000000000000       0.87600000000000000        4.8000000000000001E-002  0.92417376565660936        1.0072533409452755      W
   1.9393939393939394       0.50000000000000000       0.25000000000000000       0.87600000000000000        4.8000000000000001E-002  0.92366033003976422       0.98589716124099469      W
