 gamma g3f pt DY-RATIO error R_dy tmp element 
   1.9393939393939394        0.0000000000000000        1.2500000000000000        1.0460000000000000        4.7000000000000000E-002  0.98278370666849268        1.8090990233477506      W
   1.9393939393939394        5.0505050505050509E-003   1.2500000000000000        1.0460000000000000        4.7000000000000000E-002  0.98282080501318703        1.8069763147042730      W
   1.9393939393939394        1.0101010101010102E-002   1.2500000000000000        1.0460000000000000        4.7000000000000000E-002  0.98285717075636059        1.8048967337670483      W
   1.9393939393939394        1.5151515151515152E-002   1.2500000000000000        1.0460000000000000        4.7000000000000000E-002  0.98289280609927843        1.8028600824007583      W
   1.9393939393939394        2.0202020202020204E-002   1.2500000000000000        1.0460000000000000        4.7000000000000000E-002  0.98292771323956207        1.8008661644141777      W
   1.9393939393939394        2.5252525252525252E-002   1.2500000000000000        1.0460000000000000        4.7000000000000000E-002  0.98277567464752535        1.8095587669875839      W
   1.9393939393939394        3.0303030303030304E-002   1.2500000000000000        1.0460000000000000        4.7000000000000000E-002  0.98280921192882076        1.8076395188124463      W
   1.9393939393939394        3.5353535353535352E-002   1.2500000000000000        1.0460000000000000        4.7000000000000000E-002  0.98284202753794547        1.8057625556892907      W
   1.9393939393939394        4.0404040404040407E-002   1.2500000000000000        1.0460000000000000        4.7000000000000000E-002  0.98287412365775051        1.8039276885364324      W
   1.9393939393939394        4.5454545454545456E-002   1.2500000000000000        1.0460000000000000        4.7000000000000000E-002  0.98290550246733077        1.8021347301493926      W
   1.9393939393939394        5.0505050505050504E-002   1.2500000000000000        1.0460000000000000        4.7000000000000000E-002  0.98293616614200796        1.8003834951871562      W
   1.9393939393939394        5.5555555555555552E-002   1.2500000000000000        1.0460000000000000        4.7000000000000000E-002  0.98296611685330604        1.7986738001589289      W
   1.9393939393939394        6.0606060606060608E-002   1.2500000000000000        1.0460000000000000        4.7000000000000000E-002  0.98299535676893357        1.7970054634105797      W
   1.9393939393939394        6.5656565656565663E-002   1.2500000000000000        1.0460000000000000        4.7000000000000000E-002  0.98302388805276320        1.7953783051113206      W
   1.9393939393939394        7.0707070707070704E-002   1.2500000000000000        1.0460000000000000        4.7000000000000000E-002  0.98275540754615920        1.8107190921921330      W
   1.9393939393939394        7.5757575757575760E-002   1.2500000000000000        1.0460000000000000        4.7000000000000000E-002  0.98278265340827342        1.8091593074234897      W
   1.9393939393939394        8.0808080808080815E-002   1.2500000000000000        1.0460000000000000        4.7000000000000000E-002  0.98280919704445524        1.8076403703786734      W
   1.9393939393939394        8.5858585858585856E-002   1.2500000000000000        1.0460000000000000        4.7000000000000000E-002  0.98283504060308535        1.8061621075662657      W
   1.9393939393939394        9.0909090909090912E-002   1.2500000000000000        1.0460000000000000        4.7000000000000000E-002  0.98286018622861526        1.8047243472544821      W
   1.9393939393939394        9.5959595959595953E-002   1.2500000000000000        1.0460000000000000        4.7000000000000000E-002  0.98308016365226236        1.7921710303422778      W
   1.9393939393939394       0.10101010101010101        1.2500000000000000        1.0460000000000000        4.7000000000000000E-002  0.98310390360688460        1.7908188961032454      W
   1.9393939393939394       0.10606060606060606        1.2500000000000000        1.0460000000000000        4.7000000000000000E-002  0.98312695190975563        1.7895066438018044      W
   1.9393939393939394       0.11111111111111110        1.2500000000000000        1.0460000000000000        4.7000000000000000E-002  0.98314931068989542        1.7882341089883655      W
   1.9393939393939394       0.11616161616161616        1.2500000000000000        1.0460000000000000        4.7000000000000000E-002  0.98317098207230957        1.7870011289081258      W
   1.9393939393939394       0.12121212121212122        1.2500000000000000        1.0460000000000000        4.7000000000000000E-002  0.98301213241430141        1.7960486478014956      W
   1.9393939393939394       0.12626262626262627        1.2500000000000000        1.0460000000000000        4.7000000000000000E-002  0.98303251031786698        1.7948867165547908      W
   1.9393939393939394       0.13131313131313133        1.2500000000000000        1.0460000000000000        4.7000000000000000E-002  0.98305220714643893        1.7937639769736713      W
   1.9393939393939394       0.13636363636363635        1.2500000000000000        1.0460000000000000        4.7000000000000000E-002  0.98307122499986499        1.7926802729821738      W
   1.9393939393939394       0.14141414141414141        1.2500000000000000        1.0460000000000000        4.7000000000000000E-002  0.98308956598286967        1.7916354496259455      W
   1.9393939393939394       0.14646464646464646        1.2500000000000000        1.0460000000000000        4.7000000000000000E-002  0.98310723219607010        1.7906293535713202      W
   1.9393939393939394       0.15151515151515152        1.2500000000000000        1.0460000000000000        4.7000000000000000E-002  0.98312422573596636        1.7896618330926752      W
   1.9393939393939394       0.15656565656565657        1.2500000000000000        1.0460000000000000        4.7000000000000000E-002  0.98314054869492451        1.7887327380602818      W
   1.9393939393939394       0.16161616161616163        1.2500000000000000        1.0460000000000000        4.7000000000000000E-002  0.98315620316116337        1.7878419199280120      W
   1.9393939393939394       0.16666666666666666        1.2500000000000000        1.0460000000000000        4.7000000000000000E-002  0.98317119121874497        1.7869892317209213      W
   1.9393939393939394       0.17171717171717171        1.2500000000000000        1.0460000000000000        4.7000000000000000E-002  0.98290043108769665        1.8024244440554664      W
   1.9393939393939394       0.17676767676767677        1.2500000000000000        1.0460000000000000        4.7000000000000000E-002  0.98291420973497701        1.8016373623189110      W
   1.9393939393939394       0.18181818181818182        1.2500000000000000        1.0460000000000000        4.7000000000000000E-002  0.98292732814350192        1.8008881553270664      W
   1.9393939393939394       0.18686868686868688        1.2500000000000000        1.0460000000000000        4.7000000000000000E-002  0.98293978838061269        1.8001766815219173      W
   1.9393939393939394       0.19191919191919191        1.2500000000000000        1.0460000000000000        4.7000000000000000E-002  0.98295159247244390        1.7995028029700306      W
   1.9393939393939394       0.19696969696969696        1.2500000000000000        1.0460000000000000        4.7000000000000000E-002  0.98296274255187310        1.7988663769042261      W
   1.9393939393939394       0.20202020202020202        1.2500000000000000        1.0460000000000000        4.7000000000000000E-002  0.98297324063654812        1.7982672683831935      W
   1.9393939393939394       0.20707070707070707        1.2500000000000000        1.0460000000000000        4.7000000000000000E-002  0.98298308877686524        1.7977053418308975      W
   1.9393939393939394       0.21212121212121213        1.2500000000000000        1.0460000000000000        4.7000000000000000E-002  0.98299228901895963        1.7971804631373112      W
   1.9393939393939394       0.21717171717171718        1.2500000000000000        1.0460000000000000        4.7000000000000000E-002  0.98300084340469318        1.7966924996468971      W
   1.9393939393939394       0.22222222222222221        1.2500000000000000        1.0460000000000000        4.7000000000000000E-002  0.98283627911383342        1.8060912793959081      W
   1.9393939393939394       0.22727272727272727        1.2500000000000000        1.0460000000000000        4.7000000000000000E-002  0.98284361776342999        1.8056716239075334      W
   1.9393939393939394       0.23232323232323232        1.2500000000000000        1.0460000000000000        4.7000000000000000E-002  0.98285031662278699        1.8052885969408141      W
   1.9393939393939394       0.23737373737373738        1.2500000000000000        1.0460000000000000        4.7000000000000000E-002  0.98285637771660550        1.8049420711036668      W
   1.9393939393939394       0.24242424242424243        1.2500000000000000        1.0460000000000000        4.7000000000000000E-002  0.98286180306526483        1.8046319204026289      W
   1.9393939393939394       0.24747474747474749        1.2500000000000000        1.0460000000000000        4.7000000000000000E-002  0.98286659468481719        1.8043580202313982      W
   1.9393939393939394       0.25252525252525254        1.2500000000000000        1.0460000000000000        4.7000000000000000E-002  0.98276559799562146        1.8101356255551637      W
   1.9393939393939394       0.25757575757575757        1.2500000000000000        1.0460000000000000        4.7000000000000000E-002  0.98276917039920952        1.8099311054794960      W
   1.9393939393939394       0.26262626262626265        1.2500000000000000        1.0460000000000000        4.7000000000000000E-002  0.98277211507556550        1.8097625314701389      W
   1.9393939393939394       0.26767676767676768        1.2500000000000000        1.0460000000000000        4.7000000000000000E-002  0.98277443402336540        1.8096297840949662      W
   1.9393939393939394       0.27272727272727271        1.2500000000000000        1.0460000000000000        4.7000000000000000E-002  0.98277612923691848        1.8095327452543410      W
   1.9393939393939394       0.27777777777777779        1.2500000000000000        1.0460000000000000        4.7000000000000000E-002  0.98277720270616264        1.8094712981700558      W
   1.9393939393939394       0.28282828282828282        1.2500000000000000        1.0460000000000000        4.7000000000000000E-002  0.98277765641665382        1.8094453273746849      W
   1.9393939393939394       0.28787878787878790        1.2500000000000000        1.0460000000000000        4.7000000000000000E-002  0.98260977583883413        1.8190676863752204      W
   1.9393939393939394       0.29292929292929293        1.2500000000000000        1.0460000000000000        4.7000000000000000E-002  0.98260906266934800        1.8191086173194453      W
   1.9393939393939394       0.29797979797979796        1.2500000000000000        1.0460000000000000        4.7000000000000000E-002  0.98260773563968518        1.8191847807732213      W
   1.9393939393939394       0.30303030303030304        1.2500000000000000        1.0460000000000000        4.7000000000000000E-002  0.98291668616769590        1.8014959185445794      W
   1.9393939393939394       0.30808080808080807        1.2500000000000000        1.0460000000000000        4.7000000000000000E-002  0.98291410414913871        1.8016433930763798      W
   1.9393939393939394       0.31313131313131315        1.2500000000000000        1.0460000000000000        4.7000000000000000E-002  0.98291091398481933        1.8018256107880803      W
   1.9393939393939394       0.31818181818181818        1.2500000000000000        1.0460000000000000        4.7000000000000000E-002  0.98290711763014815        1.8020424652494191      W
   1.9393939393939394       0.32323232323232326        1.2500000000000000        1.0460000000000000        4.7000000000000000E-002  0.98290271703610776        1.8022938512564466      W
   1.9393939393939394       0.32828282828282829        1.2500000000000000        1.0460000000000000        4.7000000000000000E-002  0.98289771414924787        1.8025796648212034      W
   1.9393939393939394       0.33333333333333331        1.2500000000000000        1.0460000000000000        4.7000000000000000E-002  0.98289211091167994        1.8028998031614809      W
   1.9393939393939394       0.33838383838383840        1.2500000000000000        1.0460000000000000        4.7000000000000000E-002  0.98262078353197635        1.8184359801270280      W
   1.9393939393939394       0.34343434343434343        1.2500000000000000        1.0460000000000000        4.7000000000000000E-002  0.98261408923982163        1.8188201371196473      W
   1.9393939393939394       0.34848484848484851        1.2500000000000000        1.0460000000000000        4.7000000000000000E-002  0.98260680035085612        1.8192384616370396      W
   1.9393939393939394       0.35353535353535354        1.2500000000000000        1.0460000000000000        4.7000000000000000E-002  0.98259891878633188        1.8196908551662048      W
   1.9393939393939394       0.35858585858585856        1.2500000000000000        1.0460000000000000        4.7000000000000000E-002  0.98259044646614291        1.8201772201734241      W
   1.9393939393939394       0.36363636363636365        1.2500000000000000        1.0460000000000000        4.7000000000000000E-002  0.98258138530572414        1.8206974602720811      W
   1.9393939393939394       0.36868686868686867        1.2500000000000000        1.0460000000000000        4.7000000000000000E-002  0.98257173721604341        1.8212514802130642      W
   1.9393939393939394       0.37373737373737376        1.2500000000000000        1.0460000000000000        4.7000000000000000E-002  0.98256150410360243        1.8218391858747198      W
   1.9393939393939394       0.37878787878787878        1.2500000000000000        1.0460000000000000        4.7000000000000000E-002  0.98255068787043254        1.8224604842531833      W
   1.9393939393939394       0.38383838383838381        1.2500000000000000        1.0460000000000000        4.7000000000000000E-002  0.98253929041409216        1.8231152834526667      W
   1.9393939393939394       0.38888888888888890        1.2500000000000000        1.0460000000000000        4.7000000000000000E-002  0.98252731362766377        1.8238034926758544      W
   1.9393939393939394       0.39393939393939392        1.2500000000000000        1.0460000000000000        4.7000000000000000E-002  0.98235495221228031        1.8337220950208821      W
   1.9393939393939394       0.39898989898989901        1.2500000000000000        1.0460000000000000        4.7000000000000000E-002  0.98234188403199263        1.8344752053400997      W
   1.9393939393939394       0.40404040404040403        1.2500000000000000        1.0460000000000000        4.7000000000000000E-002  0.98232824214534220        1.8352615429163341      W
   1.9393939393939394       0.40909090909090912        1.2500000000000000        1.0460000000000000        4.7000000000000000E-002  0.98231402842750759        1.8360810208838008      W
   1.9393939393939394       0.41414141414141414        1.2500000000000000        1.0460000000000000        4.7000000000000000E-002  0.98229924474918284        1.8369335534289337      W
   1.9393939393939394       0.41919191919191917        1.2500000000000000        1.0460000000000000        4.7000000000000000E-002  0.98228389297657370        1.8378190557812217      W
   1.9393939393939394       0.42424242424242425        1.2500000000000000        1.0460000000000000        4.7000000000000000E-002  0.98226797497139917        1.8387374442038062      W
   1.9393939393939394       0.42929292929292928        1.2500000000000000        1.0460000000000000        4.7000000000000000E-002  0.98215430676973892        1.8453021928712587      W
   1.9393939393939394       0.43434343434343436        1.2500000000000000        1.0460000000000000        4.7000000000000000E-002  0.98213729895587087        1.8462854615897764      W
   1.9393939393939394       0.43939393939393939        1.2500000000000000        1.0460000000000000        4.7000000000000000E-002  0.98211973045053502        1.8473014204220495      W
   1.9393939393939394       0.44444444444444442        1.2500000000000000        1.0460000000000000        4.7000000000000000E-002  0.98210160309749883        1.8483499894565758      W
   1.9393939393939394       0.44949494949494950        1.2500000000000000        1.0460000000000000        4.7000000000000000E-002  0.98208291873603848        1.8494310897708766      W
   1.9393939393939394       0.45454545454545453        1.2500000000000000        1.0460000000000000        4.7000000000000000E-002  0.98206367920093618        1.8505446434227282      W
   1.9393939393939394       0.45959595959595961        1.2500000000000000        1.0460000000000000        4.7000000000000000E-002  0.98204388632248241        1.8516905734411764      W
   1.9393939393939394       0.46464646464646464        1.2500000000000000        1.0460000000000000        4.7000000000000000E-002  0.98186888482777757        1.8618379054924687      W
   1.9393939393939394       0.46969696969696972        1.2500000000000000        1.0460000000000000        4.7000000000000000E-002  0.98184804915534263        1.8630478936963968      W
   1.9393939393939394       0.47474747474747475        1.2500000000000000        1.0460000000000000        4.7000000000000000E-002  0.98182666557671172        1.8642901091005895      W
   1.9393939393939394       0.47979797979797978        1.2500000000000000        1.0460000000000000        4.7000000000000000E-002  0.98180473590422213        1.8655644781922467      W
   1.9393939393939394       0.48484848484848486        1.2500000000000000        1.0460000000000000        4.7000000000000000E-002  0.98178226194572160        1.8668709283874698      W
   1.9393939393939394       0.48989898989898989        1.2500000000000000        1.0460000000000000        4.7000000000000000E-002  0.98175924550456373        1.8682093880230515      W
   1.9393939393939394       0.49494949494949497        1.2500000000000000        1.0460000000000000        4.7000000000000000E-002  0.98173568837961489        1.8695797863476549      W
   1.9393939393939394       0.50000000000000000        1.2500000000000000        1.0460000000000000        4.7000000000000000E-002  0.98171159236525052        1.8709820535136807      W
