 pt up dp u1 d1 u2 d2
   0.0000000000000000        0.0000000000000000        0.0000000000000000        0.0000000000000000        0.0000000000000000        0.0000000000000000        0.0000000000000000     
   9.9999997764825821E-003   1.3418352050402904       0.66304800897616667       0.93906586312898122       0.45524702497324526       0.78088792105385696       0.38511356005916481     
   1.9999999552965164E-002   1.3393675966179235       0.66182867679197810       0.93758550618175662       0.45452936700847063       0.77973105936545339       0.38454302604102303     
   2.9999999329447746E-002   1.3351187792158232       0.65972918655026691       0.93500373049276608       0.45327775543604598       0.77770078486723793       0.38354174760038617     
   3.9999999105930328E-002   1.3294117838164983       0.65690915923056026       0.93153875083962046       0.45159797796715645       0.77497630397343742       0.38219810466772430     
   4.9999997019767761E-002   1.3219400335632381       0.65321710441609249       0.92701889780997038       0.44940681148368050       0.77142807297730975       0.38044820966488369     
   5.9999998658895493E-002   1.3128648193050452       0.64873272159298179       0.92152055006989375       0.44674128337833763       0.76711350492071273       0.37832037720699258     
   7.0000000298023224E-002   1.3022163615286919       0.64347094376754044       0.91506509037756034       0.44361175973664407       0.76204358412271678       0.37582002447378693     
   7.9999998211860657E-002   1.2900313823618168       0.63744991663569561       0.90766848970783631       0.44002598308133362       0.75623416201099658       0.37295496897605074     
   8.9999996125698090E-002   1.2763553957514149       0.63069213024080106       0.89935654617715355       0.43599646000668935       0.74970204654523553       0.36973349996121224     
   9.9999994039535522E-002   1.2612341280558348       0.62322017958613918       0.89015157439932990       0.43153400834983335       0.74246334039079886       0.36616355884393226     
  0.10999999940395355        1.2447221809763096       0.61506104529433092       0.88008385627734109       0.42665330838696491       0.73454223351488013       0.36225707548524833     
  0.11999999731779099        1.2268768330802580       0.60624303072181207       0.86918119837573127       0.42136784038212138       0.72595782592149460       0.35802346950908487     
  0.12999999523162842        1.2077546289703784       0.59679407654721173       0.85747957750788617       0.41569504543065638       0.71673716499899387       0.35347607998208302     
  0.14000000059604645        1.1874256091493600       0.58674879224841592       0.84500834661020330       0.40964915345774705       0.70690313579082675       0.34862619321091598     
  0.14999999105930328        1.1659568994678289       0.57614034707112571       0.83180732761050791       0.40324946962066033       0.69648541617723425       0.34348844555223235     
  0.15999999642372131        1.1434158802924808       0.56500203602639576       0.81791289302513714       0.39651362684643876       0.68551005260763254       0.33807568243569103     
  0.17000000178813934        1.1198790338130227       0.55337165165642077       0.80336557501854688       0.38946127460591184       0.67400894094223507       0.33240363406782580     
  0.17999999225139618        1.0954257797157054       0.54128843802384374       0.78820709430926550       0.38211263856560163       0.66201075657103070       0.32648644240323355     
  0.18999999761581421        1.0701262707264172       0.52878706005998422       0.77247822374119846       0.37448748487463168       0.64954911811920168       0.32034068727120724     
  0.19999998807907104        1.0440633371470021       0.51590844713270534       0.75622452080890301       0.36660789921908327       0.63665469616405979       0.31398149460070451     
  0.20999999344348907        1.0173199201552185       0.50269358339756587       0.73948571856531398       0.35849314367082147       0.62336371079395492       0.30742672719481684     
  0.21999999880790710       0.98997026301309965       0.48917915506378318       0.72231004007798827       0.35016659615135504       0.60970420807655179       0.30069021664278039     
  0.22999998927116394       0.96209833162566405       0.47540665264072735       0.70474291823945667       0.34165028194130936       0.59571709311740095       0.29379213627600254     
  0.23999999463558197       0.93378452394705780       0.46141580358764217       0.68682584671352953       0.33296431663400611       0.58143131370469092       0.28674676238876962     
  0.25000000000000000       0.90511298211407964       0.44724818549622208       0.66860851659518983       0.32413278983172639       0.56688407637080107       0.27957244427264455     
  0.25999999046325684       0.87615414520179757       0.43293860479299601       0.65013255806934156       0.31517588331145791       0.55210841087721996       0.27228547134470260     
  0.26999998092651367       0.84699000940010871       0.41852757868175350       0.63144328645812486       0.30611556535721596       0.53713824445515612       0.26490257563068170     
  0.28000000119209290       0.81769653638649709       0.40405264250127898       0.61258752633105318       0.29697453591668593       0.52201125652843416       0.25744233963987528     
  0.28999999165534973       0.78835028137754770       0.38955162487891959       0.59360693544782317       0.28777299013476065       0.50675674137491578       0.24991921054624083     
  0.29999998211860657       0.75901848351469881       0.37505775104135780       0.57454140457842540       0.27853026654249974       0.49140997907756651       0.24235058756672581     
  0.31000000238418579       0.72977282332216009       0.36060644085884241       0.55543828457952615       0.26926932022481709       0.47600217195758998       0.23475185887250927     
  0.31999999284744263       0.70068180340431141       0.34623154387956934       0.53633542841769422       0.26000850181194379       0.46056713091313378       0.22713969911689719     
  0.32999998331069946       0.67180546336491898       0.33196272778522423       0.51726956094781917       0.25076561504011069       0.44513189565468164       0.21952744358000639     
  0.34000000357627869       0.64320751022678957       0.31783147245833704       0.49828337945583095       0.24156135900312747       0.42973090306074185       0.21193207563233399     
  0.34999999403953552       0.61494602477220806       0.30386647765794622       0.47941224482631428       0.23241287620200474       0.41438836742824231       0.20436553713370748     
  0.35999998450279236       0.58706872300932145       0.29009132154333594       0.46068786263096440       0.22333553708918447       0.39913750445882873       0.19684420920203838     
  0.37000000476837158       0.55963467531999844       0.27653519286953487       0.44214694279707267       0.21434713816419082       0.38400007905146843       0.18937882571795131     
  0.37999999523162842       0.53268475810313298       0.26321829010413234       0.42381850470524202       0.20546174764865247       0.36900349056337711       0.18198289932995326     
  0.38999998569488525       0.50626261834250197       0.25016218075823832       0.40573542026482218       0.19669530142047076       0.35417181112294244       0.17466830178405496     
  0.39999997615814209       0.48024970299185332       0.23730828359849332       0.38792155410254298       0.18805936874304660       0.33952887205353188       0.16744678606751071     
  0.40999999642372131       0.45500086202766371       0.22483194248940835       0.37040594460615262       0.17956802705242697       0.32509393439162410       0.16032785122125628     
  0.41999998688697815       0.43038472733633465       0.21266824382174307       0.35321031892089505       0.17123180938854224       0.31088817110184253       0.15332193919933340     
  0.42999997735023499       0.40643446433667152       0.20083357579639077       0.33635966345429069       0.16306282883965909       0.29693013255464651       0.14643819856072904     
  0.43999999761581421       0.38317078769284058       0.18933817425809665       0.31987034795768848       0.15506902125020966       0.28323693367812552       0.13968506994168442     
  0.44999998807907104       0.36061647259402041       0.17819329322954675       0.30376351379625116       0.14726063568149186       0.26982436527879350       0.13307034095620734     
  0.45999997854232788       0.33878525894433625       0.16740572208103027       0.28805482180063952       0.13964526430232704       0.25670904130229361       0.12660220516906057     
  0.46999999880790710       0.31769571877429842       0.15698463790657952       0.27275613050042774       0.13222865597498440       0.24389891212201509       0.12028458349708351     
  0.47999998927116394       0.29735364923349222       0.14693290528187067       0.25788162740826964       0.12501768862270798       0.23140788947576288       0.11412433684659642     
  0.48999997973442078       0.27777094605450309       0.13725640230711808       0.24344436170776820       0.11801868832149193       0.21924591629354995       0.10812636881140759     
  0.50000000000000000       0.25894716155138958       0.12795490776493920       0.22944775505572931       0.11123331384644707       0.20742156151341593       0.10229490536831264     
  0.50999999046325684       0.24088963959276130       0.11903205051932661       0.21590143761581415       0.10466623377677403       0.19594213854576098        9.6633553300614780E-002
  0.51999998092651367       0.22358968412576541       0.11048353354445437       0.20281060905093207        9.8319968842022820E-002  0.18481569693439123        9.1146282433417519E-002
  0.52999997138977051       0.20704910493260803       0.10231025111741728       0.19018127642473390        9.2197431189214404E-002  0.17404252826530750        8.5833236569333088E-002
  0.53999996185302734       0.19125718202592393        9.4506906115101874E-002  0.17801059214155376        8.6297240340678150E-002  0.16362824024794090        8.0697181284424963E-002
  0.55000001192092896       0.17620948704352984        8.7071310327869925E-002  0.16630147418962679        8.0620810899494869E-002  0.15357499675349084        7.5739183743543187E-002
  0.56000000238418579       0.16189132684352930        7.9996203357094689E-002  0.15505317376236480        7.5167779853883371E-002  0.14388400328779338        7.0959838470731049E-002
  0.56999999284744263       0.14829547825744452        7.3278015980967282E-002  0.14426568270663476        6.9938143251309884E-002  0.13455396752650112        6.6358508125319307E-002
  0.57999998331069946       0.13540108424610514        6.6906442002241606E-002  0.13393090624359227        6.4927976847340141E-002  0.12558634812780115        6.1935912079489626E-002
  0.58999997377395630       0.12319769426753323        6.0876317440255019E-002  0.12404651532253744        6.0136151548218733E-002  0.11697983669027771        5.7691405063781828E-002
  0.59999996423721313       0.11166424628498169        5.5177234801242411E-002  0.11460676921021221        5.5559884320465602E-002  0.10872762162097677        5.3621627778171609E-002
  0.61000001430511475       0.10078628296547182        4.9802050208064191E-002  0.10560703488217298        5.1196929133554864E-002  0.10082786777272336        4.9725675175925979E-002
  0.62000000476837158        9.0540777368781772E-002   4.4739385238981424E-002   9.7035409522138988E-002   4.7041515655592329E-002   9.3276123921110649E-002   4.6001352029238572E-002
  0.62999999523162842        8.0911338826891929E-002   3.9981140687954948E-002   8.8885541114818556E-002   4.3090564511448243E-002   8.6067068669881591E-002   4.2446033964237358E-002
  0.63999998569488525        7.1874446589926450E-002   3.5515694124513296E-002   8.1148193884239370E-002   3.9339598315989460E-002   7.9196565043531245E-002   3.9057680732479901E-002
  0.64999997615814209        6.3410122890314127E-002   3.1333173830458902E-002   7.3815498368995897E-002   3.5784802055771489E-002   7.2654430080032875E-002   3.5831270362627815E-002
  0.65999996662139893        5.5493981142974727E-002   2.7421529535667177E-002   6.6872883559348006E-002   3.2419111893106853E-002   6.6435405763444949E-002   3.2764209738327950E-002
  0.66999995708465576        4.8107567601625496E-002   2.3771642594506492E-002   6.0311418383324322E-002   2.9238198159434022E-002   6.0531928760467958E-002   2.9852768820820046E-002
  0.68000000715255737        4.1224893763809223E-002   2.0370671173087083E-002   5.4119649296547764E-002   2.6236508324086239E-002   5.4935950266839208E-002   2.7092978149724126E-002
  0.68999999761581421        3.4827309262965248E-002   1.7209399468776743E-002   4.8287841326904155E-002   2.3409322998075872E-002   4.9639159260266609E-002   2.4480738945565888E-002
  0.69999998807907104        2.8889985940427822E-002   1.4275559014398444E-002   4.2799946621351503E-002   2.0748862389120545E-002   4.4632825985284647E-002   2.2011745920588605E-002
  0.70999997854232788        2.3392126629894202E-002   1.1558873197997513E-002   3.7645674367973343E-002   1.8250137644261769E-002   3.9907989904402690E-002   1.9681579971358967E-002
  0.71999996900558472        1.8309431791174838E-002   9.0473347613941150E-003   3.2812591478264770E-002   1.5907121362466987E-002   3.5457132928358670E-002   1.7486533372296199E-002
  0.72999995946884155        1.3623808568058303E-002   6.7320033874444692E-003   2.8290035115314152E-002   1.3714644337855618E-002   3.1267582657303020E-002   1.5420356426242733E-002
  0.74000000953674316        9.3105773078872214E-003   4.6006839910180744E-003   2.4061661583682389E-002   1.1664783357565069E-002   2.7331528386452048E-002   1.3479197097272974E-002
  0.75000000000000000        5.3508055310210207E-003   2.6440213674790653E-003   2.0116852913222408E-002   9.7523909665439435E-003   2.3639460915328789E-002   1.1658365695675623E-002
  0.75999999046325684        1.7286695470598637E-003   8.5419647438849647E-004   1.6443089839077354E-002   7.9713979865750784E-003   2.0180831813333182E-002   9.9526600105419773E-003
  0.76999998092651367       -1.5843457933214340E-003  -7.8288102730170433E-004   1.3029802231721385E-002   6.3166801551236404E-003   1.6948015899443399E-002   8.3583195014279316E-003
  0.77999997138977051       -4.6028316746846874E-003  -2.2744211555102787E-003   9.8611013962436548E-003   4.7805348377175771E-003   1.3933025392302329E-002   6.8714048028592992E-003
  0.78999996185302734       -7.3435314800302911E-003  -3.6286974051644022E-003   6.9267656753526571E-003   3.3580067066690590E-003   1.1118794531193832E-002   5.4834995266614039E-003
  0.79999995231628418       -9.8275182107672669E-003  -4.8561226880543627E-003   4.2149581127769514E-003   2.0433573581675490E-003   8.5050874652758714E-003   4.1944873573490455E-003
  0.81000000238418579       -1.2070180700861216E-002  -5.9643011687476781E-003   1.7158031635715484E-003   8.3179925532906045E-004   6.0770321075896807E-003   2.9970337694419360E-003
  0.81999999284744263       -1.4083573531926807E-002  -6.9591894403553947E-003  -5.8545660563824652E-004  -2.8382181530875678E-004   3.8271152514510816E-003   1.8874334453194814E-003
  0.82999998331069946       -1.5891899772410286E-002  -7.8527470909730973E-003  -2.6981098741751825E-003  -1.3080088857414724E-003   1.7464182156608043E-003   8.6128792397970825E-004
  0.83999997377395630       -1.7505778627021986E-002  -8.6502214434565697E-003  -4.6328577995068130E-003  -2.2459497391610437E-003  -1.7378082815266703E-004  -8.5704172897928794E-005
  0.84999996423721313       -1.8937789217085936E-002  -9.3578282844517559E-003  -6.3983702838587165E-003  -3.1018474324029616E-003  -1.9405319677777257E-003  -9.5701976477101435E-004
  0.85999995470046997       -2.0204642897640897E-002  -9.9838252827425169E-003  -8.0080769052526639E-003  -3.8822124517718577E-003  -3.5650361953615092E-003  -1.7581828888870094E-003
  0.87000000476837158       -2.1317489662621415E-002  -1.0533722042824724E-002  -9.4699383382365939E-003  -4.5909040296677629E-003  -5.0538704177594028E-003  -2.4924371042061326E-003
  0.87999999523162842       -2.2286794910382844E-002  -1.1012689886420013E-002  -1.0793234753380674E-002  -5.2324210731526819E-003  -6.4148024101185318E-003  -3.1636132748766995E-003
  0.88999998569488525       -2.3124561794620184E-002  -1.1426659994294066E-002  -1.1985243553493457E-002  -5.8102915732953777E-003  -7.6553667399062520E-003  -3.7754272531006316E-003
  0.89999997615814209       -2.3845065609445090E-002  -1.1782686291774466E-002  -1.3180171705357910E-002  -6.3895773375339960E-003  -8.7813965730154011E-003  -4.3307558041893171E-003
  0.90999996662139893       -2.4454184396752742E-002  -1.2083673326275642E-002  -1.4139888115552956E-002  -6.8548354815192213E-003  -9.8027478752075077E-003  -4.8344596334500296E-003
  0.91999995708465576       -2.4964526069201652E-002  -1.2335851111255328E-002  -1.4994514297798425E-002  -7.2691472377097105E-003  -1.0724675102536859E-002  -5.2891301015923851E-003
  0.93000000715255737       -2.5383321894727553E-002  -1.2542792870749631E-002  -1.5750306725093435E-002  -7.6355456635633645E-003  -1.1553624657759750E-002  -5.6979464063580234E-003
  0.93999999761581421       -2.5717219234543325E-002  -1.2707783299928811E-002  -1.6416642349080392E-002  -7.9585765843584039E-003  -1.2294337934558796E-002  -6.0632468794735508E-003
  0.94999998807907104       -2.5974503666688353E-002  -1.2834916594564014E-002  -1.6999058047245979E-002  -8.2409242069246703E-003  -1.2955516603598966E-002  -6.3893229580042586E-003
  0.95999997854232788       -2.6165815404558451E-002  -1.2929450458642175E-002  -1.7503891993918500E-002  -8.4856611964712805E-003  -1.3541354955056454E-002  -6.6782431564937983E-003
  0.96999996900558472       -2.6293643981967242E-002  -1.2992615058455021E-002  -1.7935972183691345E-002  -8.6951281025395566E-003  -1.4057155324457492E-002  -6.9326224485589090E-003
  0.97999995946884155       -2.6367259267163618E-002  -1.3028990962214515E-002  -1.8303273451089608E-002  -8.8731910221039011E-003  -1.4510210861226570E-002  -7.1560576253179653E-003
  0.98999994993209839       -2.6390745059287981E-002  -1.3040596118830496E-002  -1.8609954434647750E-002  -9.0218660095169306E-003  -1.4900875917997601E-002  -7.3487234442497591E-003
   1.0000000000000000       -2.6367757274555630E-002  -1.3029237045197354E-002  -1.8861009265711985E-002  -9.1435741552761025E-003  -1.5234560602112644E-002  -7.5132880292203370E-003
