 Z Q2 pt2 MULT-RATIO STAT SYS fuu fuua DIS chi2
  0.34999999999999998        1.6470800000000001        5.9999999999999998E-002  0.80500000000000005        2.0000000000000000E-002   2.8000000000000001E-002   2.9747595423605970E-005   2.7720880383811173E-005   1.0106866434258415        11.564888537002727     
  0.34999999999999998        1.6515000000000000        9.2499999999999999E-002  0.78000000000000003        1.2999999999999999E-002   2.7000000000000000E-002   2.5088706589099274E-005   2.3314168112131564E-005   1.0111052501390607        21.535100139349446     
  0.34999999999999998        1.6326600000000000       0.14249999999999999       0.81599999999999995        8.9999999999999993E-003   2.9000000000000001E-002   1.9696234958420981E-005   1.8186647930287997E-005   1.0107748466628537        10.313342907904273     
  0.34999999999999998        1.6364799999999999       0.22000000000000000       0.81999999999999995        7.0000000000000001E-003   2.9000000000000001E-002   1.2378704927109777E-005   1.1189355723782049E-005   1.0108199024098574        6.1934686499150837     
  0.45000000000000001        1.6495299999999999        5.9999999999999998E-002  0.79300000000000004        3.6999999999999998E-002   2.8000000000000001E-002   1.5269612543330415E-005   1.4109845134690146E-005   1.0103017003829076        6.8707294571252193     
  0.45000000000000001        1.6386799999999999        9.2499999999999999E-002  0.74800000000000000        2.1999999999999999E-002   2.5999999999999999E-002   1.3372364656899893E-005   1.2349994272452034E-005   1.0109866669251211        23.615024701086561     
  0.45000000000000001        1.6516500000000001       0.14249999999999999       0.79300000000000004        1.7000000000000001E-002   2.8000000000000001E-002   1.0372035666636147E-005   9.5394416448369545E-006   1.0109666696375352        12.703250740702211     
  0.45000000000000001        1.6415400000000000       0.22000000000000000       0.77200000000000002        1.2000000000000000E-002   2.7000000000000000E-002   7.1427532284192142E-006   6.4932490858054648E-006   1.0112291955524977        18.467619143848339     
  0.55000000000000004        1.6720600000000001        5.9999999999999998E-002  0.79700000000000004        6.7000000000000004E-002   2.8000000000000001E-002   8.0576106164732146E-006   7.2639196675462341E-006   1.0092673692131207        1.7557978714467957     
  0.55000000000000004        1.6452599999999999        9.2499999999999999E-002  0.70399999999999996        3.5999999999999997E-002   2.5000000000000001E-002   7.3848003750478813E-006   6.6695657197866898E-006   1.0107117002074366        18.708519230045123     
  0.55000000000000004        1.6415599999999999       0.14249999999999999       0.74399999999999999        2.5999999999999999E-002   2.5999999999999999E-002   6.0578551099742765E-006   5.4693764481680308E-006   1.0110412029921036        16.420232885520072     
  0.55000000000000004        1.6588799999999999       0.22000000000000000       0.77900000000000003        1.9000000000000000E-002   2.7000000000000000E-002   4.2246889924325868E-006   3.7930540987096199E-006   1.0105652118218340        10.988936165768557     
  0.64999999999999991        1.6932900000000000        5.9999999999999998E-002  0.70699999999999996        9.6000000000000002E-002   2.5000000000000001E-002   4.1365960484198128E-006   3.5976119659399869E-006   1.0058921600722930        2.5241963624382882     
  0.64999999999999991        1.6674199999999999        9.2499999999999999E-002  0.70799999999999996        5.3999999999999999E-002   2.5000000000000001E-002   3.8966505004726553E-006   3.4009652344253550E-006   1.0086599669104417        6.9875232326895667     
  0.64999999999999991        1.6358999999999999       0.14249999999999999       0.68999999999999995        3.5000000000000003E-002   2.4000000000000000E-002   3.4276493634437034E-006   2.9996324574638962E-006   1.0101782942474489        17.260090980488226     
  0.64999999999999991        1.6489499999999999       0.22000000000000000       0.76400000000000001        2.8000000000000001E-002   2.7000000000000000E-002   2.5261724459585558E-006   2.2083883404025358E-006   1.0094734029201673        6.8763181531172419     
