 kt up dp u1 d1 u2 d2
   0.0000000000000000        0.0000000000000000        0.0000000000000000        0.0000000000000000        0.0000000000000000        0.0000000000000000        0.0000000000000000     
   9.9999997764825821E-003   11.254372194666393        4.0250144673950441        9.5089858144413739        3.1671669391073096        8.8865382565770314        2.9128849906094691     
   1.9999999552965164E-002   11.245754094356069        4.0219322893907501        9.5026881382917843        3.1650693661291389        8.8809578042656838        2.9110557951107050     
   2.9999999329447746E-002   11.232172774601477        4.0170750652335059        9.4929717775120697        3.1618331286133357        8.8724336564841852        2.9082616967325103     
   3.9999999105930328E-002   11.212493479640340        4.0100369607922604        9.4786900758444794        3.1570763086707609        8.8598196859994882        2.9041270107348809     
   4.9999997019767761E-002   11.188281959021273        4.0013779508462815        9.4614039391400357        3.1513187986961371        8.8446704948245713        2.8991613142713963     
   5.9999998658895493E-002   11.158446931733959        3.9907077495778815        9.4398390347060239        3.1441361554888347        8.8256541112049725        2.8929280053245523     
   7.0000000298023224E-002   11.123301409519241        3.9781383025281891        9.4146254718337961        3.1357382501491595        8.8035108400260178        2.8856697456515645     
   7.9999998211860657E-002   11.082888865424515        3.9636851574009482        9.3856209932582182        3.1260777009146539        8.7780305061282000        2.8773176427264757     
   8.9999996125698090E-002   11.037266414460509        3.9473687408126295        9.3528491142111960        3.1151623400259560        8.7492419444630265        2.8678811482497144     
   9.9999994039535522E-002   10.986488168731061        3.9292084054198799        9.3163544329781800        3.1030070218763663        8.7171676608535424        2.8573676393204668     
  0.10999999940395355        10.930634315440660        3.9092328293801839        9.2761838048587055        3.0896273526050182        8.6818570645829176        2.8457933116220473     
  0.11999999731779099        10.869769100588302        3.8874649896371598        9.2323825477099852        3.0750384262736623        8.6433371050325114        2.8331669987909267     
  0.12999999523162842        10.804001850463765        3.8639439856528148        9.1849980014665409        3.0592560104392725        8.6016617578045818        2.8195063932869977     
  0.14000000059604645        10.733394753572519        3.8386920585286415        9.1340854922660739        3.0422985326310892        8.5568666990107172        2.8048231892488515     
  0.14999999105930328        10.658067689568465        3.8117520820325357        9.0797106805354861        3.0241878624298817        8.5090110028010404        2.7891367503702278     
  0.15999999642372131        10.578112788985361        3.7831570057351116        9.0219314972979046        3.0049432949765609        8.4581381500354826        2.7724613290788600     
  0.17000000178813934        10.493645035429324        3.7529479523813811        8.9608140673924996        2.9845868545341303        8.4043122267638264        2.7548179319002495     
  0.17999999225139618        10.404770483438389        3.7211628513238315        8.8964432551115635        2.9631468069330436        8.3475841194478608        2.7362232387165397     
  0.18999999761581421        10.311625492750386        3.6878504702687360        8.8288767403148132        2.9406423636589798        8.2880192019617471        2.7166986781843456     
  0.19999998807907104        10.214316050047728        3.6530487143006889        8.7582038213569700        2.9171032673997810        8.2256851726836171        2.6962664409007120     
  0.20999999344348907        10.112981881526169        3.6168075551062202        8.6844909820158023        2.8925516619704736        8.1606421863891505        2.6749462447735701     
  0.21999999880790710        10.007770899972428        3.5791798922248250        8.6078386980618919        2.8670210129314126        8.0929661803139687        2.6527629809841065     
  0.22999998927116394        9.8987947190992553        3.5402056431926274        8.5283204673157442        2.8405358002715051        8.0227231785314022        2.6297382913152854     
  0.23999999463558197        9.7862094940639732        3.4999406553511321        8.4460275389887141        2.8131264164522705        7.9499973476348549        2.6058997644185653     
  0.25000000000000000        9.6701687430590368        3.4584398329575365        8.3610614473328067        2.7848266795834786        7.8748465490899173        2.5812663664863780     
  0.25999999046325684        9.5508072214852202        3.4157513699429032        8.2735089341450969        2.7556654808378949        7.7973717956313342        2.5558712081035702     
  0.26999998092651367        9.4282846200553401        3.3719323781050603        8.1834621343893872        2.7256735076954417        7.7176317086651762        2.5297335045606046     
  0.28000000119209290        9.3027659868174482        3.3270418852395767        8.0910208370262069        2.6948839969600056        7.6357228354285631        2.5028849027136406     
  0.28999999165534973        9.1743879123962060        3.2811287416271142        7.9962939457059310        2.6633332212738798        7.5517275533231798        2.4753524047416993     
  0.29999998211860657        9.0433261828456608        3.2342558154044725        7.8993672325537023        2.6310497488402742        7.4657262354946825        2.4471623558562565     
  0.31000000238418579        8.9097288744834131        3.1864760645963459        7.8003622465082634        2.5980740640796873        7.3778129374764916        2.4183455861672671     
  0.31999999284744263        8.7737652161627722        3.1378500122217932        7.6993743851795662        2.5644379411647029        7.2880614128434127        2.3889262710819450     
  0.32999998331069946        8.6355979545729031        3.0884358630182391        7.5965088414872000        2.5301764168009817        7.1965725095792630        2.3589374671820429     
  0.34000000357627869        8.4953904851988007        3.0382920537584863        7.4918632909745169        2.4953220238745444        7.1034290883842033        2.3284063350651802     
  0.34999999403953552        8.3533215111924672        2.9874824958504531        7.3855622893115607        2.4599162482607460        7.0087332614073059        2.2973663456890927     
  0.35999998450279236        8.2095270722696032        2.9360558425476815        7.2776997515469724        2.4239903703340588        6.9125674425216062        2.2658445131876115     
  0.37000000476837158        8.0641847755837794        2.8840756132851268        7.1683979288195614        2.3875851083974307        6.8150153406214233        2.2338682761847330     
  0.37999999523162842        7.9174588702091535        2.8316005501132877        7.0577390667025464        2.3507278560620670        6.7161845372150086        2.2014728984188925     
  0.38999998569488525        7.7695114423781595        2.7786886215637909        6.9458602250974337        2.3134642639995793        6.6161519404695168        2.1686835893292731     
  0.39999997615814209        7.6205038552377609        2.7253975375639228        6.8328572339299933        2.2758262503743811        6.5150240189212152        2.1355352478374030     
  0.40999999642372131        7.4706073594723019        2.6717885442205431        6.7188374588535913        2.2378495755666434        6.4128851336706711        2.1020555263515139     
  0.41999998688697815        7.3199572514028759        2.6179100289194910        6.6039020679831983        2.1995679357365319        6.3098168797029679        2.0682711705852364     
  0.42999997735023499        7.1687213891133128        2.5638220244377359        6.4881710456222503        2.1610212941699820        6.2059320440381258        2.0342191505721443     
  0.43999999761581421        7.0170533372263773        2.5095794516378223        6.3717429277659869        2.1222424703445393        6.1013038668859441        1.9999234734454692     
  0.44999998807907104        6.8651055463105575        2.4552368329518375        6.2547232636785530        2.0832666196538927        5.9960360552060594        1.9654181329199050     
  0.45999997854232788        6.7130304382243091        2.4008486805440210        6.1372092302754364        2.0441261089056000        5.8902113398387055        1.9307302470267746     
  0.46999999880790710        6.5609653263781276        2.3464641031922069        6.0193155312506113        2.0048591425679860        5.7839120869541283        1.8958868142635923     
  0.47999998927116394        6.4090642554965873        2.2921381934625877        5.9011376198531718        1.9654975133454180        5.6772350435459815        1.8609195469639552     
  0.48999997973442078        6.2574536021858380        2.2379161486935191        5.7827747142226134        1.9260742679178713        5.5702676827393152        1.8258571176149074     
  0.50000000000000000        6.1062691961319766        2.1838465470235371        5.6643186161952892        1.8866199828101977        5.4630857472463896        1.7907243536355542     
  0.50999999046325684        5.9556677051346654        2.1299854191355925        5.5458777776893964        1.8471707802058221        5.3557853044865427        1.7555527446043773     
  0.51999998092651367        5.8057439869849983        2.0763666899767999        5.4275367886823940        1.8077548345689058        5.2484375318735150        1.7203656214984364     
  0.52999997138977051        5.6566462513794944        2.0230433652734994        5.3093981523340608        1.7684062867242543        5.1411345284343897        1.6851931731118197     
  0.53999996185302734        5.5084781068611983        1.9700524995923521        5.1915330411521365        1.7291488421666368        5.0339418512651397        1.6500568881587379     
  0.55000001192092896        5.3613709123056674        1.9174410721308965        5.0740481876537640        1.6900180503969398        4.9269538143796856        1.6149876814754986     
  0.56000000238418579        5.2154347250260873        1.8652484437944030        4.9570285669228937        1.6510422141471033        4.8202341218839129        1.5800064343916493     
  0.56999999284744263        5.0707580049103713        1.8135062513834399        4.8405436769502019        1.6122444811789065        4.7138645168686049        1.5451399411678313     
  0.57999998331069946        4.9274639920184979        1.7622585704817699        4.7246819198207541        1.5736542956588089        4.6079130744878682        1.5104105159030661     
  0.58999997377395630        4.7856350794049298        1.7115348681472191        4.6095214752680835        1.5352976969849312        4.5024584040911710        1.4758439256607003     
  0.59999996423721313        4.6453843183372445        1.6613755760431133        4.4951450061856670        1.4972022177657380        4.3975547819027803        1.4414579614403826     
  0.61000001430511475        4.5067750358398344        1.6118033424509335        4.3816104460836200        1.4593871539704808        4.2932748593404106        1.4072764373773965     
  0.62000000476837158        4.3699120562128240        1.5628556567407894        4.2689965371283325        1.4218787323273292        4.1896839238903993        1.3733207538116168     
  0.62999999523162842        4.2348588470365582        1.5145552174626040        4.1573700138520362        1.3846991801703308        4.0868431932444818        1.3396109770602367     
  0.63999998569488525        4.1017038774084646        1.4669336647106319        4.0468021768863780        1.3478722456686090        3.9848122646666546        1.3061666422865310     
  0.64999997615814209        3.9705022557009730        1.4200107074470871        3.9373413103191743        1.3114140108491619        3.8836484547146459        1.2730065370696348     
  0.65999996662139893        3.8413324578286159        1.3738144118035938        3.8290531082156418        1.2753463564967051        3.7834067676904066        1.2401486910630448     
  0.66999995708465576        3.7142445994637545        1.3283627011527559        3.7219935844186431        1.2396879391950977        3.6841461305913668        1.2076124197258749     
  0.68000000715255737        3.5892981414509553        1.2836768410752284        3.6162215699380367        1.2044583538446818        3.5859036594490021        1.1754098891826488     
  0.68999999761581421        3.4665356686872379        1.2397720616365913        3.5117757552626583        1.1696704871233325        3.4887348017760202        1.1435592743652510     
  0.69999998807907104        3.3460153752126884        1.1966691753574572        3.4087092308657203        1.1353420219254005        3.3926845078003653        1.1120753093400353     
  0.70999997854232788        3.2277652459870634        1.1543781907808102        3.3070663814832053        1.1014877415170676        3.2977959204881842        1.0809721357777966     
  0.71999996900558472        3.1118450776661288        1.1129204935868482        3.2068946834310066        1.0681234588799688        3.2041061547884659        1.0502619194482328     
  0.72999995946884155        2.9982536173732224        1.0722956356966711        3.1082206855651520        1.0352580166668099        3.1116702615667826        1.0199627052677569     
  0.74000000953674316        2.8870348226483631        1.0325193380880004        3.0110856188596147        1.0029051477172588        3.0204975174081850       0.99007753397333287     
  0.75000000000000000        2.7782136448211925       0.99360052435613289        2.9155293670714948       0.97107813615218574        2.9306392508006645       0.96062323033721098     
  0.75999999046325684        2.6718148431538049       0.95554804940531546        2.8215697199130343       0.93978290720794666        2.8421225304689299       0.93160866711497348     
  0.76999998092651367        2.5678513891687373       0.91836655237178200        2.7292398906310873       0.90903052325222555        2.7549762219898004       0.90304330604560568     
  0.77999997138977051        2.4663272256899083       0.88205744336736136        2.6385644617148101       0.87882917199804045        2.6692268668332351       0.87493584705783323     
  0.78999996185302734        2.3672480083154048       0.84662274506055113        2.5495653237356439       0.84918614455881791        2.5849041414874581       0.84729601769624763     
  0.79999995231628418        2.2706237293576970       0.81206603110269071        2.4622672385257127       0.82010968838150733        2.5020190965758879       0.82012744020318140     
  0.81000000238418579        2.1764598295114825       0.77838924730421633        2.3766752615120526       0.79160148728199597        2.4205964837103662       0.79343822781649664     
  0.81999999284744263        2.0847430921929906       0.74558766688517164        2.2928101032004773       0.76366843932813022        2.3406548140455969       0.76723444823805176     
  0.82999998331069946        1.9954813474710762       0.71366409019193811        2.2106828791769146       0.73631424679867485        2.2622089776456109       0.74152098222599649     
  0.83999997377395630        1.9086525524289601       0.68261063379419962        2.1303081014741720       0.70954374323018499        2.1852722360426116       0.71630217672815077     
  0.84999996423721313        1.8242421226094312       0.65242208170564686        2.0516819660255159       0.68335566159853889        2.1098557769594457       0.69158169892615839     
  0.85999995470046997        1.7422403482663598       0.62309496133198972        1.9748143911826808       0.65775330541857169        2.0359738319119067       0.66736421371511701     
  0.87000000476837158        1.6626340910420725       0.59462457387005963        1.8997072734188287       0.63273730635040104        1.9636229681371773       0.64364859588259804     
  0.87999999523162842        1.5854013755238765       0.56700306003170653        1.8263667929326390       0.60830972283867324        1.8928144258116841       0.62043852980380643     
  0.88999998569488525        1.5105064785310607       0.54021764377605763        1.7547803604219512       0.58446636175255651        1.8235511534402340       0.59773498195805597     
  0.89999997615814209        1.4379380500511107       0.51426426588383289        1.6849492240498858       0.56120763881892755        1.7558396159433651       0.57554007145736186     
  0.90999996662139893        1.3676577330638433       0.48912920834762280        1.6168675546556024       0.53853161251364690        1.6896619303561204       0.55384793651182318     
  0.91999995708465576        1.2996411907346321       0.46480376734017192        1.5505276692009828       0.51643572383991054        1.6250369079509617       0.53266474319777168     
  0.93000000715255737        1.2338616204006787       0.44127835715525948        1.4859245873387439       0.49491831398871633        1.5619603709095464       0.51198912208382685     
  0.93999999761581421        1.1702843603682123       0.41854058138227757        1.4230381612266270       0.47397267229910212        1.5004049846725580       0.49181211327748053     
  0.94999998807907104        1.1088625378455821       0.39657367643270391        1.3618601258370635       0.45359604593048375        1.4403866832538299       0.47213893972926541     
  0.95999997854232788        1.0495731647621949       0.37536942085134795        1.3023761635525142       0.43378366610038543        1.3818942932754554       0.45296593895961518     
  0.96999996900558472       0.99236822395915181       0.35491064177810477        1.2445752321794721       0.41453185497492506        1.3249090930134573       0.43428697424495810     
  0.97999995946884155       0.93721378987290327       0.33518520607202951        1.1884306592922649       0.39583172874394396        1.2694248696981041       0.41610000912484546     
  0.98999994993209839       0.88407468081008023       0.31618053134981738        1.1339287557313715       0.37767872794607504        1.2154294619626085       0.39840105727054353     
   1.0000000000000000       0.83290749949569276       0.29788109700697252        1.0810495212509579       0.36006619108043736        1.1629138279251254       0.38118715487757227     
