 Nu  Z Q2 pt2 MULT-RATIO STAT SYS fuu fuua DIS
   19.789999999999999       0.17000000000000001        2.3799999999999999       0.10100000000000001       0.95399999999999996        2.1999999999999999E-002   3.3000000000000002E-002   8.8284877451722530E-004   9.2527017888219233E-004  0.98700040003007194     
   17.530000000000001       0.25000000000000000        2.5699999999999998       0.16200000000000001       0.98899999999999999        1.2999999999999999E-002   3.3000000000000002E-002   2.6350309779810485E-004   2.7604762014447144E-004   1.0075964660572432     
   16.140000000000001       0.34999999999999998        2.6299999999999999       0.21800000000000000       0.98899999999999999        1.4000000000000000E-002   3.3000000000000002E-002   9.1667400540366365E-005   9.6171906958730772E-005   1.0163414715111019     
   15.170000000000000       0.45000000000000001        2.6800000000000002       0.26500000000000001       0.96099999999999997        1.4999999999999999E-002   3.1000000000000000E-002   3.6856860055328782E-005   3.8730134527810959E-005   1.0229261870091186     
   14.500000000000000       0.55000000000000004        2.6899999999999999       0.29999999999999999       0.99399999999999999        1.9000000000000000E-002   3.1000000000000000E-002   1.7669114031140043E-005   1.8605476513061992E-005   1.0276977998822416     
   13.920000000000000       0.65000000000000002        2.6600000000000001       0.33800000000000002       0.98499999999999999        2.3000000000000000E-002   2.9999999999999999E-002   9.3173615526954287E-006   9.8236053964185943E-006   1.0301900630162590     
   12.930000000000000       0.73999999999999999        2.6200000000000001       0.32800000000000001        1.0029999999999999        3.1000000000000000E-002   2.9999999999999999E-002   6.0948753788535705E-006   6.4285995138277612E-006   1.0343312760988577     
   11.880000000000001       0.84999999999999998        2.6299999999999999       0.31300000000000000       0.96099999999999997        4.2000000000000003E-002   2.8000000000000001E-002   2.6617322581941435E-006   2.8046543843785578E-006   1.0411480917078115     
   10.830000000000000       0.95999999999999996        2.5800000000000001       0.31800000000000000        1.0340000000000000        6.0999999999999999E-002   2.9999999999999999E-002   5.6722702937853238E-008   5.9688695339084816E-008   1.0463933776524612     
