 gamma g3f fuua tmp 
   8.0808080808080815E-002   0.0000000000000000        689.51881484381533        0.0000000000000000     
   8.0808080808080815E-002   5.0505050505050509E-003   689.74708721247487        0.0000000000000000     
   8.0808080808080815E-002   1.0101010101010102E-002   689.97526870552997        0.0000000000000000     
   8.0808080808080815E-002   1.5151515151515152E-002   690.20335802904378        0.0000000000000000     
   8.0808080808080815E-002   2.0202020202020204E-002   690.43135396275284        0.0000000000000000     
   8.0808080808080815E-002   2.5252525252525252E-002   690.65925536962300        0.0000000000000000     
   8.0808080808080815E-002   3.0303030303030304E-002   690.88706120429958        0.0000000000000000     
   8.0808080808080815E-002   3.5353535353535352E-002   691.11477052037094        0.0000000000000000     
   8.0808080808080815E-002   4.0404040404040407E-002   691.34238247640644        0.0000000000000000     
   8.0808080808080815E-002   4.5454545454545456E-002   691.56989634073864        0.0000000000000000     
   8.0808080808080815E-002   5.0505050505050504E-002   691.79731149498423        0.0000000000000000     
   8.0808080808080815E-002   5.5555555555555552E-002   692.02462743631395        0.0000000000000000     
   8.0808080808080815E-002   6.0606060606060608E-002   692.25184377849996        0.0000000000000000     
   8.0808080808080815E-002   6.5656565656565663E-002   692.47896025177943        0.0000000000000000     
   8.0808080808080815E-002   7.0707070707070704E-002   692.70597670159304        0.0000000000000000     
   8.0808080808080815E-002   7.5757575757575760E-002   692.93289308625538        0.0000000000000000     
   8.0808080808080815E-002   8.0808080808080815E-002   693.15970947363462        0.0000000000000000     
   8.0808080808080815E-002   8.5858585858585856E-002   693.38642603691983        0.0000000000000000     
   8.0808080808080815E-002   9.0909090909090912E-002   693.61304304955684        0.0000000000000000     
   8.0808080808080815E-002   9.5959595959595953E-002   693.83956087944193        0.0000000000000000     
   8.0808080808080815E-002  0.10101010101010101        694.06597998246332        0.0000000000000000     
   8.0808080808080815E-002  0.10606060606060606        694.29230089547741        0.0000000000000000     
   8.0808080808080815E-002  0.11111111111111110        694.51852422880847        0.0000000000000000     
   8.0808080808080815E-002  0.11616161616161616        694.74465065836148        0.0000000000000000     
   8.0808080808080815E-002  0.12121212121212122        694.97068091743006        0.0000000000000000     
   8.0808080808080815E-002  0.12626262626262627        695.19661578827925        0.0000000000000000     
   8.0808080808080815E-002  0.13131313131313133        695.42245609358554        0.0000000000000000     
   8.0808080808080815E-002  0.13636363636363635        695.64820268780022        0.0000000000000000     
   8.0808080808080815E-002  0.14141414141414141        695.87385644850599        0.0000000000000000     
   8.0808080808080815E-002  0.14646464646464646        696.09941826783268        0.0000000000000000     
   8.0808080808080815E-002  0.15151515151515152        696.32488904398406        0.0000000000000000     
   8.0808080808080815E-002  0.15656565656565657        696.55026967292963        0.0000000000000000     
   8.0808080808080815E-002  0.16161616161616163        696.77556104031203        0.0000000000000000     
   8.0808080808080815E-002  0.16666666666666666        697.00076401360218        0.0000000000000000     
   8.0808080808080815E-002  0.17171717171717171        697.22587943454801        0.0000000000000000     
   8.0808080808080815E-002  0.17676767676767677        697.45090811194041        0.0000000000000000     
   8.0808080808080815E-002  0.18181818181818182        697.67585081472805        0.0000000000000000     
   8.0808080808080815E-002  0.18686868686868688        697.90070826549731        0.0000000000000000     
   8.0808080808080815E-002  0.19191919191919191        698.12548113433922        0.0000000000000000     
   8.0808080808080815E-002  0.19696969696969696        698.35017003311441        0.0000000000000000     
   8.0808080808080815E-002  0.20202020202020202        698.57477551012539        0.0000000000000000     
   8.0808080808080815E-002  0.20707070707070707        698.79929804520236        0.0000000000000000     
   8.0808080808080815E-002  0.21212121212121213        699.02373804520687        0.0000000000000000     
   8.0808080808080815E-002  0.21717171717171718        699.24809583994988        0.0000000000000000     
   8.0808080808080815E-002  0.22222222222222221        699.47237167852404        0.0000000000000000     
   8.0808080808080815E-002  0.22727272727272727        699.69656572604447        0.0000000000000000     
   8.0808080808080815E-002  0.23232323232323232        699.92067806079046        0.0000000000000000     
   8.0808080808080815E-002  0.23737373737373738        700.14470867173975        0.0000000000000000     
   8.0808080808080815E-002  0.24242424242424243        700.36865745648265        0.0000000000000000     
   8.0808080808080815E-002  0.24747474747474749        700.59252421950703        0.0000000000000000     
   8.0808080808080815E-002  0.25252525252525254        700.81630867084039        0.0000000000000000     
   8.0808080808080815E-002  0.25757575757575757        701.04001042503057        0.0000000000000000     
   8.0808080808080815E-002  0.26262626262626265        701.26362900045854        0.0000000000000000     
   8.0808080808080815E-002  0.26767676767676768        701.48716381896008        0.0000000000000000     
   8.0808080808080815E-002  0.27272727272727271        701.71061420574381        0.0000000000000000     
   8.0808080808080815E-002  0.27777777777777779        701.93397938959197        0.0000000000000000     
   8.0808080808080815E-002  0.28282828282828282        702.15725850332024        0.0000000000000000     
   8.0808080808080815E-002  0.28787878787878790        702.38045058449006        0.0000000000000000     
   8.0808080808080815E-002  0.29292929292929293        702.60355457634830        0.0000000000000000     
   8.0808080808080815E-002  0.29797979797979796        702.82656932898385        0.0000000000000000     
   8.0808080808080815E-002  0.30303030303030304        703.04949360068258        0.0000000000000000     
   8.0808080808080815E-002  0.30808080808080807        703.27232605946665        0.0000000000000000     
   8.0808080808080815E-002  0.31313131313131315        703.49506528480049        0.0000000000000000     
   8.0808080808080815E-002  0.31818181818181818        703.71770976945152        0.0000000000000000     
   8.0808080808080815E-002  0.32323232323232326        703.94025792148955        0.0000000000000000     
   8.0808080808080815E-002  0.32828282828282829        704.16270806641137        0.0000000000000000     
   8.0808080808080815E-002  0.33333333333333331        704.38505844937629        0.0000000000000000     
   8.0808080808080815E-002  0.33838383838383840        704.60730723754159        0.0000000000000000     
   8.0808080808080815E-002  0.34343434343434343        704.82945252248328        0.0000000000000000     
   8.0808080808080815E-002  0.34848484848484851        705.05149232269298        0.0000000000000000     
   8.0808080808080815E-002  0.35353535353535354        705.27342458613805        0.0000000000000000     
   8.0808080808080815E-002  0.35858585858585856        705.49524719287263        0.0000000000000000     
   8.0808080808080815E-002  0.36363636363636365        705.71695795769506        0.0000000000000000     
   8.0808080808080815E-002  0.36868686868686867        705.93855463283683        0.0000000000000000     
   8.0808080808080815E-002  0.37373737373737376        706.16003491067511        0.0000000000000000     
   8.0808080808080815E-002  0.37878787878787878        706.38139642646490        0.0000000000000000     
   8.0808080808080815E-002  0.38383838383838381        706.60263676107434        0.0000000000000000     
   8.0808080808080815E-002  0.38888888888888890        706.82375344372747        0.0000000000000000     
   8.0808080808080815E-002  0.39393939393939392        707.04474395473471        0.0000000000000000     
   8.0808080808080815E-002  0.39898989898989901        707.26560572821745        0.0000000000000000     
   8.0808080808080815E-002  0.40404040404040403        707.48633615480924        0.0000000000000000     
   8.0808080808080815E-002  0.40909090909090912        707.70693258433880        0.0000000000000000     
   8.0808080808080815E-002  0.41414141414141414        707.92739232848157        0.0000000000000000     
   8.0808080808080815E-002  0.41919191919191917        708.14771266337948        0.0000000000000000     
   8.0808080808080815E-002  0.42424242424242425        708.36789083222448        0.0000000000000000     
   8.0808080808080815E-002  0.42929292929292928        708.58792404780377        0.0000000000000000     
   8.0808080808080815E-002  0.43434343434343436        708.80780949499638        0.0000000000000000     
   8.0808080808080815E-002  0.43939393939393939        709.02754433322741        0.0000000000000000     
   8.0808080808080815E-002  0.44444444444444442        709.24712569887254        0.0000000000000000     
   8.0808080808080815E-002  0.44949494949494950        709.46655070760858        0.0000000000000000     
   8.0808080808080815E-002  0.45454545454545453        709.68581645671361        0.0000000000000000     
   8.0808080808080815E-002  0.45959595959595961        709.90492002730923        0.0000000000000000     
   8.0808080808080815E-002  0.46464646464646464        710.12385848654787        0.0000000000000000     
   8.0808080808080815E-002  0.46969696969696972        710.34262888974013        0.0000000000000000     
   8.0808080808080815E-002  0.47474747474747475        710.56122828242565        0.0000000000000000     
   8.0808080808080815E-002  0.47979797979797978        710.77965370238110        0.0000000000000000     
   8.0808080808080815E-002  0.48484848484848486        710.99790218157136        0.0000000000000000     
   8.0808080808080815E-002  0.48989898989898989        711.21597074803628        0.0000000000000000     
   8.0808080808080815E-002  0.49494949494949497        711.43385642771898        0.0000000000000000     
   8.0808080808080815E-002  0.50000000000000000        711.65155624623151        0.0000000000000000     
