 x kt FF(p) FF(Pb) ratio
  0.15000000596046448        9.9999997764825821E-003   5.9567143683830883        4.3101537706485269       0.72357905786550081     
  0.15505051612854004        9.9999997764825821E-003   5.6888611089962220        4.0884125058175433       0.71866977018514844     
  0.16010101139545441        9.9999997764825821E-003   5.4362863568239659        3.8830476495920778       0.71428313277092814     
  0.16515152156352997        9.9999997764825821E-003   5.1962509503365695        3.6940432801982217       0.71090548079841154     
  0.17020203173160553        9.9999997764825821E-003   4.9678908364992722        3.5189229518629750       0.70833338889198649     
  0.17525252699851990        9.9999997764825821E-003   4.7516546904715113        3.3560965898008974       0.70630060650890203     
  0.18030303716659546        9.9999997764825821E-003   4.5647267670734264        3.2047583412356353       0.70207013579704247     
  0.18535354733467102        9.9999997764825821E-003   4.3859700391714016        3.0636377110098478       0.69850858160185492     
  0.19040404260158539        9.9999997764825821E-003   4.2156277865980201        2.9319320551938595       0.69549120643782136     
  0.19545455276966095        9.9999997764825821E-003   4.0525733384654892        2.8094153392842283       0.69324231905153288     
  0.20050504803657532        9.9999997764825821E-003   3.8985884153028900        2.6949776097525522       0.69127010155114654     
  0.20555555820465088        9.9999997764825821E-003   3.7667808739995432        2.5892382244276866       0.68738753621164339     
  0.21060606837272644        9.9999997764825821E-003   3.6410451955040046        2.4903475520631870       0.68396502057658903     
  0.21565657854080200        9.9999997764825821E-003   3.5197380510223932        2.3974176713334385       0.68113525398205432     
  0.22070707380771637        9.9999997764825821E-003   3.4020385757815830        2.3094280472342725       0.67883652574506903     
  0.22575758397579193        9.9999997764825821E-003   3.2910866886619190        2.2271927036764323       0.67673474276727674     
  0.23080807924270630        9.9999997764825821E-003   3.1936187364841726        2.1496159500613881       0.67309723778358144     
  0.23585858941078186        9.9999997764825821E-003   3.0986548370871358        2.0762071492875962       0.67003498564535735     
  0.24090909957885742        9.9999997764825821E-003   3.0057744344274981        2.0067964876918634       0.66764706782599692     
  0.24595960974693298        9.9999997764825821E-003   2.9155543914138025        1.9411301970074712       0.66578425109270001     
  0.25101011991500854        9.9999997764825821E-003   2.8296810387136415        1.8789080126133870       0.66399993034816707     
  0.25606060028076172        9.9999997764825821E-003   2.7537533575338915        1.8195637863987626       0.66075771870443145     
  0.26111111044883728        9.9999997764825821E-003   2.6802740658085638        1.7643310060593445       0.65826514854073148     
  0.26616162061691284        9.9999997764825821E-003   2.6099262526055327        1.7118704540010525       0.65590759596830139     
  0.27121213078498840        9.9999997764825821E-003   2.5407824175642566        1.6618216776449701       0.65405902770615443     
  0.27626264095306396        9.9999997764825821E-003   2.4745281681821063        1.6139524509956724       0.65222634025675719     
  0.28131312131881714        9.9999997764825821E-003   2.4145580072468622        1.5676029130184701       0.64922975895115853     
  0.28636366128921509        9.9999997764825821E-003   2.3554380133290591        1.5230105163847794       0.64659333328506141     
  0.29141414165496826        9.9999997764825821E-003   2.2971217685967327        1.4800957891762085       0.64432622136543094     
  0.29646465182304382        9.9999997764825821E-003   2.2395075458476903        1.4387657497866244       0.64244737752916481     
  0.30151516199111938        9.9999997764825821E-003   2.1844603726141480        1.3989420493682958       0.64040623803771690     
  0.30656564235687256        9.9999997764825821E-003   2.1334355918149277        1.3600080996020953       0.63747324026085428     
  0.31161618232727051        9.9999997764825821E-003   2.0833836137402693        1.3227835554390304       0.63492078305456945     
  0.31666666269302368        9.9999997764825821E-003   2.0336260106066679        1.2867198999052964       0.63272199174982247     
  0.32171717286109924        9.9999997764825821E-003   1.9843019165136311        1.2518098175330212       0.63085652798865399     
  0.32676768302917480        9.9999997764825821E-003   1.9367882671939687        1.2179984892658353       0.62887539639553858     
  0.33181819319725037        9.9999997764825821E-003   1.8924478809355307        1.1851864653457398       0.62627165444569255     
  0.33686870336532593        9.9999997764825821E-003   1.8482300073978597        1.1530338971428375       0.62385844431029702     
  0.34191918373107910        9.9999997764825821E-003   1.8042144914644247        1.1220302256576664       0.62189403253653586     
  0.34696972370147705        9.9999997764825821E-003   1.7609810080239034        1.0919066509295694       0.62005589268385108     
  0.35202020406723022        9.9999997764825821E-003   1.7195727444244790        1.0624898216011354       0.61788012461010389     
  0.35707071423530579        9.9999997764825821E-003   1.6805743717833368        1.0337531216539617       0.61511893731724443     
  0.36212122440338135        9.9999997764825821E-003   1.6415308183476778        1.0056661081605622       0.61263918832351838     
  0.36717170476913452        9.9999997764825821E-003   1.6024701334929876       0.97835103961900682       0.61052684800211787     
  0.37222224473953247        9.9999997764825821E-003   1.5634733402829777       0.95172146314513006       0.60872254014441662     
  0.37727272510528564        9.9999997764825821E-003   1.5262010954932665       0.92572669783922934       0.60655617439459086     
  0.38232323527336121        9.9999997764825821E-003   1.4907738335815484       0.90034290198588562       0.60394332239038129     
  0.38737374544143677        9.9999997764825821E-003   1.4552737676891976       0.87554659479939789       0.60163703506431110     
  0.39242425560951233        9.9999997764825821E-003   1.4197954104700401       0.85130451541938257       0.59959661028735689     
  0.39747476577758789        9.9999997764825821E-003   1.3843430540017982       0.82760709917694464       0.59783382217618264     
  0.40252524614334106        9.9999997764825821E-003   1.3508515555900145       0.80451349329087218       0.59556025231764498     
  0.40757575631141663        9.9999997764825821E-003   1.3190709470084989       0.78196100249169653       0.59281193651114372     
  0.41262626647949219        9.9999997764825821E-003   1.2871366321289597       0.75992337776433672       0.59039837636149195     
  0.41767677664756775        9.9999997764825821E-003   1.2551804894666905       0.73839224803003334       0.58827575334903937     
  0.42272728681564331        9.9999997764825821E-003   1.2232045899829818       0.71734305531421327       0.58644568634605398     
  0.42777779698371887        9.9999997764825821E-003   1.1933675605793215       0.69676032989633718       0.58386062510203829     
  0.43282827734947205        9.9999997764825821E-003   1.1651217975317576       0.67663205971531515       0.58073933656440091     
  0.43787878751754761        9.9999997764825821E-003   1.1366870514669798       0.65708243171137526       0.57806801868936675     
  0.44292929768562317        9.9999997764825821E-003   1.1080938867779224       0.63838885859952155       0.57611441252131346     
  0.44797980785369873        9.9999997764825821E-003   1.0792313253850936       0.62009347675151216       0.57456956832702122     
  0.45303031802177429        9.9999997764825821E-003   1.0530748658668434       0.60240083140605938       0.57203989092474483     
  0.45808082818984985        9.9999997764825821E-003   1.0283374135801913       0.58517580218947840       0.56905038605195657     
  0.46313130855560303        9.9999997764825821E-003   1.0032940375207118       0.56840030212121595       0.56653411748146865     
  0.46818181872367859        9.9999997764825821E-003  0.97799931685893704       0.55200495581060871       0.56442263945898830     
  0.47323232889175415        9.9999997764825821E-003  0.95246606290957592       0.53593957644555956       0.56268627021563489     
  0.47828283905982971        9.9999997764825821E-003  0.92965865338719067       0.52028287933917206       0.55964936962995282     
  0.48333334922790527        9.9999997764825821E-003  0.90806455969882172       0.50531255281689824       0.55647205633098984     
  0.48838382959365845        9.9999997764825821E-003  0.88607578455535230       0.49079868300519675       0.55390147384683097     
  0.49343433976173401        9.9999997764825821E-003  0.86376105634146028       0.47670690953321176       0.55189673814694529     
  0.49848484992980957        9.9999997764825821E-003  0.84119422936433963       0.46302332464107065       0.55043568830822909     
  0.50353538990020752        9.9999997764825821E-003  0.82193748535725497       0.44973448069161881       0.54716385212208907     
  0.50858587026596069        9.9999997764825821E-003  0.80362932136943954       0.43682785437938165       0.54356883548623758     
  0.51363635063171387        9.9999997764825821E-003  0.78476326335333801       0.42429120497558065       0.54066140043630506     
  0.51868689060211182        9.9999997764825821E-003  0.76545069804940291       0.41211295361522204       0.53839255051358503     
  0.52373737096786499        9.9999997764825821E-003  0.74573809436112681       0.40028226567185099       0.53675984732250059     
  0.52878785133361816        9.9999997764825821E-003  0.72977872809699473       0.38909201872897509       0.53316437400633709     
  0.53383839130401611        9.9999997764825821E-003  0.71449821453264295       0.37836583374996646       0.52955462456607749     
  0.53888893127441406        9.9999997764825821E-003  0.69851590217083981       0.36801515573237981       0.52685293862124893     
  0.54393941164016724        9.9999997764825821E-003  0.68196344684685262       0.35802743968283673       0.52499505851556050     
  0.54898989200592041        9.9999997764825821E-003  0.66490662267783618       0.34838976973875974       0.52396796460781114     
  0.55404043197631836        9.9999997764825821E-003  0.65204840146899368       0.33909043534334116       0.52003874954590412     
  0.55909091234207153        9.9999997764825821E-003  0.63948935688812159       0.33011792733407214       0.51622114391471596     
  0.56414139270782471        9.9999997764825821E-003  0.62609951875188563       0.32146137497716115       0.51343494979518067     
  0.56919193267822266        9.9999997764825821E-003  0.61197770784409444       0.31310943742210606       0.51163536417877631     
  0.57424247264862061        9.9999997764825821E-003  0.59720006744366461       0.30505144821489616       0.51080276919706213     
  0.57929289340972900        9.9999997764825821E-003  0.58723405112730864       0.29726230117589825       0.50620753446644673     
  0.58434343338012695        9.9999997764825821E-003  0.57708291353984176       0.28974066042973373       0.50207804395464928     
  0.58939397335052490        9.9999997764825821E-003  0.56591328152603648       0.28248259132171577       0.49916232847544389     
  0.59444445371627808        9.9999997764825821E-003  0.55385531780610053       0.27547991383430048       0.49738605909845823     
  0.59949493408203125        9.9999997764825821E-003  0.54098961232986187       0.26872476744802176       0.49672814657330255     
  0.60454547405242920        9.9999997764825821E-003  0.53346814695071987       0.26220925754917168       0.49151811415160979     
  0.60959595441818237        9.9999997764825821E-003  0.52529768152920031       0.25592637721645228       0.48720256383280042     
  0.61464643478393555        9.9999997764825821E-003  0.51591218460236987       0.24986897953371645       0.48432463312782292     
  0.61969697475433350        9.9999997764825821E-003  0.50547177140038613       0.24403008110868621       0.48277687284615750     
  0.62474751472473145        9.9999997764825821E-003  0.49408872536952925       0.23840341139203650       0.48251133683274083     
  0.62979799509048462        9.9999997764825821E-003  0.48868680775726597       0.23298276787237382       0.47675272623299036     
  0.63484847545623779        9.9999997764825821E-003  0.48211698578645718       0.22770145155246141       0.47229502022423375     
  0.63989901542663574        9.9999997764825821E-003  0.47416719811912572       0.22258188260823036       0.46941644949533345     
  0.64494949579238892        9.9999997764825821E-003  0.46495841016431566       0.21763412250604641       0.46807223559873840     
  0.64999997615814209        9.9999997764825821E-003  0.45466550216972468       0.21285221632539950       0.46815123494006078     
  0.15000000596046448       0.15000000596046448        5.2096266368937307        3.7888956279602026       0.72728736472741795     
  0.15505051612854004       0.15000000596046448        4.9751380062856851        3.5945563784472179       0.72250385293951369     
  0.16010101139545441       0.15000000596046448        4.7526380436067459        3.4146995467019385       0.71848508457221905     
  0.16515152156352997       0.15000000596046448        4.5424461688808853        3.2488168690162640       0.71521306983736244     
  0.17020203173160553       0.15000000596046448        4.3430749058952181        3.0951660485898222       0.71266697343591634     
  0.17525252699851990       0.15000000596046448        4.1547619195246517        2.9519993772748396       0.71050987624642981     
  0.18030303716659546       0.15000000596046448        3.9922156030155680        2.8185776978169632       0.70601840634256241     
  0.18535354733467102       0.15000000596046448        3.8371929187696092        2.6945842544522911       0.70222798579444523     
  0.19040404260158539       0.15000000596046448        3.6885018860218066        2.5790721597662798       0.69921942280688643     
  0.19545455276966095       0.15000000596046448        3.5460251195539221        2.4716103883955780       0.69700870836089801     
  0.20050504803657532       0.15000000596046448        3.4111978898526885        2.3711066864578663       0.69509502615231211     
  0.20555555820465088       0.15000000596046448        3.2942774889153950        2.2769725101411233       0.69119025880566964     
  0.21060606837272644       0.15000000596046448        3.1832916542958580        2.1887520359538590       0.68757508693874592     
  0.21565657854080200       0.15000000596046448        3.0754872558451822        2.1063652691408916       0.68488831001903672     
  0.22070707380771637       0.15000000596046448        2.9711466321130411        2.0289198690027033       0.68287436475653229     
  0.22575758397579193       0.15000000596046448        2.8724055391192373        1.9560280508262535       0.68097210654524376     
  0.23080807924270630       0.15000000596046448        2.7864168502555815        1.8872746992430365       0.67731240538181781     
  0.23585858941078186       0.15000000596046448        2.7031382452551105        1.8223870872954691       0.67417457856413854     
  0.24090909957885742       0.15000000596046448        2.6228569508041897        1.7613647462690931       0.67154434241220973     
  0.24595960974693298       0.15000000596046448        2.5444529290014195        1.7035051104686676       0.66949759260715225     
  0.25101011991500854       0.15000000596046448        2.4703474339517939        1.6488810726840832       0.66746930007589345     
  0.25606060028076172       0.15000000596046448        2.4041444531373819        1.5967210262952856       0.66415353046343883     
  0.26111111044883728       0.15000000596046448        2.3388720284625917        1.5470727929266719       0.66146106931023829     
  0.26616162061691284       0.15000000596046448        2.2751549458132021        1.4997823205757881       0.65920007924547097     
  0.27121213078498840       0.15000000596046448        2.2131170051122369        1.4547139745200226       0.65731453473073276     
  0.27626264095306396       0.15000000596046448        2.1546541113950100        1.4121144880847301       0.65537873601924446     
  0.28131312131881714       0.15000000596046448        2.1015960802170301        1.3709932808212704       0.65235812615318967     
  0.28636366128921509       0.15000000596046448        2.0494197701282415        1.3314840185682071       0.64968828639966236     
  0.29141414165496826       0.15000000596046448        1.9983071999307855        1.2932827441591603       0.64718915300107771     
  0.29646465182304382       0.15000000596046448        1.9477629759528716        1.2567245293643854       0.64521430219176390     
  0.30151516199111938       0.15000000596046448        1.8992420791805475        1.2215085043532978       0.64315577131712109     
  0.30656564235687256       0.15000000596046448        1.8544654440617179        1.1874106538681994       0.64029807493607926     
  0.31161618232727051       0.15000000596046448        1.8100671280806999        1.1544464198102231       0.63779204754374907     
  0.31666666269302368       0.15000000596046448        1.7665869433693728        1.1227566992122575       0.63555134007208736     
  0.32171717286109924       0.15000000596046448        1.7234566502477231        1.0922528878581237       0.63375709954824067     
  0.32676768302917480       0.15000000596046448        1.6821392388551946        1.0626645249119568       0.63173398513381651     
  0.33181819319725037       0.15000000596046448        1.6436300611250041        1.0339428293548745       0.62906054945671830     
  0.33686870336532593       0.15000000596046448        1.6053031894671053        1.0057836844601475       0.62653814622646231     
  0.34191918373107910       0.15000000596046448        1.5668873783483659       0.97838404576670401       0.62441248764030821     
  0.34696972370147705       0.15000000596046448        1.5287214575044188       0.95153819392953953       0.62244052980252562     
  0.35202020406723022       0.15000000596046448        1.4922794791017426       0.92544761939648323       0.62015703650467935     
  0.35707071423530579       0.15000000596046448        1.4579798356903468       0.90007198965273505       0.61734186414625891     
  0.36212122440338135       0.15000000596046448        1.4238266609994366       0.87541625205055851       0.61483344569209819     
  0.36717170476913452       0.15000000596046448        1.3897086728307988       0.85147009045661048       0.61269682423596672     
  0.37222224473953247       0.15000000596046448        1.3556918428051852       0.82814449864016604       0.61086485327416074     
  0.37727272510528564       0.15000000596046448        1.3232154415781912       0.80539036386759932       0.60866155167220171     
  0.38232323527336121       0.15000000596046448        1.2924591314239762       0.78318334601367812       0.60596372215715655     
  0.38737374544143677       0.15000000596046448        1.2616578408364476       0.76150332836041312       0.60357357098938602     
  0.39242425560951233       0.15000000596046448        1.2308866719972067       0.74033817340584973       0.60146737327539268     
  0.39747476577758789       0.15000000596046448        1.2001523345385003       0.71966003640059251       0.59964057535856596     
  0.40252524614334106       0.15000000596046448        1.1711152671599105       0.69952811696380413       0.59731790420616782     
  0.40757575631141663       0.15000000596046448        1.1435657789313680       0.67988028342081663       0.59452660786697098     
  0.41262626647949219       0.15000000596046448        1.1158875753441027       0.66068968635587566       0.59207549304609908     
  0.41767677664756775       0.15000000596046448        1.0880547294153349       0.64194084622201719       0.58998948202445978     
  0.42272728681564331       0.15000000596046448        1.0603493931833596       0.62354877474517312       0.58805972706144294     
  0.42777779698371887       0.15000000596046448        1.0344849710767190       0.60563083277884022       0.58544188626392879     
  0.43282827734947205       0.15000000596046448        1.0099656281447591       0.58806673422452282       0.58226410665555328     
  0.43787878751754761       0.15000000596046448       0.98528095279746497       0.57099730115565051       0.57952739219655358     
  0.44292929768562317       0.15000000596046448       0.96046067455704931       0.55467478900820677       0.57750910964055335     
  0.44797980785369873       0.15000000596046448       0.93556898442603098       0.53879568847641768       0.57590161436034282     
  0.45303031802177429       0.15000000596046448       0.91284939360723505       0.52334935729472076       0.57331402196220160     
  0.45808082818984985       0.15000000596046448       0.89136037460388795       0.50831018195141331       0.57026338216717509     
  0.46313130855560303       0.15000000596046448       0.86961220482438606       0.49366917031089586       0.56768887047829553     
  0.46818181872367859       0.15000000596046448       0.84765251640245320       0.47941245717224534       0.56557663416954596     
  0.47323232889175415       0.15000000596046448       0.82554093188816169       0.46552634652615060       0.56390462125410001     
  0.47828283905982971       0.15000000596046448       0.80587898265048918       0.45199844019301827       0.56087632252974462     
  0.48333334922790527       0.15000000596046448       0.78727031784287238       0.43904886922280895       0.55768502796575226     
  0.48838382959365845       0.15000000596046448       0.76832252733293105       0.42649618766471786       0.55510045910694439     
  0.49343433976173401       0.15000000596046448       0.74909325348903222       0.41431218391684804       0.55308492232057482     
  0.49848484992980957       0.15000000596046448       0.72964469143838839       0.40248607978557521       0.55161928060099008     
  0.50353538990020752       0.15000000596046448       0.71305858381260101       0.39100632159456228       0.54835090758450600     
  0.50858587026596069       0.15000000596046448       0.69727839186345486       0.37986062286857331       0.54477612858962632     
  0.51363635063171387       0.15000000596046448       0.68102913290261580       0.36903863348197108       0.54188376921423420     
  0.51868689060211182       0.15000000596046448       0.66439871908168024       0.35853051022339621       0.53963154943909364     
  0.52373737096786499       0.15000000596046448       0.64737830260984341       0.34826700034475300       0.53796520356142308     
  0.52878785133361816       0.15000000596046448       0.63357440630704953       0.33854243796568023       0.53433730055316064     
  0.53383839130401611       0.15000000596046448       0.62028294530805339       0.32922445029436342       0.53076495619407926     
  0.53888893127441406       0.15000000596046448       0.60644312658921129       0.32020275394637920       0.52800129131198181     
  0.54393941164016724       0.15000000596046448       0.59210881839536833       0.31152570751666631       0.52612914693773649     
  0.54898989200592041       0.15000000596046448       0.57733574509222463       0.30315300229037584       0.52508961183747538     
  0.55404043197631836       0.15000000596046448       0.56619638853179932       0.29507432675393908       0.52115190547063472     
  0.55909091234207153       0.15000000596046448       0.55530950032985005       0.28727950717952000       0.51733223906466197     
  0.56414139270782471       0.15000000596046448       0.54370261744768900       0.27975892645530420       0.51454401262326188     
  0.56919193267822266       0.15000000596046448       0.53146788493794739       0.27250305097471555       0.51273662755094263     
  0.57424247264862061       0.15000000596046448       0.51866319161984087       0.26550294510160743       0.51189856807153256     
  0.57929289340972900       0.15000000596046448       0.51003166463846661       0.25873419159350453       0.50729044789191069     
  0.58434343338012695       0.15000000596046448       0.50123857732488575       0.25219674442503365       0.50314711563305770     
  0.58939397335052490       0.15000000596046448       0.49156043107766628       0.24588786325058781       0.50021899181656804     
  0.59444445371627808       0.15000000596046448       0.48110992652555251       0.23980042950316363       0.49843168116471498     
  0.59949493408203125       0.15000000596046448       0.46995716614722893       0.23392755930844997       0.49776357540458221     
  0.60454547405242920       0.15000000596046448       0.46343546290551091       0.22826238424696083       0.49254405956736391     
  0.60959595441818237       0.15000000596046448       0.45635182830539239       0.22279881115732700       0.48821719852567169     
  0.61464643478393555       0.15000000596046448       0.44821476756689899       0.21753064963127033       0.48532682404044725     
  0.61969697475433350       0.15000000596046448       0.43916280192961082       0.21245185072292108       0.48376558713406914     
  0.62474751472473145       0.15000000596046448       0.42929271950915054       0.20755687820709209       0.48348567020752359     
  0.62979799509048462       0.15000000596046448       0.42460721982120037       0.20284032371176469       0.47771284670378328     
  0.63484847545623779       0.15000000596046448       0.41890897792585879       0.19824618926353149       0.47324406902212152     
  0.63989901542663574       0.15000000596046448       0.41201380438980517       0.19379321370426508       0.47035611826471191     
  0.64494949579238892       0.15000000596046448       0.40402653194720800       0.18948969587649450       0.46900309977972959     
  0.64999997615814209       0.15000000596046448       0.39505720990264748       0.18528957624952735       0.46901960426234873     
  0.15000000596046448       0.30000001192092896        3.4513863378818526        2.5535102748645353       0.73985060636000777     
  0.15505051612854004       0.30000001192092896        3.2981162810853242        2.4245054665401797       0.73511824930027581     
  0.16010101139545441       0.30000001192092896        3.1521960428929239        2.3048447803096583       0.73118700390042679     
  0.16515152156352997       0.30000001192092896        3.0143385534202101        2.1941200911149839       0.72789437955648084     
  0.17020203173160553       0.30000001192092896        2.8832211916601977        2.0914489869358812       0.72538624264605822     
  0.17525252699851990       0.30000001192092896        2.7593415773913930        1.9955928899963371       0.72321343118488313     
  0.18030303716659546       0.30000001192092896        2.6518793383711103        1.9061029178023188       0.71877437642887743     
  0.18535354733467102       0.30000001192092896        2.5487514956359352        1.8225083350347562       0.71505925083528976     
  0.19040404260158539       0.30000001192092896        2.4499932407892873        1.7442759969676545       0.71195135069259230     
  0.19545455276966095       0.30000001192092896        2.3552428560578345        1.6714422091716390       0.70966873113427908     
  0.20050504803657532       0.30000001192092896        2.2653842914160554        1.6032630583388030       0.70772233409309504     
  0.20555555820465088       0.30000001192092896        2.1874148107663505        1.5392060757254238       0.70366446645123071     
  0.21060606837272644       0.30000001192092896        2.1122022655479662        1.4791571040449258       0.70029141061506717     
  0.21565657854080200       0.30000001192092896        2.0394324224916875        1.4225536277927819       0.69752427788451521     
  0.22070707380771637       0.30000001192092896        1.9693165588516588        1.3692617351114078       0.69529793417765551     
  0.22575758397579193       0.30000001192092896        1.9029677668896765        1.3190277599373981       0.69314246036510396     
  0.23080807924270630       0.30000001192092896        1.8447352281817828        1.2716215290753301       0.68932468445819839     
  0.23585858941078186       0.30000001192092896        1.7879883694398171        1.2268197504916842       0.68614526328046033     
  0.24090909957885742       0.30000001192092896        1.7331725835200629        1.1846316723288524       0.68350473783913235     
  0.24595960974693298       0.30000001192092896        1.6798646374136688        1.1444401706425769       0.68126927917511548     
  0.25101011991500854       0.30000001192092896        1.6293848981054024        1.1064939334162176       0.67908689635138630     
  0.25606060028076172       0.30000001192092896        1.5837854857811189        1.0702076119055726       0.67572762947612752     
  0.26111111044883728       0.30000001192092896        1.5390911054257421        1.0356541830233925       0.67289985587754453     
  0.26616162061691284       0.30000001192092896        1.4957270755492131        1.0027404411502414       0.67040334934235724     
  0.27121213078498840       0.30000001192092896        1.4536990517977215       0.97142410786604461       0.66824292597888812     
  0.27626264095306396       0.30000001192092896        1.4138099950073355       0.94168606158595691       0.66606267101759387     
  0.28131312131881714       0.30000001192092896        1.3772832365192136       0.91304476605621965       0.66293173535150507     
  0.28636366128921509       0.30000001192092896        1.3416405233941602       0.88539086870788630       0.65993151911360948     
  0.29141414165496826       0.30000001192092896        1.3068426978596797       0.85900717631803991       0.65731489927969478     
  0.29646465182304382       0.30000001192092896        1.2725730128317592       0.83366284620898268       0.65510020863470664     
  0.30151516199111938       0.30000001192092896        1.2396755403674409       0.80928872738491242       0.65282301782371099     
  0.30656564235687256       0.30000001192092896        1.2091716179647114       0.78573668496017557       0.64981403242224178     
  0.31161618232727051       0.30000001192092896        1.1792278686573381       0.76301208555515521       0.64704380369157688     
  0.31666666269302368       0.30000001192092896        1.1498324761365615       0.74126976576616543       0.64467631689864313     
  0.32171717286109924       0.30000001192092896        1.1208125941070841       0.72025187771092658       0.64261579634080435     
  0.32676768302917480       0.30000001192092896        1.0930441562012538       0.69994784731068604       0.64036557291818141     
  0.33181819319725037       0.30000001192092896        1.0671648446601110       0.68028274253594323       0.63746734718628351     
  0.33686870336532593       0.30000001192092896        1.0412878110973789       0.66111551545816505       0.63490180948285302     
  0.34191918373107910       0.30000001192092896        1.0158274416734154       0.64247634177809776       0.63246602269349939     
  0.34696972370147705       0.30000001192092896       0.99048360987506112       0.62424933135349825       0.63024700775436415     
  0.35202020406723022       0.30000001192092896       0.96627317838273308       0.60660882753932588       0.62778191624299950     
  0.35707071423530579       0.30000001192092896       0.94357900724063182       0.58951461791279913       0.62476444832823730     
  0.36212122440338135       0.30000001192092896       0.92099234490148341       0.57290596939186300       0.62205291125752571     
  0.36717170476913452       0.30000001192092896       0.89851711846541149       0.55683120609111481       0.61972242336588279     
  0.37222224473953247       0.30000001192092896       0.87617504482377584       0.54121702554613371       0.61770422330961061     
  0.37727272510528564       0.30000001192092896       0.85487139911879961       0.52602285150649253       0.61532395638538873     
  0.38232323527336121       0.30000001192092896       0.83470640551838160       0.51122835800173327       0.61246487941378946     
  0.38737374544143677       0.30000001192092896       0.81457410711925071       0.49682050946236278       0.60991443887085162     
  0.39242425560951233       0.30000001192092896       0.79451425756707361       0.48278465694363509       0.60764756874470305     
  0.39747476577758789       0.30000001192092896       0.77453042462854160       0.46909934933779601       0.60565645250510614     
  0.40252524614334106       0.30000001192092896       0.75566013163005830       0.45580010362148671       0.60318135699215192     
  0.40757575631141663       0.30000001192092896       0.73777621298279794       0.44284327469409995       0.60024065143507865     
  0.41262626647949219       0.30000001192092896       0.71972066756073361       0.43020903238718822       0.59774444694668305     
  0.41767677664756775       0.30000001192092896       0.70180991933884418       0.41781687116840405       0.59534192899698235     
  0.42272728681564331       0.30000001192092896       0.68392152437000009       0.40579656903470146       0.59333791169755079     
  0.42777779698371887       0.30000001192092896       0.66721227322520560       0.39403166299662662       0.59056417096756286     
  0.43282827734947205       0.30000001192092896       0.65139846236932475       0.38252451064829374       0.58723582069405167     
  0.43787878751754761       0.30000001192092896       0.63549990967484771       0.37135897649945393       0.58435724513235421     
  0.44292929768562317       0.30000001192092896       0.61953591832592014       0.36070734345410177       0.58222184184056291     
  0.44797980785369873       0.30000001192092896       0.60354244612140440       0.35035935199810642       0.58050490773209107     
  0.45303031802177429       0.30000001192092896       0.58894706099365446       0.34030386534823609       0.57781740989433794     
  0.45808082818984985       0.30000001192092896       0.57514937398814947       0.33052914282340523       0.57468399996939845     
  0.46313130855560303       0.30000001192092896       0.56119793891775438       0.32102445348713138       0.57203427030792908     
  0.46818181872367859       0.30000001192092896       0.54712461237036047       0.31177953072628567       0.56985104248104157     
  0.47323232889175415       0.30000001192092896       0.53296065492454869       0.30278426072597880       0.56811747345372809     
  0.47828283905982971       0.30000001192092896       0.52036545290857084       0.29402944699770289       0.56504413456779656     
  0.48333334922790527       0.30000001192092896       0.50845453108827121       0.28563626491481930       0.56177346734123390     
  0.48838382959365845       0.30000001192092896       0.49633010228990820       0.27750225613527413       0.55910825246135099     
  0.49343433976173401       0.30000001192092896       0.48402744115347024       0.26961108417076318       0.55701611364897341     
  0.49848484992980957       0.30000001192092896       0.47158464978066134       0.26195491654680708       0.55547803913601701     
  0.50353538990020752       0.30000001192092896       0.46097638343837577       0.25452414921594307       0.55214140758681263     
  0.50858587026596069       0.30000001192092896       0.45089611051143125       0.24731166273205366       0.54848923502919356     
  0.51363635063171387       0.30000001192092896       0.44051583377373560       0.24031046990252702       0.54552061805333185     
  0.51868689060211182       0.30000001192092896       0.42984201551517093       0.23346615827513709       0.54314410841230831     
  0.52373737096786499       0.30000001192092896       0.41887670846184683       0.22680262148987149       0.54145436332020280     
  0.52878785133361816       0.30000001192092896       0.41004194659295040       0.22051286137877851       0.53778122753300195     
  0.53383839130401611       0.30000001192092896       0.40157965833605103       0.21445985313426799       0.53404062850913403     
  0.53888893127441406       0.30000001192092896       0.39272555427419337       0.20864909898076764       0.53128475269804543     
  0.54393941164016724       0.30000001192092896       0.38355487647708425       0.20305234759027088       0.52939581802553981     
  0.54898989200592041       0.30000001192092896       0.37409372509825906       0.19764595557428216       0.52833272069016579     
  0.55404043197631836       0.30000001192092896       0.36696411440747967       0.19243175877432186       0.52438849255064823     
  0.55909091234207153       0.30000001192092896       0.35999485094260036       0.18740294363225282       0.52057117800869157     
  0.56414139270782471       0.30000001192092896       0.35257286707123969       0.18255306161343052       0.51777399415294334     
  0.56919193267822266       0.30000001192092896       0.34473630943776934       0.17787571903835250       0.51597616545947866     
  0.57424247264862061       0.30000001192092896       0.33652988632107389       0.17336490451415729       0.51515455702723123     
  0.57929289340972900       0.30000001192092896       0.33100356049570751       0.16898752247942334       0.51053083001992294     
  0.58434343338012695       0.30000001192092896       0.32537286097405310       0.16475283990093184       0.50635089665351674     
  0.58939397335052490       0.30000001192092896       0.31917043019074554       0.16066422976275330       0.50338068494232280     
  0.59444445371627808       0.30000001192092896       0.31246747943052650       0.15671725946489093       0.50154742423278387     
  0.59949493408203125       0.30000001192092896       0.30531036209489182       0.15290763408600794       0.50082687347009713     
  0.60454547405242920       0.30000001192092896       0.30113272157118437       0.14923106603350619       0.49556576002395558     
  0.60959595441818237       0.30000001192092896       0.29659196805834526       0.14568377258880993       0.49119257524920962     
  0.61464643478393555       0.30000001192092896       0.29137110391046733       0.14226195283562440       0.48825003895835439     
  0.61969697475433350       0.30000001192092896       0.28555723039984371       0.13896174971805289       0.48663362340178007     
  0.62474751472473145       0.30000001192092896       0.27921243087717984       0.13577974368926521       0.48629548212698342     
  0.62979799509048462       0.30000001192092896       0.27620636398014281       0.13271257131407882       0.48048339437834192     
  0.63484847545623779       0.30000001192092896       0.27254637591025754       0.12973188171590297       0.47599929106604710     
  0.63989901542663574       0.30000001192092896       0.26811257890395551       0.12684529075546991       0.47310458641669700     
  0.64494949579238892       0.30000001192092896       0.26293461028586235       0.12403497463786174       0.47173316020668027     
  0.64999997615814209       0.30000001192092896       0.25713264046804879       0.12129987676163297       0.47174048592522289     
  0.15000000596046448       0.44999998807907104        1.6771215573686571        1.2834093177913442       0.76524525735926197     
  0.15505051612854004       0.44999998807907104        1.6051808363970306        1.2210365006989516       0.76068469857868182     
  0.16010101139545441       0.44999998807907104        1.5367596948030144        1.1629691939135114       0.75676711059407609     
  0.16515152156352997       0.44999998807907104        1.4721889199376144        1.1089053691839719       0.75323577984200762     
  0.17020203173160553       0.44999998807907104        1.4102277904139184        1.0588292264082009       0.75082141594828600     
  0.17525252699851990       0.44999998807907104        1.3515485184155540        1.0118836052604330       0.74868463208903768     
  0.18030303716659546       0.44999998807907104        1.3002633895453257       0.96779861571933601       0.74430967102577150     
  0.18535354733467102       0.44999998807907104        1.2505877626312454       0.92616330493133125       0.74058241461013274     
  0.19040404260158539       0.44999998807907104        1.2031657232675057       0.88705604189244969       0.73726837852679272     
  0.19545455276966095       0.44999998807907104        1.1575102762234517       0.85054457760217694       0.73480520654832049     
  0.20050504803657532       0.44999998807907104        1.1142196369805921       0.81625864093568301       0.73258324826122312     
  0.20555555820465088       0.44999998807907104        1.0755147419428046       0.78399660716777753       0.72895012647764346     
  0.21060606837272644       0.44999998807907104        1.0379118187531151       0.75324189775800898       0.72572822098018741     
  0.21565657854080200       0.44999998807907104        1.0019383046587482       0.72404861759326400       0.72264790579083493     
  0.22070707380771637       0.44999998807907104       0.96742509584951875       0.69642816045446443       0.71987812125435346     
  0.22575758397579193       0.44999998807907104       0.93477706565533358       0.67027758935639803       0.71704539401220124     
  0.23080807924270630       0.44999998807907104       0.90500788812664457       0.64554078295276451       0.71329851531905009     
  0.23585858941078186       0.44999998807907104       0.87573519222437690       0.62217667468972415       0.71046211253585534     
  0.24090909957885742       0.44999998807907104       0.84755318284871317       0.59962973168538847       0.70748331056933966     
  0.24595960974693298       0.44999998807907104       0.82035667878241592       0.57836536134199745       0.70501694726300623     
  0.25101011991500854       0.44999998807907104       0.79443344830289275       0.55818272305580574       0.70261734856232794     
  0.25606060028076172       0.44999998807907104       0.77055827516138442       0.53877974543969742       0.69920700718820561     
  0.26111111044883728       0.44999998807907104       0.74747503606370869       0.52028098527161248       0.69605131966877887     
  0.26616162061691284       0.44999998807907104       0.72507133590083850       0.50262269611082233       0.69320447688965259     
  0.27121213078498840       0.44999998807907104       0.70319542750372832       0.48566232960592187       0.69065057964039012     
  0.27626264095306396       0.44999998807907104       0.68239037821030057       0.46942959302958576       0.68791941976197668     
  0.28131312131881714       0.44999998807907104       0.66307321593934476       0.45391673148375605       0.68456502324666135     
  0.28636366128921509       0.44999998807907104       0.64435449724130300       0.43898720193298091       0.68128212624018591     
  0.29141414165496826       0.44999998807907104       0.62621735021055958       0.42477842659391996       0.67832426944269797     
  0.29646465182304382       0.44999998807907104       0.60853640829202871       0.41116040973191592       0.67565457732580791     
  0.30151516199111938       0.44999998807907104       0.59149189747731046       0.39810286707577724       0.67304872437588781     
  0.30656564235687256       0.44999998807907104       0.57559653259866572       0.38549907250174842       0.66973835085719213     
  0.31161618232727051       0.44999998807907104       0.56002325697531707       0.37336538790080376       0.66669621886303154     
  0.31666666269302368       0.44999998807907104       0.54477773889366965       0.36169351851896364       0.66392859453744935     
  0.32171717286109924       0.44999998807907104       0.52991240344597779       0.35046596386864204       0.66136584384436004     
  0.32676768302917480       0.44999998807907104       0.51575940489285832       0.33965366548880066       0.65855059988553943     
  0.33181819319725037       0.44999998807907104       0.50243681816613739       0.32923700212382095       0.65528040585384484     
  0.33686870336532593       0.44999998807907104       0.48926393809743224       0.31920672655959093       0.65242234651682818     
  0.34191918373107910       0.44999998807907104       0.47642946141903741       0.30941211078304198       0.64943949910541432     
  0.34696972370147705       0.44999998807907104       0.46383133408533805       0.30002277721856385       0.64683594050453719     
  0.35202020406723022       0.44999998807907104       0.45178832667638497       0.29094423675976150       0.64398351967195522     
  0.35707071423530579       0.44999998807907104       0.44044157602137707       0.28216428191938858       0.64063952469758123     
  0.36212122440338135       0.44999998807907104       0.42926444369410582       0.27365528195297151       0.63749813424560842     
  0.36717170476913452       0.44999998807907104       0.41824739351657947       0.26547766058839495       0.63473835032488091     
  0.37222224473953247       0.44999998807907104       0.40739046689266112       0.25758231850200713       0.63227379979383436     
  0.37727272510528564       0.44999998807907104       0.39705456066077471       0.24994049230711823       0.62948651664186772     
  0.38232323527336121       0.44999998807907104       0.38727504505300459       0.24254305713789784       0.62628114110657984     
  0.38737374544143677       0.44999998807907104       0.37758981653462192       0.23537695131986819       0.62336678854337169     
  0.39242425560951233       0.44999998807907104       0.36801236478516164       0.22842809256675173       0.62070765665741567     
  0.39747476577758789       0.44999998807907104       0.35853542303802860       0.22168633269330298       0.61831082355784273     
  0.40252524614334106       0.44999998807907104       0.34950222879716303       0.21516992616015265       0.61564679258462918     
  0.40757575631141663       0.44999998807907104       0.34103861953215930       0.20884986267764491       0.61239358452760440     
  0.41262626647949219       0.44999998807907104       0.33261631699733102       0.20265281941996791       0.60926902579344611     
  0.41767677664756775       0.44999998807907104       0.32424560349628623       0.19669243815234130       0.60661559025454648     
  0.42272728681564331       0.44999998807907104       0.31591786061383953       0.19088627373871081       0.60422754626095543     
  0.42777779698371887       0.44999998807907104       0.30816021085851880       0.18522529492135645       0.60106817296538095     
  0.43282827734947205       0.44999998807907104       0.30082958039588847       0.17971034921740109       0.59738257448254994     
  0.43787878751754761       0.44999998807907104       0.29349123688477508       0.17437966105763808       0.59415627842442087     
  0.44292929768562317       0.44999998807907104       0.28615241227677385       0.16932422713928932       0.59172741474398138     
  0.44797980785369873       0.44999998807907104       0.27882366341175097       0.16443118961939046       0.58973183124908524     
  0.45303031802177429       0.44999998807907104       0.27213759791664133       0.15969334348081674       0.58681102759543180     
  0.45808082818984985       0.44999998807907104       0.26582628843493644       0.15510349938274201       0.58347690251374473     
  0.46313130855560303       0.44999998807907104       0.25946536203524317       0.15065501985994476       0.58063634651734852     
  0.46818181872367859       0.44999998807907104       0.25306659834117767       0.14634154097205843       0.57827284173933002     
  0.47323232889175415       0.44999998807907104       0.24663711445251446       0.14215690270210901       0.57638082174967531     
  0.47828283905982971       0.44999998807907104       0.24092888452579181       0.13809541265273670       0.57317914755029453     
  0.48333334922790527       0.44999998807907104       0.23553587283045266       0.13418648043360720       0.56970719076070231     
  0.48838382959365845       0.44999998807907104       0.23005270049885576       0.13040212852979965       0.56683589563187176     
  0.49343433976173401       0.44999998807907104       0.22449310959232230       0.12673540100421576       0.56454027134448026     
  0.49848484992980957       0.44999998807907104       0.21887197100565112       0.12318041466523377       0.56279666189899369     
  0.50353538990020752       0.44999998807907104       0.21408166374202109       0.11973315313898211       0.55928728806623274     
  0.50858587026596069       0.44999998807907104       0.20954537924614727       0.11638984671388838       0.55543981514938767     
  0.51363635063171387       0.44999998807907104       0.20483421757321643       0.11311116170304593       0.55220833239258571     
  0.51868689060211182       0.44999998807907104       0.19995434683835686       0.10992112262042630       0.54973109791549846     
  0.52373737096786499       0.44999998807907104       0.19502652623319147       0.10680067136387332       0.54762125658830996     
  0.52878785133361816       0.44999998807907104       0.19104541356517080       0.10388921567617200       0.54379329886782424     
  0.53383839130401611       0.44999998807907104       0.18722977599576973       0.10110829327637856       0.54002250837849108     
  0.53888893127441406       0.44999998807907104       0.18323583919190442        9.8430229065539693E-002  0.53717782230610955     
  0.54393941164016724       0.44999998807907104       0.17909245437120072        9.5851230063559792E-002  0.53520529605837663     
  0.54898989200592041       0.44999998807907104       0.17481557837698861        9.3367454397506863E-002  0.53409115631651882     
  0.55404043197631836       0.44999998807907104       0.17160515504397528        9.0975325750413283E-002  0.53014331490857647     
  0.55909091234207153       0.44999998807907104       0.16846906565502925        8.8671361816491850E-002  0.52633616427874319     
  0.56414139270782471       0.44999998807907104       0.16511810499561178        8.6452322816165883E-002  0.52357870033975662     
  0.56919193267822266       0.44999998807907104       0.16157456135389195        8.4314887092876309E-002  0.52183268446698072     
  0.57424247264862061       0.44999998807907104       0.15785815899835434        8.2255926073412630E-002  0.52107491051045474     
  0.57929289340972900       0.44999998807907104       0.15536010322911403        8.0236418258650091E-002  0.51645446025691122     
  0.58434343338012695       0.44999998807907104       0.15281422245195717        7.8273423223338259E-002  0.51221294698499953     
  0.58939397335052490       0.44999998807907104       0.14999804197634700        7.6375545489408309E-002  0.50917694979946382     
  0.59444445371627808       0.44999998807907104       0.14695670911688768        7.4540967223733309E-002  0.50723078702343749     
  0.59949493408203125       0.44999998807907104       0.14370286663574985        7.2767920198054836E-002  0.50637765203740137     
  0.60454547405242920       0.44999998807907104       0.14181007588826833        7.1054709063029006E-002  0.50105543359988591     
  0.60959595441818237       0.44999998807907104       0.13975030703133209        6.9399728229230503E-002  0.49659803762485505     
  0.61464643478393555       0.44999998807907104       0.13737638552248041        6.7801363747384380E-002  0.49354453088510830     
  0.61969697475433350       0.44999998807907104       0.13472626837778881        6.6258046817185196E-002  0.49179753595927994     
  0.62474751472473145       0.44999998807907104       0.13182772590560562        6.4768379284268984E-002  0.49131075302509547     
  0.62979799509048462       0.44999998807907104       0.13045803600173683        6.3330992984361428E-002  0.48545106859893461     
  0.63484847545623779       0.44999998807907104       0.12878356918308262        6.1926420839336208E-002  0.48085653497690944     
  0.63989901542663574       0.44999998807907104       0.12671113036133227        6.0552545182640555E-002  0.47787865998801821     
  0.64494949579238892       0.44999998807907104       0.12431230123677911        5.9225948426947658E-002  0.47642870285330247     
  0.64999997615814209       0.44999998807907104       0.12163453040577703        5.7944889554343598E-002  0.47638519556114067     
  0.15000000596046448       0.60000002384185791       0.51530488390254636       0.42673271810398755       0.82811696809900714     
  0.15505051612854004       0.60000002384185791       0.49578612301527181       0.40815112929392344       0.82324032550897164     
  0.16010101139545441       0.60000002384185791       0.47753932188296688       0.39078183527377619       0.81832388950275214     
  0.16515152156352997       0.60000002384185791       0.45972527776775685       0.37466096506771246       0.81496707530836054     
  0.17020203173160553       0.60000002384185791       0.44242221940136078       0.35927311685858165       0.81205938830267665     
  0.17525252699851990       0.60000002384185791       0.42597518189048383       0.34491655290099515       0.80971044221461597     
  0.18030303716659546       0.60000002384185791       0.41142957566024529       0.33124601692914102       0.80510988155766638     
  0.18535354733467102       0.60000002384185791       0.39758850000471185       0.31829776854062009       0.80057086293202118     
  0.19040404260158539       0.60000002384185791       0.38394850199864711       0.30597436963436381       0.79691512804871412     
  0.19545455276966095       0.60000002384185791       0.37088412036855190       0.29432341987399102       0.79357244947968764     
  0.20050504803657532       0.60000002384185791       0.35803078451245840       0.28339190417718091       0.79152943388117991     
  0.20555555820465088       0.60000002384185791       0.34598292851662776       0.27277347678529046       0.78840154904400461     
  0.21060606837272644       0.60000002384185791       0.33475864465769123       0.26262395179737680       0.78451731116883916     
  0.21565657854080200       0.60000002384185791       0.32403039752517204       0.25278767501579508       0.78013568154869628     
  0.22070707380771637       0.60000002384185791       0.31358775287602775       0.24332958810781530       0.77595373504274590     
  0.22575758397579193       0.60000002384185791       0.30350602847903330       0.23424633822692914       0.77180126998074194     
  0.23080807924270630       0.60000002384185791       0.29355726123096809       0.22557556414351096       0.76842099969733069     
  0.23585858941078186       0.60000002384185791       0.28339448354923841       0.21712234654729845       0.76614881076037067     
  0.24090909957885742       0.60000002384185791       0.27384940945094055       0.20899509956901932       0.76317527939186691     
  0.24595960974693298       0.60000002384185791       0.26475721981586658       0.20125429251632201       0.76014656996432584     
  0.25101011991500854       0.60000002384185791       0.25605881618438342       0.19386753573905943       0.75712111235982149     
  0.25606060028076172       0.60000002384185791       0.24765459637784543       0.18662007072672790       0.75354979659655719     
  0.26111111044883728       0.60000002384185791       0.23952822999211601       0.17964767042755905       0.75000625368238261     
  0.26616162061691284       0.60000002384185791       0.23120274420178297       0.17273853651233209       0.74713013078068813     
  0.27121213078498840       0.60000002384185791       0.22328654291951450       0.16596503398743301       0.74328274251286386     
  0.27626264095306396       0.60000002384185791       0.21570004029465994       0.15946763736652306       0.73930277040597736     
  0.28131312131881714       0.60000002384185791       0.20841590072139388       0.15337048975913148       0.73588670167807413     
  0.28636366128921509       0.60000002384185791       0.20140515195825032       0.14755460048605198       0.73262574989461482     
  0.29141414165496826       0.60000002384185791       0.19473423100938636       0.14200935773593915       0.72924702041262679     
  0.29646465182304382       0.60000002384185791       0.18829554268566520       0.13666629277883163       0.72580737084668090     
  0.30151516199111938       0.60000002384185791       0.18210238495593797       0.13159370330854128       0.72263580370120950     
  0.30656564235687256       0.60000002384185791       0.17584837373171061       0.12653705205901469       0.71958045089498801     
  0.31161618232727051       0.60000002384185791       0.16981341349722551       0.12164209672190915       0.71632796383247188     
  0.31666666269302368       0.60000002384185791       0.16408564201276535       0.11694829030633161       0.71272713975323565     
  0.32171717286109924       0.60000002384185791       0.15864527447004703       0.11245588959959252       0.70885117741609582     
  0.32676768302917480       0.60000002384185791       0.15341761677290533       0.10814823014764052       0.70492706393507409     
  0.33181819319725037       0.60000002384185791       0.14836612030434584       0.10406134546553344       0.70138212990991955     
  0.33686870336532593       0.60000002384185791       0.14358796216874234       0.10015572329535070       0.69752172663088052     
  0.34191918373107910       0.60000002384185791       0.13901020610223205        9.6458222569693705E-002  0.69389309802731747     
  0.34696972370147705       0.60000002384185791       0.13460125168509182        9.2924310475564528E-002  0.69036735774914526     
  0.35202020406723022       0.60000002384185791       0.13033661063401542        8.9511901252560075E-002  0.68677481190537526     
  0.35707071423530579       0.60000002384185791       0.12629499669825789        8.6232853462066536E-002  0.68278915013627006     
  0.36212122440338135       0.60000002384185791       0.12241408139333172        8.3091590899771750E-002  0.67877477781978446     
  0.36717170476913452       0.60000002384185791       0.11868481801012705        8.0107987329208596E-002  0.67496406593784553     
  0.37222224473953247       0.60000002384185791       0.11509186101745911        7.7261672839318049E-002  0.67130440116523682     
  0.37727272510528564       0.60000002384185791       0.11167319250851697        7.4543250134675373E-002  0.66751248406362329     
  0.38232323527336121       0.60000002384185791       0.10844523203649012        7.1943201873490570E-002  0.66340585494144000     
  0.38737374544143677       0.60000002384185791       0.10532936911211659        6.9454141529916275E-002  0.65939957787069481     
  0.39242425560951233       0.60000002384185791       0.10231494204451293        6.7070636178498594E-002  0.65553119454750786     
  0.39747476577758789       0.60000002384185791        9.9332854597717513E-002   6.4787242319542818E-002  0.65222370364690507     
  0.40252524614334106       0.60000002384185791        9.6587069822703209E-002   6.2581448123236100E-002  0.64792780480981171     
  0.40757575631141663       0.60000002384185791        9.4006676347069523E-002   6.0512717074635743E-002  0.64370659006414399     
  0.41262626647949219       0.60000002384185791        9.1498745514863325E-002   5.8528344347907588E-002  0.63966280650700369     
  0.41767677664756775       0.60000002384185791        8.9053483983942069E-002   5.6621052300430713E-002  0.63580951319816414     
  0.42272728681564331       0.60000002384185791        8.6666638460980286E-002   5.4786661397627369E-002  0.63215399109189907     
  0.42777779698371887       0.60000002384185791        8.4451284816650402E-002   5.3021403723393125E-002  0.62783418675638003     
  0.43282827734947205       0.60000002384185791        8.2374577258802983E-002   5.1320634985592292E-002  0.62301545808671077     
  0.43787878751754761       0.60000002384185791        8.0333876560254411E-002   4.9696810873487499E-002  0.61862831723566103     
  0.44292929768562317       0.60000002384185791        7.8327204380624169E-002   4.8183075959012868E-002  0.61515122798040189     
  0.44797980785369873       0.60000002384185791        7.6351447926016100E-002   4.6736767470989433E-002  0.61212679969444672     
  0.45303031802177429       0.60000002384185791        7.4551926477451000E-002   4.5354023353418253E-002  0.60835481383752099     
  0.45808082818984985       0.60000002384185791        7.2865393861469563E-002   4.4031178738447564E-002  0.60428107782082241     
  0.46313130855560303       0.60000002384185791        7.1188357509583508E-002   4.2764786012257840E-002  0.60072724681842482     
  0.46818181872367859       0.60000002384185791        6.9520787027338993E-002   4.1551581722987632E-002  0.59768572105847284     
  0.47323232889175415       0.60000002384185791        6.7859832897182074E-002   4.0388468307731393E-002  0.59517488598779844     
  0.47828283905982971       0.60000002384185791        6.6391591134358940E-002   3.9273455763271473E-002  0.59154261996511626     
  0.48333334922790527       0.60000002384185791        6.5012283169595175E-002   3.8187500616032898E-002  0.58738900949555262     
  0.48838382959365845       0.60000002384185791        6.3620001948427957E-002   3.7139215131296859E-002  0.58376633124599531     
  0.49343433976173401       0.60000002384185791        6.2215684271344114E-002   3.6127763951227625E-002  0.58068579288884703     
  0.49848484992980957       0.60000002384185791        6.0806766651579101E-002   3.5151281805540224E-002  0.57808174552276370     
  0.50353538990020752       0.60000002384185791        5.9604216356227618E-002   3.4192676113717173E-002  0.57366203607749677     
  0.50858587026596069       0.60000002384185791        5.8413522962018967E-002   3.3266955387249997E-002  0.56950777320656543     
  0.51363635063171387       0.60000002384185791        5.7240565393983131E-002   3.2344194356834118E-002  0.56505721308325851     
  0.51868689060211182       0.60000002384185791        5.6047020567780305E-002   3.1472918828187001E-002  0.56154490478446251     
  0.52373737096786499       0.60000002384185791        5.4829264728909616E-002   3.0628644366017862E-002  0.55861855010192052     
  0.52878785133361816       0.60000002384185791        5.3845013968777826E-002   2.9848643871159670E-002  0.55434369259273453     
  0.53383839130401611       0.60000002384185791        5.2902158533875906E-002   2.9111580968682167E-002  0.55029098576460844     
  0.53888893127441406       0.60000002384185791        5.1915626783573587E-002   2.8406605558012516E-002  0.54716869116180133     
  0.54393941164016724       0.60000002384185791        5.0895063027428807E-002   2.7732305572320731E-002  0.54489186028466052     
  0.54898989200592041       0.60000002384185791        4.9841046156082362E-002   2.7087316651155106E-002  0.54347407890132138     
  0.55404043197631836       0.60000002384185791        4.9050903618384892E-002   2.6470329908714313E-002  0.53965019920230184     
  0.55909091234207153       0.60000002384185791        4.8277065082438224E-002   2.5880023481553778E-002  0.53607284198740923     
  0.56414139270782471       0.60000002384185791        4.7446622873232647E-002   2.5315158923757936E-002  0.53355028009885319     
  0.56919193267822266       0.60000002384185791        4.6563910074436984E-002   2.4774502575507583E-002  0.53205374153294061     
  0.57424247264862061       0.60000002384185791        4.5633162209775903E-002   2.4256877378605528E-002  0.53156249104755282     
  0.57929289340972900       0.60000002384185791        4.5008993800516942E-002   2.3720496897832552E-002  0.52701682252581517     
  0.58434343338012695       0.60000002384185791        4.4374300505189750E-002   2.3191130880688800E-002  0.52262527221080379     
  0.58939397335052490       0.60000002384185791        4.3669571614113493E-002   2.2676395202894221E-002  0.51927221552055425     
  0.59444445371627808       0.60000002384185791        4.2900735423475972E-002   2.2176111851331261E-002  0.51691682281036455     
  0.59949493408203125       0.60000002384185791        4.2072518014695755E-002   2.1690010507017517E-002  0.51553868250626900     
  0.60454547405242920       0.60000002384185791        4.1592538560684567E-002   2.1217790182567586E-002  0.51013453174083845     
  0.60959595441818237       0.60000002384185791        4.1068833818288283E-002   2.0759244628764058E-002  0.50547441207156452     
  0.61464643478393555       0.60000002384185791        4.0461522498222470E-002   2.0314152771877501E-002  0.50206100802978759     
  0.61969697475433350       0.60000002384185791        3.9777846938492484E-002   1.9882290357160451E-002  0.49983324607548396     
  0.62474751472473145       0.60000002384185791        3.8998611615778243E-002   1.9456767183037703E-002  0.49890922719838038     
  0.62979799509048462       0.60000002384185791        3.8618662252048040E-002   1.9027226081484105E-002  0.49269511091040047     
  0.63484847545623779       0.60000002384185791        3.8151749089712729E-002   1.8623598237485033E-002  0.48814533230684087     
  0.63989901542663574       0.60000002384185791        3.7592415476278368E-002   1.8238325867002837E-002  0.48515972267096319     
  0.64494949579238892       0.60000002384185791        3.6945189851741417E-002   1.7867145374361567E-002  0.48361222248582914     
  0.64999997615814209       0.60000002384185791        3.6219123331918575E-002   1.7509652284380874E-002  0.48343666752834585     
