 pt up dp u1 d1 u2 d2
   0.0000000000000000        0.0000000000000000        0.0000000000000000        0.0000000000000000        0.0000000000000000        0.0000000000000000        0.0000000000000000     
   9.9999997764825821E-003   3.5295540602887847        2.4858200101447201        2.7974209588298398        1.9475613408227501        2.5418726259737645        1.7934047503509205     
   1.9999999552965164E-002   3.5246951777508286        2.4823979610038136        2.7943152124619903        1.9453991236772277        2.5392790975207773        1.7915749001057781     
   2.9999999329447746E-002   3.5164761577910095        2.4766094098353335        2.7890166985026812        1.9417103041885526        2.5348354289835497        1.7884396933364795     
   3.9999999105930328E-002   3.5050148097167630        2.4685373282353531        2.7816249143499334        1.9365641523338748        2.5286353004045488        1.7840652255001512     
   4.9999997019767761E-002   3.4895948391885936        2.4576772392156001        2.7714599445505304        1.9294873117355866        2.5200187120606166        1.7779858372924484     
   5.9999998658895493E-002   3.4715715592932743        2.4449836725363707        2.7597661039439370        1.9213460729923590        2.5101837696711207        1.7710468458494786     
   7.0000000298023224E-002   3.4498415918908294        2.4296795330144594        2.7454931775772877        1.9114092776293445        2.4981098104879691        1.7625281279824450     
   7.9999998211860657E-002   3.4254959217238108        2.4125331873209728        2.7296323231371766        1.9003669685187072        2.4847486218979515        1.7531012122342604     
   8.9999996125698090E-002   3.3976157326922305        2.3928975249688706        2.7112984450545485        1.8876029431158159        2.4692374787343065        1.7421574074390069     
   9.9999994039535522E-002   3.3668410048060520        2.3712232757352543        2.6910548322878900        1.8735093625631702        2.4521124915510137        1.7300749635547663     
  0.10999999940395355        3.3335249947061469        2.3477592337770048        2.6691962625975147        1.8582914508075989        2.4336501768924395        1.7170489753629001     
  0.11999999731779099        3.2970691013113020        2.3220838119699820        2.6451257904658267        1.8415336150478232        2.4132635204887531        1.7026652780585809     
  0.12999999523162842        3.2583142871790827        2.2947892895420035        2.6195861412369297        1.8237529398371892        2.3916601615982440        1.6874231427675057     
  0.14000000059604645        3.2165933083851184        2.2654057350879966        2.5919129054151639        1.8044868640283884        2.3681871734525832        1.6708619004710965     
  0.14999999105930328        3.1724556497770657        2.2343201437938212        2.5625720150778402        1.7840597690122013        2.3432830936990703        1.6532909590806100     
  0.15999999642372131        3.1263294468483500        2.2018340460393584        2.5319152132446519        1.7627165378852860        2.3172758767351649        1.6349417050818553     
  0.17000000178813934        3.0776436774094398        2.1675452781629341        2.4993622723198374        1.7400532168448315        2.2895923956369333        1.6154097718132472     
  0.17999999225139618        3.0269136093423863        2.1318167367769525        2.4653426816112503        1.7163688158663057        2.2606346116505982        1.5949787609002464     
  0.18999999761581421        2.9742697831585123        2.0947403599023779        2.4299271890354497        1.6917125895700420        2.2304576890335772        1.5736875931921066     
  0.19999998807907104        2.9201050152102526        2.0565928030975358        2.3934304529946537        1.6663036027835132        2.1993523863052999        1.5517414118201629     
  0.20999999344348907        2.8639995978785291        2.0170784716272006        2.3554093095733983        1.6398333252847384        2.1668765843099038        1.5288282819587935     
  0.21999999880790710        2.8064014618659332        1.9765128373851695        2.3162289072711308        1.6125559730503793        2.1333693378311027        1.5051874219124577     
  0.22999998927116394        2.7474521261284655        1.9349955703712880        2.2759692845078034        1.5845272687388328        2.0988941412960909        1.4808636298375148     
  0.23999999463558197        2.6875459059494076        1.8928043818218057        2.2349286453436723        1.5559548216831167        2.0637254647418972        1.4560505566129334     
  0.25000000000000000        2.6263555421594282        1.8497087872682201        2.1927294283523713        1.5265757740407375        2.0274844396359755        1.4304808935549163     
  0.25999999046325684        2.5642495183142864        1.8059683049898025        2.1497046092061636        1.4966219431020813        1.9904792267037621        1.4043720618289537     
  0.26999998092651367        2.5013531961472952        1.7616712256600628        2.1059756198389485        1.4661778696436272        1.9527781206719743        1.3777722464172792     
  0.28000000119209290        2.4378181906997134        1.7169243298232184        2.0615931417378017        1.4352788380599553        1.9144796995785933        1.3507509985317767     
  0.28999999165534973        2.3737798796681462        1.6718229622682734        2.0166286559155311        1.4039746133521878        1.8756253584640459        1.3233375242236802     
  0.29999998211860657        2.3093837624699023        1.6264695963833149        1.9711695375315645        1.3723260260085324        1.8362653714330111        1.2955672941209162     
  0.31000000238418579        2.2447540231735372        1.5809516934275512        1.9252950111571474        1.3403882320868279        1.7964863931789861        1.2675014469829058     
  0.31999999284744263        2.1800230494774442        1.5353624923722962        1.8790964769141765        1.3082248642496443        1.7563414460582947        1.2391773924519471     
  0.32999998331069946        2.1153161315612978        1.4897902334967397        1.8326528795680728        1.2758908837543232        1.7159075531092562        1.2106494737242297     
  0.34000000357627869        2.0507667889224899        1.4443289528838270        1.7860384776095497        1.2434379892789889        1.6752468063631805        1.1819614995031407     
  0.34999999403953552        1.9864839399665706        1.3990553603805687        1.7393336199540088        1.2109221196486244        1.6344208545413645        1.1531569657170333     
  0.35999998450279236        1.9225668134112757        1.3540393415101557        1.6926099431689503        1.1783931481613503        1.5934999373873060        1.1242854296444140     
  0.37000000476837158        1.8591480189696847        1.3093742916060143        1.6459480467187801        1.1459071880740861        1.5525390843402544        1.0953857170142953     
  0.37999999523162842        1.7963163383384617        1.2651227384873360        1.5994173980389432        1.1135126025376416        1.5116052734228589        1.0665050838153358     
  0.38999998569488525        1.7341599804221088        1.2213468065630786        1.5530817366948331        1.0812537669661104        1.4707504016550219        1.0376801457146911     
  0.39999997615814209        1.6727835609654402        1.1781201753710515        1.5070088506881574        1.0491778752904195        1.4300370915195593        1.0089550856729919     
  0.40999999642372131        1.6122634568900858        1.1354966362052432        1.4612633652702824        1.0173299195382448        1.3895135869320592       0.98036394192901732     
  0.41999998688697815        1.5526708088604320        1.0935262925302967        1.4159012796742378       0.98574888631294511        1.3492382391312232       0.95194788388976581     
  0.42999997735023499        1.4940912684203500        1.0522694676386204        1.3709782059343547       0.95447349265058978        1.3092552103182802       0.92373806996209873     
  0.43999999761581421        1.4365832414095498        1.0117672960198929        1.3265540082901648       0.92354541596774276        1.2696219372578004       0.89577502435064116     
  0.44999998807907104        1.3801961612455147       0.97205459300099695        1.2826763120817009       0.89299781297283454        1.2303725254898239       0.86808281003828880     
  0.45999997854232788        1.3250046102308479       0.93318388594857138        1.2393941324320854       0.86286480793972831        1.1915515197052089       0.84069285529543103     
  0.46999999880790710        1.2710452724354555       0.89518101098624059        1.1967478338938464       0.83317450262472126        1.1532044971509774       0.81363731690698549     
  0.47999998927116394        1.2183543690915091       0.85807147826689489        1.1547803933751213       0.80395681750315862        1.1153644734638464       0.78693948888033716     
  0.48999997973442078        1.1669797681961911       0.82188900061181946        1.1135265966784542       0.77523597041184467        1.0780717768289345       0.76062782455261579     
  0.50000000000000000        1.1169400094927420       0.78664663532625467        1.0730262564992907       0.74703967890479062        1.0413542606814270       0.73472197576729215     
  0.50999999046325684        1.0682721517221323       0.75237048240988247        1.0333096636550134       0.71938903141515864        1.0052473203654770       0.70924691552171737     
  0.51999998092651367        1.0209865482093274       0.71906783357772863       0.99440147524122546       0.69230119418531322       0.96977396556494067       0.68421887817630000     
  0.52999997138977051       0.97509957974885797       0.68675022561493082       0.95632827897197914       0.66579467755202126       0.93496416193043075       0.65965900583690729     
  0.53999996185302734       0.93062886659345800       0.65543006824126726       0.91910947806967314       0.63988299001700377       0.90083624730059408       0.63558023666834040     
  0.55000001192092896       0.88757410430982686       0.62510714704823778       0.88276874634439095       0.61458261326034436       0.86741485319617151       0.61199994930942592     
  0.56000000238418579       0.84593194932447091       0.59577910719957838       0.84732145315696417       0.58990424741385394       0.83471759956456826       0.58893057542060534     
  0.56999999284744263       0.80570962639258814       0.56745103699843935       0.81277756450981908       0.56585483079726850       0.80275391484435676       0.56637876718671054     
  0.57999998331069946       0.76689531500636021       0.54011461141158223       0.77914901248332447       0.54244267051158834       0.77154663139498825       0.54436063385785982     
  0.58999997377395630       0.72947081272694625       0.51375701069296287       0.74644133512268462       0.51967162213768447       0.74110092577737663       0.52287982772915287     
  0.59999996423721313       0.69343382773560580       0.48837662074380561       0.71466798342592330       0.49755105024532886       0.71142523368734523       0.50194230056103817     
  0.61000001430511475       0.65876920536203354       0.46396276832266253       0.68381633651204166       0.47607216819129489       0.68253025473562157       0.48155560140711823     
  0.62000000476837158       0.62545313512616929       0.44049868401142217       0.65390602239230355       0.45524864097505718       0.65441754727088053       0.46172082975203682     
  0.62999999523162842       0.59323349926255997       0.41780680447614055       0.62492577751024081       0.43507262692120824       0.62709357510614661       0.44244254610479161     
  0.63999998569488525       0.56254581265800385       0.39619385730954748       0.59686328018207435       0.41553554768729112       0.60055606752299751       0.42371914837204294     
  0.64999997615814209       0.53313160200707332       0.37547780305177203       0.56973046100973013       0.39664570934501509       0.57480799058359155       0.40555272924321600     
  0.65999996662139893       0.50496817160390384       0.35564265740598183       0.54351115059245747       0.37839185477567205       0.54984362655118557       0.38793925459947526     
  0.66999995708465576       0.47801907921457182       0.33666275457056305       0.51818769630498696       0.36076169424130605       0.52566277814048890       0.37087858524723150     
  0.68000000715255737       0.45226160059849291       0.31852209015204275       0.49376629758654733       0.34375954378457035       0.50225654197451308       0.35436443945606866     
  0.68999999761581421       0.42765723640817532       0.30119354954989797       0.47021837847143449       0.32736550885012144       0.47962207366691734       0.33839481038428970     
  0.69999998807907104       0.40417782928249080       0.28465730189299554       0.44754679287657112       0.31158157633172812       0.45774790298472651       0.32296160526985185     
  0.70999997854232788       0.38178704919547024       0.26888776040635454       0.42572856016378580       0.29639174713481370       0.43662831635279653       0.30806079293011424     
  0.71999996900558472       0.36045051438196085       0.25386071045029568       0.40474027492056580       0.28177972643737992       0.41625408420745780       0.29368586149537923     
  0.72999995946884155       0.34013359340512650       0.23955176154454835       0.38458074482714305       0.26774468414773955       0.39660701101498202       0.27982397320332503     
  0.74000000953674316       0.32079876544835068       0.22593448825543344       0.36521700880738633       0.25426367280157813       0.37768080940963705       0.26647069203640544     
  0.75000000000000000       0.30241218002383802       0.21298505011515162       0.34664595912104562       0.24133452879361142       0.35945951894743466       0.25361475718801019     
  0.75999999046325684       0.28494381514749956       0.20068230302234794       0.32884105875241326       0.22893877708320215       0.34192842671653739       0.24124578804122357     
  0.76999998092651367       0.26835514628272644       0.18899911463612343       0.31177541928955260       0.21705769798805272       0.32508214582352807       0.22935998390196416     
  0.77999997138977051       0.25260931858045449       0.17790952855526976       0.29544367571637647       0.20568755638996691       0.30889900871264653       0.21794205734118013     
  0.78999996185302734       0.23767666129476228       0.16739264805100282       0.27981106979944226       0.19480415364572157       0.29335737945907436       0.20697674324686294     
  0.79999995231628418       0.22352129000439558       0.15742320018207229       0.26487116863326005       0.18440301117371394       0.27845392877091724       0.19646169265477348     
  0.81000000238418579       0.21011001358780726       0.14797780886393802       0.25059593520101081       0.17446460963421209       0.26415979945294010       0.18637654552385868     
  0.81999999284744263       0.19740491354908107       0.13902976858244934       0.23695778354926364       0.16496974371731030       0.25047090853516185       0.17671842113630237     
  0.82999998331069946       0.18538548717139650       0.13056463953505204       0.22394931083553735       0.15591325957235755       0.23735820716504932       0.16746682422826129     
  0.83999997377395630       0.17401509692624176       0.12255661837663773       0.21154267960447648       0.14727577679408943       0.22481672374613856       0.15861824711621736     
  0.84999996423721313       0.16326357221480947       0.11498445633839514       0.19971043693537580       0.13903818268983525       0.21281754283556736       0.15015228866281360     
  0.85999995470046997       0.15310167616692849       0.10782756226470960       0.18844501058524551       0.13119520547249977       0.20135522289973473       0.14206510962287686     
  0.87000000476837158       0.14349557597459495       0.10106210813943595       0.17771278914709249       0.12372344491815004       0.19040103901534600       0.13433644327912000     
  0.87999999523162842       0.13443197681395122        9.4678730587310883E-002  0.16750638847695734       0.11661776019402562       0.17994942956674997       0.12696236566311664     
  0.88999998569488525       0.12587215694253126        8.8650158377860291E-002  0.15779920485787646       0.10985962982214988       0.16997420653819703       0.11992439995924375     
  0.89999997615814209       0.11779391985692046        8.2960758796185877E-002  0.14856562266369788       0.10343122023226325       0.16046330495896843       0.11321403379139761     
  0.90999996662139893       0.11016741139682747        7.7589505937096334E-002  0.13979831721911140        9.7327431993612268E-002  0.15139745436771970       0.10681767098777821     
  0.91999995708465576       0.10297930519803693        7.2527014211856491E-002  0.13146641834613865        9.1526773322836361E-002  0.14276274546960122       0.10072549791917254     
  0.93000000715255737        9.6201602763992894E-002   6.7753564635630231E-002  0.12356322362312540        8.6024578001480986E-002  0.13454037156025794        9.4924245615065211E-002
  0.93999999761581421        8.9812559669714992E-002   6.3253842886607611E-002  0.11606114947897227        8.0801642378216701E-002  0.12671696417794245        8.9404482028170404E-002
  0.94999998807907104        8.3791378787735460E-002   5.9013201812561679E-002  0.10894751805864882        7.5849140144559624E-002  0.11927433761017092        8.4153376325493176E-002
  0.95999997854232788        7.8112885678625316E-002   5.5013911376154558E-002  0.10220596549490156        7.1155678794441318E-002  0.11219957187454238        7.9161812881972701E-002
  0.96999996900558472        7.2768292543967467E-002   5.1249782442787960E-002   9.5812041895536298E-002   6.6704236340279208E-002  0.10547524332256038        7.4417498534818882E-002
  0.97999995946884155        6.7734197008774269E-002   4.7704333017559518E-002   8.9760790071279795E-002   6.2491361592449071E-002   9.9090900743335777E-002   6.9913059487617391E-002
  0.98999994993209839        6.2996315608037992E-002   4.4367503437825334E-002   8.4030935881387381E-002   5.8502243517973139E-002   9.3024330881534764E-002   6.5632823295876025E-002
   1.0000000000000000        5.8527462893374335E-002   4.1220147338230269E-002   7.8601940873538653E-002   5.4722583269331562E-002   8.7271340039361517E-002   6.1573831118356334E-002
