 Z Q2 pt2 MULT-RATIO STAT SYS fuu fuua DIS chi2
  0.34999999999999998        1.6379700000000001        5.9999999999999998E-002  0.40234763857070477        2.0000000000000000E-003   2.8999999999999998E-002   6.5927292868259762E-005   2.8131837377226559E-005   1.0645099348021014        2.6502619344190301E-003
  0.34999999999999998        1.6484000000000001        9.2499999999999999E-002  0.44977603737719801        2.0000000000000000E-003   2.7999999999999997E-002   5.7011210375898722E-005   2.6507664547105443E-005   1.0648636030361076       0.21919015476781675     
  0.34999999999999998        1.6274500000000001       0.14250000000000002       0.43201922559278255        2.0000000000000000E-003   2.8999999999999998E-002   4.6219217371964049E-005   2.4387025366213537E-005   1.0672509622514061        4.6036862839790702     
  0.34999999999999998        1.6289200000000001       0.22000000000000003       0.47512176042362975        2.0000000000000000E-003   2.8999999999999998E-002   3.0186692109222603E-005   1.9935757568572945E-005   1.0677742699810497        24.327252762566655     
  0.45000000000000001        1.6494000000000000        5.9999999999999998E-002  0.39124742435752918        3.0000000000000001E-003   2.7999999999999997E-002   3.5413206041447922E-005   1.5660847549649959E-005   1.0633774945119157       0.76482356625495451     
  0.45000000000000001        1.6343099999999999        9.2499999999999999E-002  0.39314797340181501        2.0000000000000000E-003   2.7999999999999997E-002   3.1679479575125616E-005   1.5023178179228926E-005   1.0649449940090459        3.4520962703545472     
  0.45000000000000001        1.6465900000000002       0.14250000000000002       0.40162867652974810        2.0000000000000000E-003   2.8999999999999998E-002   2.5297076501576963E-005   1.3578571289624793E-005   1.0646596322392450        12.442319556688343     
  0.45000000000000001        1.6323099999999999       0.22000000000000003       0.46407222128026226        2.0000000000000000E-003   2.8999999999999998E-002   1.8298689293385628E-005   1.1940457886125081E-005   1.0665770112500967        25.826281747868613     
  0.55000000000000004        1.6805700000000001        5.9999999999999998E-002  0.44230619327468140        4.0000000000000001E-003   2.7999999999999997E-002   1.8871794141496899E-005   8.2295755520045886E-006   1.0612463432994075        1.2320525065732164     
  0.55000000000000004        1.6365399999999999        9.2499999999999999E-002  0.41077602761775323        3.0000000000000001E-003   2.7999999999999997E-002   1.7669373715880849E-005   8.0820188337758118E-006   1.0645637548442290       0.44978935425374050     
  0.55000000000000004        1.6349799999999999       0.14250000000000002       0.38868839046153864        3.0000000000000001E-003   2.8999999999999998E-002   1.4789611053474349E-005   7.5152620140047319E-006   1.0650450459324388        9.1982959877308605     
  0.55000000000000004        1.6501800000000000       0.22000000000000003       0.41102414742590992        2.0000000000000000E-003   2.8999999999999998E-002   1.0750080118366450E-005   6.5178372299678613E-006   1.0642356667019868        29.800313959084445     
  0.64999999999999991        1.6883900000000001        5.9999999999999998E-002  0.34680265413212535        5.0000000000000001E-003   2.7999999999999997E-002   1.0553649095668415E-005   4.0482677490965072E-006   1.0591116939029663       0.29230132320712732     
  0.64999999999999991        1.6529799999999999        9.2499999999999999E-002  0.41425575453423497        4.0000000000000001E-003   2.9999999999999999E-002   1.0061458190453741E-005   4.0279256999284558E-006   1.0622237884585002        1.5249515183982028     
  0.64999999999999991        1.6333799999999998       0.14250000000000002       0.43228517020846358        3.0000000000000001E-003   2.7999999999999997E-002   8.6053328932906003E-006   3.7385764532302169E-006   1.0630671629200004       0.70296129633326543     
  0.64999999999999991        1.6472300000000000       0.22000000000000003       0.40703640790058948        3.0000000000000001E-003   2.7999999999999997E-002   6.6067798585347281E-006   3.3480491714742035E-006   1.0623509055017317        6.1756685491642678     
