 kt up dp u1 d1 u2 d2
   0.0000000000000000        0.0000000000000000        0.0000000000000000        0.0000000000000000        0.0000000000000000        0.0000000000000000        0.0000000000000000     
   9.9999997764825821E-003   1.0235770160339623        1.4440421187057705E-002  0.82640004881358153        1.0305451845863553E-002  0.77326369246067028        9.4880687307750053E-003
   1.9999999552965164E-002   1.0227932060402161        1.4429363351386306E-002  0.82584274785657052        1.0298502138897329E-002  0.77276641490149689        9.4819670558797409E-003
   2.9999999329447746E-002   1.0215579948256091        1.4411937236971373E-002  0.82498025642393680        1.0287746616872328E-002  0.77200328500548687        9.4726033304462966E-003
   3.9999999105930328E-002   1.0197681771738065        1.4386686845124747E-002  0.82371514887340758        1.0271970353353789E-002  0.77087754046738710        9.4587902655695541E-003
   4.9999997019767761E-002   1.0175661568744725        1.4355621180219493E-002  0.82218022870567242        1.0252829447083818E-002  0.76952062989903980        9.4421407566639640E-003
   5.9999998658895493E-002   1.0148526827085378        1.4317340025775322E-002  0.82026877403379672        1.0228993044720523E-002  0.76782196691159099        9.4212978911156625E-003
   7.0000000298023224E-002   1.0116562228675752        1.4272245005383145E-002  0.81803207616128992        1.0201100763915413E-002  0.76584084459695512        9.3969892046111680E-003
   7.9999998211860657E-002   1.0079807311938225        1.4220391899063730E-002  0.81545827967163598        1.0169004764135089E-002  0.76356081136375376        9.3690128335025998E-003
   8.9999996125698090E-002   1.0038314022562178        1.4161853990763668E-002  0.81255048382094575        1.0132743694015468E-002  0.76098505518911708        9.3374078947773588E-003
   9.9999994039535522E-002  0.99921315751149375        1.4096700711416756E-002  0.80931303029302937        1.0092371695631560E-002  0.75811624669929611        9.3022071574451366E-003
  0.10999999940395355       0.99413328992793581        1.4025034948770693E-002  0.80574960293994491        1.0047934707702809E-002  0.75495798827464078        9.2634548232868822E-003
  0.11999999731779099       0.98859764263271233        1.3946939136502698E-002  0.80186410899601335        9.9994814545912337E-003  0.75151280073303950        9.2211818231398013E-003
  0.12999999523162842       0.98261615877285391        1.3862553550555668E-002  0.79766117708795192        9.9470696566343643E-003  0.74778590367858611        9.1754522023778980E-003
  0.14000000059604645       0.97619449434798156        1.3771957984648560E-002  0.79314681130546794        9.8907741865980406E-003  0.74378103558577768        9.1263118326789933E-003
  0.14999999105930328       0.96934355232596325        1.3675306255685964E-002  0.78832568323744123        9.8306533005705979E-003  0.73950238152563008        9.0738120655313864E-003
  0.15999999642372131       0.96207171191225072        1.3572716575833681E-002  0.78320261377028300        9.7667671164245445E-003  0.73495551381898994        9.0180212741998254E-003
  0.17000000178813934       0.95438943078270388        1.3464336479905111E-002  0.77778560473723990        9.6992154193756615E-003  0.73014536559737953        8.9589999889942221E-003
  0.17999999225139618       0.94630635452089840        1.3350302045877034E-002  0.77207958516488762        9.6280596758361384E-003  0.72507692221982789        8.8968093810643210E-003
  0.18999999761581421       0.93783488494642275        1.3230788236156326E-002  0.76609230139008533        9.5533964849066032E-003  0.71975574360264016        8.8315176714691777E-003
  0.19999998807907104       0.92898466147143210        1.3105931041654601E-002  0.75982950835680008        9.4752976124321975E-003  0.71418834487974103        8.7632048019402903E-003
  0.20999999344348907       0.91976839209243189        1.2975909744261842E-002  0.75329999954087123        9.3938727156448638E-003  0.70838097655531485        8.6919474671600470E-003
  0.21999999880790710       0.91019952937045590        1.2840914130036478E-002  0.74651057124177356        9.3092065463994192E-003  0.70233890541403721        8.6178102914157007E-003
  0.22999998927116394       0.90028822449200174        1.2701087409900870E-002  0.73946905131823026        9.2213967203981489E-003  0.69606969724920298        8.5408861081966540E-003
  0.23999999463558197       0.89004867965575296        1.2556629945652485E-002  0.73218247264756642        9.1305309396913018E-003  0.68957964560903096        8.4612521403424554E-003
  0.25000000000000000       0.87949485723034315        1.2407738715614090E-002  0.72466116608466080        9.0367380330799336E-003  0.68287658700702425        8.3790045431225875E-003
  0.25999999046325684       0.86863901312206793        1.2254586623676792E-002  0.71691258733099428        8.9401109753559724E-003  0.67596618894232519        8.2942128576546821E-003
  0.26999998092651367       0.85749567108582803        1.2097378568089304E-002  0.70894540321105604        8.8407578443717386E-003  0.66885763204334014        8.2069897317122633E-003
  0.28000000119209290       0.84607984212229093        1.1936326321066766E-002  0.70076758194746314        8.7387780062085797E-003  0.66155695314979113        8.1174092382807397E-003
  0.28999999165534973       0.83440394905003590        1.1771605141265667E-002  0.69238993621955169        8.6343062981603519E-003  0.65407259554165254        8.0255749777508687E-003
  0.29999998211860657       0.82248397948361540        1.1603440578775805E-002  0.68382070729071176        8.5274454912071963E-003  0.64641193226345905        7.9315774185540512E-003
  0.31000000238418579       0.81033340085707939        1.1432022629481189E-002  0.67506915214253493        8.4183110226342152E-003  0.63858350599771740        7.8355213807659637E-003
  0.31999999284744263       0.79796760441231052        1.1257568429964509E-002  0.66614396081045824        8.3070112597410858E-003  0.63059458976852190        7.7374961055512344E-003
  0.32999998331069946       0.78540139184305147        1.1080286799580398E-002  0.65705612710867101        8.1936832986265543E-003  0.62245338643811143        7.6376022433367269E-003
  0.34000000357627869       0.77264962385055247        1.0900387390149721E-002  0.64781440858405270        8.0784363484778868E-003  0.61416865015349154        7.5359472089012126E-003
  0.34999999403953552       0.75972855335731526        1.0718099494674130E-002  0.63842848468567692        7.9613911148740009E-003  0.60574753844498008        7.4326188262823015E-003
  0.35999998450279236       0.74665055307714934        1.0533597664941967E-002  0.62890799639182948        7.8426678236517746E-003  0.59719968009765434        7.3277352422072882E-003
  0.37000000476837158       0.73343177625228950        1.0347109787685499E-002  0.61926261080697376        7.7223870264492324E-003  0.58853267944725896        7.2213897630875523E-003
  0.37999999523162842       0.72008716121730632        1.0158846609961013E-002  0.60950145248941223        7.6006625091940604E-003  0.57975392657312841        7.1136730663741944E-003
  0.38999998569488525       0.70663144959787771        9.9690161036948433E-003  0.59963549291099982        7.4776310893695736E-003  0.57087379176722908        7.0047123972022049E-003
  0.39999997615814209       0.69307931725558047        9.7778253130264628E-003  0.58967338230827526        7.3534006379714408E-003  0.56189959598526384        6.8945975848646937E-003
  0.40999999642372131       0.67944633931636900        9.5854939687384979E-003  0.57962586839157126        7.2281051821109421E-003  0.55283907120278519        6.7834235019338324E-003
  0.41999998688697815       0.66574482088285103        9.3921956687738634E-003  0.56950053880542095        7.1018393419486946E-003  0.54370175187858305        6.6713071377383429E-003
  0.42999997735023499       0.65199002852641541        9.1981457908887031E-003  0.55930917474927289        6.9747500325094179E-003  0.53449528871391871        6.5583423676018899E-003
  0.43999999761581421       0.63819592883850207        9.0035413729802807E-003  0.54906023725332853        6.8469427653301013E-003  0.52522732954943796        6.4446230317479246E-003
  0.44999998807907104       0.62437638708811694        8.8085780235091001E-003  0.53876314769340028        6.7185350277401447E-003  0.51590717689117149        6.3302632734078572E-003
  0.45999997854232788       0.61054526593311076        8.6134513140980282E-003  0.52842712900328159        6.5896418324385662E-003  0.50654232784624120        6.2153550832807995E-003
  0.46999999880790710       0.59671505392891289        8.4183374308059358E-003  0.51806127983549866        6.4603766423004041E-003  0.49713992215400082        6.0999860671063456E-003
  0.47999998927116394       0.58289976133187449        8.2234340275459932E-003  0.50767416233853990        6.3308462298374418E-003  0.48770957115177982        5.9842741575251825E-003
  0.48999997973442078       0.56911088200297522        8.0289032574254095E-003  0.49727562499780648        6.2011734085613713E-003  0.47825819385095714        5.8683042519095110E-003
  0.50000000000000000       0.55536076955398228        7.8349194027446840E-003  0.48687381480008801        6.0714597737953806E-003  0.46879295052992981        5.7521642080162845E-003
  0.50999999046325684       0.54166367280803107        7.6416834830697767E-003  0.47647733477124421        5.9418126078041042E-003  0.45932240702135985        5.6359591299773026E-003
  0.51999998092651367       0.52802821901265373        7.4493172098948988E-003  0.46609403513594100        5.8123298051997114E-003  0.44985345157942763        5.5197735377690259E-003
  0.52999997138977051       0.51446788773261776        7.2580107502417919E-003  0.45573303054052178        5.6831250283048479E-003  0.44039334420100779        5.4036965127100458E-003
  0.53999996185302734       0.50099210209002065        7.0678970436448994E-003  0.44540182072583229        5.5542918010952867E-003  0.43094874413505424        5.2878097648462090E-003
  0.55000001192092896       0.48761280907964422        6.8791446359330764E-003  0.43510780328280391        5.4259223737072905E-003  0.42152744310735174        5.1722088998945540E-003
  0.56000000238418579       0.47434001833456807        6.6918947410211926E-003  0.42485961384366655        5.2981244350165336E-003  0.41213569577821219        5.0569706635338260E-003
  0.56999999284744263       0.46118177521765713        6.5062608612901588E-003  0.41466321756863295        5.1709723723266064E-003  0.40278012442504835        4.9421763121631932E-003
  0.57999998331069946       0.44814928832328305        6.3224011253625529E-003  0.40452637537573732        5.0445629665697000E-003  0.39346726233260038        4.8279060102275140E-003
  0.58999997377395630       0.43525005124019306        6.1404212512996617E-003  0.39445657270296058        4.9189895633606449E-003  0.38420334206999596        4.7142362323432012E-003
  0.59999996423721313       0.42249434589945567        5.9604662945422692E-003  0.38445919465315248        4.7943193165169967E-003  0.37499440331583533        4.6012410863291251E-003
  0.61000001430511475       0.40988793184816374        5.7826175096365147E-003  0.37454119307091582        4.6706389175871221E-003  0.36584623357713925        4.4889915858187211E-003
  0.62000000476837158       0.39744034278064372        5.6070093960478859E-003  0.36470882043515679        4.5480263368232734E-003  0.35676515582852891        4.3775653147181820E-003
  0.62999999523162842       0.38515735102745091        5.4337233886690558E-003  0.35496847947211463        4.4265614181062058E-003  0.34775539163913349        4.2670140723534613E-003
  0.63999998569488525       0.37304700278904701        5.2628730016975982E-003  0.34532462356826515        4.3062996964760465E-003  0.33882274775189819        4.1574091083858306E-003
  0.64999997615814209       0.36111431013207085        5.0945289443738960E-003  0.33578320804896694        4.1873154365928752E-003  0.32997223512341878        4.0488119080512560E-003
  0.65999996662139893       0.34936641038422400        4.9287919086991811E-003  0.32634933693112361        4.0696722870497528E-003  0.32120864950140482        3.9412813159383619E-003
  0.66999995708465576       0.33780786152968223        4.7657261978086675E-003  0.31702840169662222        3.9534374812127109E-003  0.31253710553499092        3.8348800896070771E-003
  0.68000000715255737       0.32644407148927779        4.6054081055750705E-003  0.30782415392194151        3.8386578023446591E-003  0.30396083249714873        3.7296478527513747E-003
  0.68999999761581421       0.31527891332861302        4.4478922724384166E-003  0.29874056674198673        3.7253827966072794E-003  0.29548461597956016        3.6256433253437931E-003
  0.69999998807907104       0.30431767975356927        4.2932533668417908E-003  0.28978350018825605        3.6136855403181667E-003  0.28711232359226851        3.5229139635759065E-003
  0.70999997854232788       0.29356291597600742        4.1415272961284671E-003  0.28095435785652090        3.5035835367297104E-003  0.27884815366016785        3.4215112815631776E-003
  0.71999996900558472       0.28302006045854672        3.9927907850486038E-003  0.27225850151544012        3.3951436486752387E-003  0.27069457691675686        3.3214655955993719E-003
  0.72999995946884155       0.27268899925295992        3.8470422260432516E-003  0.26369873694276635        3.2884008650291567E-003  0.26265505470515038        3.2228193769160926E-003
  0.74000000953674316       0.26257373026573777        3.7043380207829163E-003  0.25527732340418874        3.1833833594995891E-003  0.25473348643284177        3.1256204718646810E-003
  0.75000000000000000       0.25267652280227493        3.5647101841772655E-003  0.24699762275728113        3.0801330554399882E-003  0.24693158360308659        3.0298898808628146E-003
  0.75999999046325684       0.24299962869956315        3.4281904846951900E-003  0.23886257865332569        2.9786866610482573E-003  0.23925280013768263        2.9356699840813582E-003
  0.76999998092651367       0.23354422770819971        3.2947955660237471E-003  0.23087345383523405        2.8790599231001712E-003  0.23169999000349717        2.8429958001485725E-003
  0.77999997138977051       0.22431067842517083        3.1645304871779651E-003  0.22303275198502159        2.7812840632473789E-003  0.22427350973976437        2.7518717038576752E-003
  0.78999996185302734       0.21529949522303379        3.0374025048237026E-003  0.21534223900754956        2.6853811028432649E-003  0.21697668376540905        2.6623384863586428E-003
  0.79999995231628418       0.20651158689538543        2.9134244400404576E-003  0.20780391822878772        2.5913760239523161E-003  0.20981098444141300        2.5744142137553473E-003
  0.81000000238418579       0.19794744826947566        2.7926032737527798E-003  0.20041809329250160        2.4992726131016678E-003  0.20277793350781737        2.4881175580405953E-003
  0.81999999284744263       0.18960587730656372        2.6749220478369143E-003  0.19318640418702962        2.4090913214285972E-003  0.19587897975862173        2.4034662961476311E-003
  0.82999998331069946       0.18148758614575206        2.5603908090098436E-003  0.18610965952135680        2.3208422325251489E-003  0.18911525139705707        2.3204742713098941E-003
  0.83999997377395630       0.17359056999969347        2.4489812741299607E-003  0.17918895280795150        2.2345389828136624E-003  0.18248816870352097        2.2391589105941845E-003
  0.84999996423721313       0.16591350242254646        2.3406747299628654E-003  0.17242380017697453        2.1501755382948226E-003  0.17599764202697787        2.1595191139680142E-003
  0.85999995470046997       0.15845550031991928        2.2354587179883195E-003  0.16581488939221609        2.0677604755855268E-003  0.16964472927670884        2.0815678621468451E-003
  0.87000000476837158       0.15121536876767830        2.1333163804540460E-003  0.15936265323888918        1.9872991916447640E-003  0.16342983102678676        2.0053100702383825E-003
  0.87999999523162842       0.14419110911792365        2.0342195208325445E-003  0.15306613150174261        1.9087797123057278E-003  0.15735371113861224        1.9307551109437424E-003
  0.88999998569488525       0.13737947237319198        1.9381223029130876E-003  0.14692538903861069        1.8322028463647006E-003  0.15141558056496274        1.8578933025277617E-003
  0.89999997615814209       0.13077942625804889        1.8450101635589270E-003  0.14093991171155146        1.7575621823702197E-003  0.14561580630369317        1.7867291481126052E-003
  0.90999996662139893       0.12438748222923485        1.7548338870948298E-003  0.13510901701551856        1.6848492092834725E-003  0.13995417224794604        1.7172599960326932E-003
  0.91999995708465576       0.11820142686923227        1.6675622470662039E-003  0.12943228180497407        1.6140586503550556E-003  0.13443072269127362        1.6494863897769682E-003
  0.93000000715255737       0.11221882249523311        1.5831608531282847E-003  0.12390783074487270        1.5451671196049816E-003  0.12904409227097960        1.5833915761275716E-003
  0.93999999761581421       0.10643651665124426        1.5015852310582265E-003  0.11853500936211771        1.4781664555610977E-003  0.12379411076643390        1.5189734664502416E-003
  0.94999998807907104       0.10085024629074577        1.4227752386426692E-003  0.11331249982936566        1.4130402245285522E-003  0.11867996492464096        1.4562220820011319E-003
  0.95999997854232788        9.5457920665334442E-002   1.3467013800185135E-003  0.10823929435729102        1.3497758590778309E-003  0.11370074734247503        1.3951262887992846E-003
  0.96999996900558472        9.0255172649116339E-002   1.2733020446412677E-003  0.10331302952036302        1.2883438865969284E-003  0.10885582035601796        1.3356782626068105E-003
  0.97999995946884155        8.5238916736609965E-002   1.2025337028125976E-003   9.8532457858459030E-002   1.2287287508909485E-003  0.10414325657510566        1.2778543540392538E-003
  0.98999994993209839        8.0405953178233555E-002   1.1343512131011047E-003   9.3895808678861992E-002   1.1709083709005308E-003   9.9562197725111753E-002   1.2216440319301794E-003
   1.0000000000000000        7.5752335023196060E-002   1.0686988927091708E-003   8.9401577495158188E-002   1.1148639852372802E-003   9.5111262436865643E-002   1.1670303466597325E-003
