 pt up dp u1 d1 u2 d2
   0.0000000000000000        0.0000000000000000        0.0000000000000000        0.0000000000000000        0.0000000000000000        0.0000000000000000        0.0000000000000000     
   9.9999997764825821E-003   3.4987229917750375        3.4987229917750375        3.1709903883859938        2.1963203214189910        2.8970157005026484        2.0162704006244625     
   1.9999999552965164E-002   3.4932659152830396        3.4932659152830396        3.1668069817126470        2.1934227720845358        2.8934317863223149        2.0137760613363014     
   2.9999999329447746E-002   3.4844212161466586        3.4844212161466586        3.1600901312648655        2.1887704857867201        2.8877037874745652        2.0097894779948557     
   3.9999999105930328E-002   3.4721092734519163        3.4721092734519163        3.1507443782601632        2.1822973449918539        2.8797362404859697        2.0042442097535051     
   4.9999997019767761E-002   3.4560571249196674        3.4560571249196674        3.1384657179205764        2.1737927871343441        2.8692304063592196        1.9969323396866772     
   5.9999998658895493E-002   3.4368463283417028        3.4368463283417028        3.1238467948703152        2.1636672951460532        2.8567551342632393        1.9882497765019154     
   7.0000000298023224E-002   3.4141022431484362        3.4141022431484362        3.1064666103750898        2.1516292730389264        2.8418955946264188        1.9779078063388158     
   7.9999998211860657E-002   3.3882274704648321        3.3882274704648321        3.0867212672446671        2.1379530731584180        2.8250282427786368        1.9661684352813165     
   8.9999996125698090E-002   3.3591762483812242        3.3591762483812242        3.0645283490938922        2.1225816115151854        2.8060640969851018        1.9529697336553657     
   9.9999994039535522E-002   3.3267908661440919        3.3267908661440919        3.0396848462913213        2.1053742777243403        2.7847968412307114        1.9381681092552470     
  0.10999999940395355        3.2914233121658265        3.2914233121658265        3.0125209830833901        2.0865597947191779        2.7615355270981032        1.9219786563789398     
  0.11999999731779099        3.2532739520888510        3.2532739520888510        2.9832046596034956        2.0662544550234139        2.7364313895177133        1.9045066317959327     
  0.12999999523162842        3.2121848473818861        3.2121848473818861        2.9515219173469460        2.0443100647435810        2.7092644022895498        1.8855989012604073     
  0.14000000059604645        3.1685570708439852        3.1685570708439852        2.9178466527471048        2.0209855954419131        2.6803837804983166        1.8654985121395644     
  0.14999999105930328        3.1222300686550954        3.1222300686550954        2.8819573707699413        1.9961276332051674        2.6495608551320458        1.8440463149471626     
  0.15999999642372131        3.0735014086091592        3.0735014086091592        2.8441140669914651        1.9699162585435730        2.6170330254416072        1.8214075352574268     
  0.17000000178813934        3.0225316346158846        3.0225316346158846        2.8045128628737048        1.9424873108952101        2.5829753512771201        1.7977040115519625     
  0.17999999225139618        2.9694276886017024        2.9694276886017024        2.7630222328445826        1.9137496918172117        2.5472212333379605        1.7728197937382117     
  0.18999999761581421        2.9143364477939571        2.9143364477939571        2.7198657065173499        1.8838582244316548        2.5100154610592713        1.7469252508246622     
  0.19999998807907104        2.8574096539780904        2.8574096539780904        2.6751251194698180        1.8528695904437937        2.4714032763377456        1.7200518703511110     
  0.20999999344348907        2.7988012544050265        2.7988012544050265        2.6289002884440440        1.8208529258370827        2.4314656008100779        1.6922559723094792     
  0.21999999880790710        2.7386672852331224        2.7386672852331224        2.5812987382303616        1.7878827054137492        2.3902853030860092        1.6635952317496205     
  0.22999998927116394        2.6771664200148324        2.6771664200148324        2.5324317941869956        1.7540360363600729        2.3479513381510788        1.6341315597285924     
  0.23999999463558197        2.6144529756175325        2.6144529756175325        2.4823992224905362        1.7193820196363827        2.3045520718611754        1.6039264572799021     
  0.25000000000000000        2.5506837140542071        2.5506837140542071        2.4313144123623873        1.6839991919207196        2.2601769197799744        1.5730421560146355     
  0.25999999046325684        2.4860209608114192        2.4860209608114192        2.3792904407500193        1.6479658736010998        2.2149138760619320        1.5415398982688362     
  0.26999998092651367        2.4206146542532130        2.4206146542532130        2.3264291821212568        1.6113526259017814        2.1688569975548599        1.5094851459032013     
  0.28000000119209290        2.3546187230485018        2.3546187230485018        2.2728431689552213        1.5742373920961386        2.1220941592891140        1.4769390583455633     
  0.28999999165534973        2.2881849464187707        2.2881849464187707        2.2186388515518125        1.5366939027630337        2.0747153883135305        1.4439642927895933     
  0.29999998211860657        2.2214575592545645        2.2214575592545645        2.1639302286117190        1.4988011167236099        2.0268123641113309        1.4106246564933420     
  0.31000000238418579        2.1545807564765034        2.1545807564765034        2.1088142090019506        1.4606261558823448        1.9784659880918489        1.3769764553708455     
  0.31999999284744263        2.0876938955442008        2.0876938955442008        2.0534010198222745        1.4222453667397130        1.9297696910111000        1.3430847155342633     
  0.32999998331069946        2.0209293663471617        2.0209293663471617        1.9977859318369933        1.3837247366025307        1.8808072624895968        1.3090077530402495     
  0.34000000357627869        1.9544206810016418        1.9544206810016418        1.9420710918701536        1.3451350153369095        1.8316625128459196        1.2748038983509387     
  0.34999999403953552        1.8882882444827875        1.8882882444827875        1.8863532372040634        1.3065432060027637        1.7824163760523937        1.2405294800436233     
  0.35999998450279236        1.8226510270179908        1.8226510270179908        1.8307283793602578        1.2680158089769475        1.7331515982307593        1.2062420879187301     
  0.37000000476837158        1.7576194379716712        1.7576194379716712        1.7752812815790391        1.2296115337490496        1.6839442516219056        1.1719946668766277     
  0.37999999523162842        1.6933052558438697        1.6933052558438697        1.7201004087742637        1.1913916536955957        1.6348698541841855        1.1378397760470789     
  0.38999998569488525        1.6298013596829473        1.6298013596829473        1.6652761608350897        1.1534187824133815        1.5860030320152001        1.1038293538409409     
  0.39999997615814209        1.5672017441473318        1.5672017441473318        1.6108770457073445        1.1157403705014821        1.5374078624208949        1.0700079969013421     
  0.40999999642372131        1.5055953672257820        1.5055953672257820        1.5569857650019170        1.0784136995048956        1.4891559992520653        1.0364255750092501     
  0.41999998688697815        1.4450615538995795        1.4450615538995795        1.5036729130548618        1.0414876651173497        1.4413101713894243        1.0031257463282806     
  0.42999997735023499        1.3856712198697254        1.3856712198697254        1.4510082280161332        1.0050105700131395        1.3939329208740099       0.97015203898502200     
  0.43999999761581421        1.3274911150599160        1.3274911150599160        1.3990506009187968       0.96902320383740259        1.3470746137572527       0.93753950683806264     
  0.44999998807907104        1.2705796774251195        1.2705796774251195        1.3478640420608754       0.93356990198731893        1.3007978897924479       0.90533174601995026     
  0.45999997854232788        1.2149940517094606        1.2149940517094606        1.2974990549729166       0.89868564467943279        1.2551503404528823       0.87356187933319362     
  0.46999999880790710        1.1607748986497100        1.1607748986497100        1.2480104684487670       0.86440840793365570        1.2101810824814172       0.84226409114026912     
  0.47999998927116394        1.1079632394555883        1.1079632394555883        1.1994409023878052       0.83076771153391438        1.1659308734089451       0.81146674794368545     
  0.48999997973442078        1.0565949446789611        1.0565949446789611        1.1518313342459787       0.79779193765996748        1.1224393236287618       0.78119741785898744     
  0.50000000000000000        1.0066969291819179        1.0066969291819179        1.1052278601045420       0.76551301380057912        1.0797507318984991       0.75148693201828687     
  0.50999999046325684       0.95828978710533830       0.95828978710533830        1.0596575009406248       0.73394965547169566        1.0378931131510614       0.72235478830693622     
  0.51999998092651367       0.91139023396795371       0.91139023396795371        1.0151536030626214       0.70312495929796592       0.99690015295486978       0.69382443126978999     
  0.52999997138977051       0.86600794561016303       0.86600794561016303       0.97173815615139159       0.67305415597296614       0.95679330892418823       0.66591079501731998     
  0.53999996185302734       0.82215259533158147       0.82215259533158147       0.92943484173827451       0.64375364801519885       0.91760330739628371       0.63863526452315333     
  0.55000001192092896       0.77982005964218137       0.77982005964218137       0.88826316210615441       0.61523694327393852       0.87934813472769513       0.61201035796532199     
  0.56000000238418579       0.73900787026787285       0.73900787026787285       0.84823433030185957       0.58751180823208082       0.84204743066328047       0.58604974425015177     
  0.56999999284744263       0.69970990306687819       0.69970990306687819       0.80936241367476913       0.56058798634561968       0.80571262599014770       0.56076137899821410     
  0.57999998331069946       0.66191476437508934       0.66191476437508934       0.77165129597236937       0.53446816761120775       0.77035466545454800       0.53615287955445601     
  0.58999997377395630       0.62560239880255819       0.62560239880255819       0.73510848851358113       0.50915755458715239       0.73598855570960109       0.51223469027735768     
  0.59999996423721313       0.59075912232826788       0.59075912232826788       0.69972906113020450       0.48465273249533020       0.70261530604470812       0.48900751361404232     
  0.61000001430511475       0.55735555620148758       0.55735555620148758       0.66551781905238716       0.46095702957812884       0.67024114926322598       0.46647568748263607     
  0.62000000476837158       0.52537564091819344       0.52537564091819344       0.63246934974346636       0.43806669695497602       0.63886258323421208       0.44463677446350303     
  0.62999999523162842       0.49478730927501913       0.49478730927501913       0.60057297385306541       0.41597433779668741       0.60848402628798903       0.42349384963443604     
  0.63999998569488525       0.46555669095023217       0.46555669095023217       0.56982448789193407       0.39467704064414905       0.57909972352134431       0.40304290768714390     
  0.64999997615814209       0.43766013930835251       0.43766013930835251       0.54020134860566804       0.37415919138262260       0.55070537882222004       0.38328095860552908     
  0.65999996662139893       0.41105851281673766       0.41105851281673766       0.51169601482108840       0.35441556677587366       0.52328875740228398       0.36419948719874562     
  0.66999995708465576       0.38571741296595402       0.38571741296595402       0.48429844760521096       0.33543921356645806       0.49684586469776887       0.34579571332283920     
  0.68000000715255737       0.36160379191618092       0.36160379191618092       0.45798059193025964       0.31721070002482954       0.47136453853306537       0.32806117232410181     
  0.68999999761581421       0.33867676095346844       0.33867676095346844       0.43272853957752316       0.29972039291352987       0.44682985899326710       0.31098548021227851     
  0.69999998807907104       0.31689873714072531       0.31689873714072531       0.40851837153169218       0.28295172522573747       0.42322988398474748       0.29456032550673122     
  0.70999997854232788       0.29623290860513174       0.29623290860513174       0.38532706798247718       0.26688875277022561       0.40054663834010795       0.27877319781686594     
  0.71999996900558472       0.27663848497915111       0.27663848497915111       0.36313710990152526       0.25151934135758591       0.37876267749684994       0.26361195604347731     
  0.72999995946884155       0.25807942231962910       0.25807942231962910       0.34191918309583835       0.23682318712375683       0.35786210023127180       0.24906553322318045     
  0.74000000953674316       0.24051267619982153       0.24051267619982153       0.32165278603447839       0.22278609011115216       0.33783073718923901       0.23512406774240813     
  0.75000000000000000       0.22389990290084158       0.22389990290084158       0.30230327894261588       0.20938405780258709       0.31863946847920444       0.22176729268462711     
  0.75999999046325684       0.20820526505893294       0.20820526505893294       0.28384969495741652       0.19660256793804806       0.30027440522851084       0.20898554164629327     
  0.76999998092651367       0.19338660214028230       0.19338660214028230       0.26627043298999781       0.18442665897408519       0.28271375792596948       0.19676364952269276     
  0.77999997138977051       0.17940655871361597       0.17940655871361597       0.24952749981978145       0.17283001569929352       0.26593368948609286       0.18508502613452635     
  0.78999996185302734       0.16622948966655932       0.16622948966655932       0.23360407313825726       0.16180098649272490       0.24991436973169032       0.17393587003801775     
  0.79999995231628418       0.15381709084480055       0.15381709084480055       0.21846203663887820       0.15131317089004762       0.23462959990043916       0.16329794736961009     
  0.81000000238418579       0.14213642360218359       0.14213642360218359       0.20408093044879216       0.14135239778727987       0.22006115125836470       0.15315857126096979     
  0.81999999284744263       0.13114921550528905       0.13114921550528905       0.19043257883531359       0.13189915185113815       0.20618312325086949       0.14349971539571002     
  0.82999998331069946       0.12082187961625915       0.12082187961625915       0.17748714134276891       0.12293276471269980       0.19297848918932164       0.13430952950726047     
  0.83999997377395630       0.11112424357918357       0.11112424357918357       0.16521983999900375       0.11443607442661080       0.18041580503809623       0.12556612911695009     
  0.84999996423721313       0.10202088332849711       0.10202088332849711       0.15360148524944309       0.10638886345701078       0.16847822510781635       0.11725778993040878     
  0.85999995470046997        9.3481299802186127E-002   9.3481299802186127E-002  0.14260792320165114        9.8774402114340007E-002  0.15714244394740870       0.10936829177624929     
  0.87000000476837158        8.5477113219319334E-002   8.5477113219319334E-002  0.13221078056453808        9.1573038230608347E-002  0.14638392064653033       0.10188055462583413     
  0.87999999523162842        7.7978046052950417E-002   7.7978046052950417E-002  0.12238400550259439        8.4766727545590587E-002  0.13618251484651223        9.4780561154702250E-002
  0.88999998569488525        7.0959119209816249E-002   7.0959119209816249E-002  0.11310890133866093        7.8342520196007973E-002  0.12651275922028934        8.8050586564974428E-002
  0.89999997615814209        6.4390449424889168E-002   6.4390449424889168E-002  0.10435176659173524        7.2277073554314716E-002  0.11735712643399102        8.1678432150072033E-002
  0.90999996662139893        5.8247045278928093E-002   5.8247045278928093E-002   9.6097885935199343E-002   6.6560195356603138E-002  0.10869135412768915        7.5647211747394777E-002
  0.91999995708465576        5.2506018515070377E-002   5.2506018515070377E-002   8.8314984424302384E-002   6.1169531035893503E-002  0.10050001951512239        6.9946191377341829E-002
  0.93000000715255737        4.7144479928577773E-002   4.7144479928577773E-002   8.0986677776666210E-002   5.6093732360897861E-002   9.2754971361738048E-002   6.4555778291085261E-002
  0.93999999761581421        4.2137106711332521E-002   4.2137106711332521E-002   7.4090459034334630E-002   5.1317210356855346E-002   8.5441778764474827E-002   5.9465928841747069E-002
  0.94999998807907104        3.7463479829801263E-002   3.7463479829801263E-002   6.7603025479851489E-002   4.6823824882792409E-002   7.8540434645506613E-002   5.4662718465916055E-002
  0.95999997854232788        3.3107714513731228E-002   3.3107714513731228E-002   6.1505929447827734E-002   4.2600798548236750E-002   7.2030274686659068E-002   5.0131765172816187E-002
  0.96999996900558472        2.9047559394135378E-002   2.9047559394135378E-002   5.5777362053654668E-002   3.8633025884364347E-002   6.5894752021656663E-002   4.5861552643537008E-002
  0.97999995946884155        2.5261832724830964E-002   2.5261832724830964E-002   5.0307913174307273E-002   3.4844726252592835E-002   6.0112971625374281E-002   4.1837538319447407E-002
  0.98999994993209839        2.1739412849399422E-002   2.1739412849399422E-002   4.5262293434937761E-002   3.1349983030311911E-002   5.4671390086516523E-002   3.8050296231846727E-002
   1.0000000000000000        1.8457972413587490E-002   1.8457972413587490E-002   4.0531652312194272E-002   2.8073403173975595E-002   4.9550584626220029E-002   3.4486308478808229E-002
