 gamma g3f pt DY-RATIO error R_dy tmp element 
   3.5959595959595960        0.0000000000000000        1.2500000000000000        1.0569999999999999        8.0000000000000002E-002  0.98846253691034114       0.73396622605724093      Fe
   3.5959595959595960        5.0505050505050509E-003   1.2500000000000000        1.0569999999999999        8.0000000000000002E-002  0.98846264093615055       0.73396399803859658      Fe
   3.5959595959595960        1.0101010101010102E-002   1.2500000000000000        1.0569999999999999        8.0000000000000002E-002  0.98846274481462126       0.73396177317901812      Fe
   3.5959595959595960        1.5151515151515152E-002   1.2500000000000000        1.0569999999999999        8.0000000000000002E-002  0.98846284854576172       0.73395955147831060      Fe
   3.5959595959595960        2.0202020202020204E-002   1.2500000000000000        1.0569999999999999        8.0000000000000002E-002  0.98846295212957924       0.73395733293630283      Fe
   3.5959595959595960        2.5252525252525252E-002   1.2500000000000000        1.0569999999999999        8.0000000000000002E-002  0.98846305556608194       0.73395511755280685      Fe
   3.5959595959595960        3.0303030303030304E-002   1.2500000000000000        1.0569999999999999        8.0000000000000002E-002  0.98846315885527702       0.73395290532765378      Fe
   3.5959595959595960        3.5353535353535352E-002   1.2500000000000000        1.0569999999999999        8.0000000000000002E-002  0.98846326199717349       0.73395069626063669      Fe
   3.5959595959595960        4.0404040404040407E-002   1.2500000000000000        1.0569999999999999        8.0000000000000002E-002  0.98846336499177723       0.73394849035161547      Fe
   3.5959595959595960        4.5454545454545456E-002   1.2500000000000000        1.0569999999999999        8.0000000000000002E-002  0.98846346783909711       0.73394628760038561      Fe
   3.5959595959595960        5.0505050505050504E-002   1.2500000000000000        1.0569999999999999        8.0000000000000002E-002  0.98846357053914025       0.73394408800678057      Fe
   3.5959595959595960        5.5555555555555552E-002   1.2500000000000000        1.0569999999999999        8.0000000000000002E-002  0.98846367309191563       0.73394189157059397      Fe
   3.5959595959595960        6.0606060606060608E-002   1.2500000000000000        1.0569999999999999        8.0000000000000002E-002  0.98846377549742948       0.73393969829167816      Fe
   3.5959595959595960        6.5656565656565663E-002   1.2500000000000000        1.0569999999999999        8.0000000000000002E-002  0.98846387775569022       0.73393750816983827      Fe
   3.5959595959595960        7.0707070707070704E-002   1.2500000000000000        1.0569999999999999        8.0000000000000002E-002  0.98846397986670576       0.73393532120489158      Fe
   3.5959595959595960        7.5757575757575760E-002   1.2500000000000000        1.0569999999999999        8.0000000000000002E-002  0.98846408183048351       0.73393313739666444      Fe
   3.5959595959595960        8.0808080808080815E-002   1.2500000000000000        1.0569999999999999        8.0000000000000002E-002  0.98846418364703115       0.73393095674497877      Fe
   3.5959595959595960        8.5858585858585856E-002   1.2500000000000000        1.0569999999999999        8.0000000000000002E-002  0.98846428531635655       0.73392877924965194      Fe
   3.5959595959595960        9.0909090909090912E-002   1.2500000000000000        1.0569999999999999        8.0000000000000002E-002  0.98846438683846760       0.73392660491050066      Fe
   3.5959595959595960        9.5959595959595953E-002   1.2500000000000000        1.0569999999999999        8.0000000000000002E-002  0.98846448821337185       0.73392443372734961      Fe
   3.5959595959595960       0.10101010101010101        1.2500000000000000        1.0569999999999999        8.0000000000000002E-002  0.98846458944107629       0.73392226570003483      Fe
   3.5959595959595960       0.10606060606060606        1.2500000000000000        1.0569999999999999        8.0000000000000002E-002  0.98846469052158992       0.73392010082834969      Fe
   3.5959595959595960       0.11111111111111110        1.2500000000000000        1.0569999999999999        8.0000000000000002E-002  0.98846479145491983       0.73391793911212821      Fe
   3.5959595959595960       0.11616161616161616        1.2500000000000000        1.0569999999999999        8.0000000000000002E-002  0.98846489224107426       0.73391578055118056      Fe
   3.5959595959595960       0.12121212121212122        1.2500000000000000        1.0569999999999999        8.0000000000000002E-002  0.98846499288005985       0.73391362514534986      Fe
   3.5959595959595960       0.12626262626262627        1.2500000000000000        1.0569999999999999        8.0000000000000002E-002  0.98846509337188537       0.73391147289443470      Fe
   3.5959595959595960       0.13131313131313133        1.2500000000000000        1.0569999999999999        8.0000000000000002E-002  0.98846519371655828       0.73390932379826157      Fe
   3.5959595959595960       0.13636363636363635        1.2500000000000000        1.0569999999999999        8.0000000000000002E-002  0.98846529391408589       0.73390717785666015      Fe
   3.5959595959595960       0.14141414141414141        1.2500000000000000        1.0569999999999999        8.0000000000000002E-002  0.98846539396447619       0.73390503506944493      Fe
   3.5959595959595960       0.14646464646464646        1.2500000000000000        1.0569999999999999        8.0000000000000002E-002  0.98846549386773719       0.73390289543643128      Fe
   3.5959595959595960       0.15151515151515152        1.2500000000000000        1.0569999999999999        8.0000000000000002E-002  0.98846559362387598       0.73390075895745310      Fe
   3.5959595959595960       0.15656565656565657        1.2500000000000000        1.0569999999999999        8.0000000000000002E-002  0.98846569323290134       0.73389862563230879      Fe
   3.5959595959595960       0.16161616161616163        1.2500000000000000        1.0569999999999999        8.0000000000000002E-002  0.98846579269481971       0.73389649546084668      Fe
   3.5959595959595960       0.16666666666666666        1.2500000000000000        1.0569999999999999        8.0000000000000002E-002  0.98846589200963986       0.73389436844286526      Fe
   3.5959595959595960       0.17171717171717171        1.2500000000000000        1.0569999999999999        8.0000000000000002E-002  0.98846599117736844       0.73389224457820812      Fe
   3.5959595959595960       0.17676767676767677        1.2500000000000000        1.0569999999999999        8.0000000000000002E-002  0.98846609019801412       0.73389012386667618      Fe
   3.5959595959595960       0.18181818181818182        1.2500000000000000        1.0569999999999999        8.0000000000000002E-002  0.98846618907158468       0.73388800630808915      Fe
   3.5959595959595960       0.18686868686868688        1.2500000000000000        1.0569999999999999        8.0000000000000002E-002  0.98846628779808665       0.73388589190229336      Fe
   3.5959595959595960       0.19191919191919191        1.2500000000000000        1.0569999999999999        8.0000000000000002E-002  0.98846638637752915       0.73388378064908022      Fe
   3.5959595959595960       0.19696969696969696        1.2500000000000000        1.0569999999999999        8.0000000000000002E-002  0.98846648480991917       0.73388167254828618      Fe
   3.5959595959595960       0.20202020202020202        1.2500000000000000        1.0569999999999999        8.0000000000000002E-002  0.98846658309526492       0.73387956759972184      Fe
   3.5959595959595960       0.20707070707070707        1.2500000000000000        1.0569999999999999        8.0000000000000002E-002  0.98846668123357340       0.73387746580322377      Fe
   3.5959595959595960       0.21212121212121213        1.2500000000000000        1.0569999999999999        8.0000000000000002E-002  0.98846677922485315       0.73387536715859547      Fe
   3.5959595959595960       0.21717171717171718        1.2500000000000000        1.0569999999999999        8.0000000000000002E-002  0.98846687706911074       0.73387327166568295      Fe
   3.5959595959595960       0.22222222222222221        1.2500000000000000        1.0569999999999999        8.0000000000000002E-002  0.98846697476635526       0.73387117932427792      Fe
   3.5959595959595960       0.22727272727272727        1.2500000000000000        1.0569999999999999        8.0000000000000002E-002  0.98846707231659336       0.73386909013422419      Fe
   3.5959595959595960       0.23232323232323232        1.2500000000000000        1.0569999999999999        8.0000000000000002E-002  0.98846716971983384       0.73386700409532046      Fe
   3.5959595959595960       0.23737373737373738        1.2500000000000000        1.0569999999999999        8.0000000000000002E-002  0.98846726697608289       0.73386492120742031      Fe
   3.5959595959595960       0.24242424242424243        1.2500000000000000        1.0569999999999999        8.0000000000000002E-002  0.98846736408534930       0.73386284147032221      Fe
   3.5959595959595960       0.24747474747474749        1.2500000000000000        1.0569999999999999        8.0000000000000002E-002  0.98846746104764083       0.73386076488384666      Fe
   3.5959595959595960       0.25252525252525254        1.2500000000000000        1.0569999999999999        8.0000000000000002E-002  0.98846755786296470       0.73385869144782556      Fe
   3.5959595959595960       0.25757575757575757        1.2500000000000000        1.0569999999999999        8.0000000000000002E-002  0.98846765453132968       0.73385662116205774      Fe
   3.5959595959595960       0.26262626262626265        1.2500000000000000        1.0569999999999999        8.0000000000000002E-002  0.98846775105274209       0.73385455402639443      Fe
   3.5959595959595960       0.26767676767676768        1.2500000000000000        1.0569999999999999        8.0000000000000002E-002  0.98846784742721017       0.73385249004064612      Fe
   3.5959595959595960       0.27272727272727271        1.2500000000000000        1.0569999999999999        8.0000000000000002E-002  0.98846794365474189       0.73385042920462873      Fe
   3.5959595959595960       0.27777777777777779        1.2500000000000000        1.0569999999999999        8.0000000000000002E-002  0.98846803973534503       0.73384837151816240      Fe
   3.5959595959595960       0.28282828282828282        1.2500000000000000        1.0569999999999999        8.0000000000000002E-002  0.98846813566902669       0.73384631698108171      Fe
   3.5959595959595960       0.28787878787878790        1.2500000000000000        1.0569999999999999        8.0000000000000002E-002  0.98846823145579543       0.73384426559319027      Fe
   3.5959595959595960       0.29292929292929293        1.2500000000000000        1.0569999999999999        8.0000000000000002E-002  0.98846832709565835       0.73384221735432298      Fe
   3.5959595959595960       0.29797979797979796        1.2500000000000000        1.0569999999999999        8.0000000000000002E-002  0.98846842258862311       0.73384017226430243      Fe
   3.5959595959595960       0.30303030303030304        1.2500000000000000        1.0569999999999999        8.0000000000000002E-002  0.98846851793469748       0.73383813032294887      Fe
   3.5959595959595960       0.30808080808080807        1.2500000000000000        1.0569999999999999        8.0000000000000002E-002  0.98846861313388990       0.73383609153006879      Fe
   3.5959595959595960       0.31313131313131315        1.2500000000000000        1.0569999999999999        8.0000000000000002E-002  0.98846870818620713       0.73383405588550388      Fe
   3.5959595959595960       0.31818181818181818        1.2500000000000000        1.0569999999999999        8.0000000000000002E-002  0.98846880309165763       0.73383202338906028      Fe
   3.5959595959595960       0.32323232323232326        1.2500000000000000        1.0569999999999999        8.0000000000000002E-002  0.98846889785024838       0.73382999404057536      Fe
   3.5959595959595960       0.32828282828282829        1.2500000000000000        1.0569999999999999        8.0000000000000002E-002  0.98846899246198805       0.73382796783985027      Fe
   3.5959595959595960       0.33333333333333331        1.2500000000000000        1.0569999999999999        8.0000000000000002E-002  0.98846908692688296       0.73382594478673691      Fe
   3.5959595959595960       0.33838383838383840        1.2500000000000000        1.0569999999999999        8.0000000000000002E-002  0.98846918124494210       0.73382392488102921      Fe
   3.5959595959595960       0.34343434343434343        1.2500000000000000        1.0569999999999999        8.0000000000000002E-002  0.98846927541617269       0.73382190812255998      Fe
   3.5959595959595960       0.34848484848484851        1.2500000000000000        1.0569999999999999        8.0000000000000002E-002  0.98846936944058283       0.73381989451114271      Fe
   3.5959595959595960       0.35353535353535354        1.2500000000000000        1.0569999999999999        8.0000000000000002E-002  0.98846946331817964       0.73381788404661208      Fe
   3.5959595959595960       0.35858585858585856        1.2500000000000000        1.0569999999999999        8.0000000000000002E-002  0.98846955704897099       0.73381587672878634      Fe
   3.5959595959595960       0.36363636363636365        1.2500000000000000        1.0569999999999999        8.0000000000000002E-002  0.98846965063296521       0.73381387255747454      Fe
   3.5959595959595960       0.36868686868686867        1.2500000000000000        1.0569999999999999        8.0000000000000002E-002  0.98846974407016941       0.73381187153251126      Fe
   3.5959595959595960       0.37373737373737376        1.2500000000000000        1.0569999999999999        8.0000000000000002E-002  0.98846983736059080       0.73380987365372952      Fe
   3.5959595959595960       0.37878787878787878        1.2500000000000000        1.0569999999999999        8.0000000000000002E-002  0.98846993050423848       0.73380787892092103      Fe
   3.5959595959595960       0.38383838383838381        1.2500000000000000        1.0569999999999999        8.0000000000000002E-002  0.98847002350111857       0.73380588733394270      Fe
   3.5959595959595960       0.38888888888888890        1.2500000000000000        1.0569999999999999        8.0000000000000002E-002  0.98847011635124016       0.73380389889258646      Fe
   3.5959595959595960       0.39393939393939392        1.2500000000000000        1.0569999999999999        8.0000000000000002E-002  0.98847020905461036       0.73380191359668745      Fe
   3.5959595959595960       0.39898989898989901        1.2500000000000000        1.0569999999999999        8.0000000000000002E-002  0.98847030161123695       0.73379993144606648      Fe
   3.5959595959595960       0.40404040404040403        1.2500000000000000        1.0569999999999999        8.0000000000000002E-002  0.98847039402112746       0.73379795244054902      Fe
   3.5959595959595960       0.40909090909090912        1.2500000000000000        1.0569999999999999        8.0000000000000002E-002  0.98847048628428968       0.73379597657995621      Fe
   3.5959595959595960       0.41414141414141414        1.2500000000000000        1.0569999999999999        8.0000000000000002E-002  0.98847057840073149       0.73379400386410631      Fe
   3.5959595959595960       0.41919191919191917        1.2500000000000000        1.0569999999999999        8.0000000000000002E-002  0.98847067037046021       0.73379203429282980      Fe
   3.5959595959595960       0.42424242424242425        1.2500000000000000        1.0569999999999999        8.0000000000000002E-002  0.98847076219348440       0.73379006786593115      Fe
   3.5959595959595960       0.42929292929292928        1.2500000000000000        1.0569999999999999        8.0000000000000002E-002  0.98847085386981115       0.73378810458324517      Fe
   3.5959595959595960       0.43434343434343436        1.2500000000000000        1.0569999999999999        8.0000000000000002E-002  0.98847094539944813       0.73378614444459545      Fe
   3.5959595959595960       0.43939393939393939        1.2500000000000000        1.0569999999999999        8.0000000000000002E-002  0.98847103678240300       0.73378418744980534      Fe
   3.5959595959595960       0.44444444444444442        1.2500000000000000        1.0569999999999999        8.0000000000000002E-002  0.98847112801868342       0.73378223359869810      Fe
   3.5959595959595960       0.44949494949494950        1.2500000000000000        1.0569999999999999        8.0000000000000002E-002  0.98847121910829794       0.73378028289107833      Fe
   3.5959595959595960       0.45454545454545453        1.2500000000000000        1.0569999999999999        8.0000000000000002E-002  0.98847131005125333       0.73377833532678827      Fe
   3.5959595959595960       0.45959595959595961        1.2500000000000000        1.0569999999999999        8.0000000000000002E-002  0.98847140084755758       0.73377639090564428      Fe
   3.5959595959595960       0.46464646464646464        1.2500000000000000        1.0569999999999999        8.0000000000000002E-002  0.98847149149721836       0.73377444962746996      Fe
   3.5959595959595960       0.46969696969696972        1.2500000000000000        1.0569999999999999        8.0000000000000002E-002  0.98847158200024365       0.73377251149208145      Fe
   3.5959595959595960       0.47474747474747475        1.2500000000000000        1.0569999999999999        8.0000000000000002E-002  0.98847167235664102       0.73377057649930477      Fe
   3.5959595959595960       0.47979797979797978        1.2500000000000000        1.0569999999999999        8.0000000000000002E-002  0.98847176256641789       0.73376864464896807      Fe
   3.5959595959595960       0.48484848484848486        1.2500000000000000        1.0569999999999999        8.0000000000000002E-002  0.98847185262958237       0.73376671594088561      Fe
   3.5959595959595960       0.48989898989898989        1.2500000000000000        1.0569999999999999        8.0000000000000002E-002  0.98847194254614179       0.73376479037488807      Fe
   3.5959595959595960       0.49494949494949497        1.2500000000000000        1.0569999999999999        8.0000000000000002E-002  0.98847203231610414       0.73376286795079160      Fe
   3.5959595959595960       0.50000000000000000        1.2500000000000000        1.0569999999999999        8.0000000000000002E-002  0.98847212193947720       0.73376094866841779      Fe
