 gamma g3f pt DY-RATIO error R_dy tmp element 
   1.5757575757575757        0.0000000000000000        1.7500000000000000        1.0620000000000001        6.6000000000000003E-002  0.98874240975988525        1.2320189457733155      Fe
   1.5757575757575757        5.0505050505050509E-003   1.7500000000000000        1.0620000000000001        6.6000000000000003E-002  0.98905759834148388        1.2214403029642569      Fe
   1.5757575757575757        1.0101010101010102E-002   1.7500000000000000        1.0620000000000001        6.6000000000000003E-002  0.98936610953547033        1.2111299458249085      Fe
   1.5757575757575757        1.5151515151515152E-002   1.7500000000000000        1.0620000000000001        6.6000000000000003E-002  0.98967389372907744        1.2008874307421469      Fe
   1.5757575757575757        2.0202020202020204E-002   1.7500000000000000        1.0620000000000001        6.6000000000000003E-002  0.98998094977071416        1.1907124875868698      Fe
   1.5757575757575757        2.5252525252525252E-002   1.7500000000000000        1.0620000000000001        6.6000000000000003E-002  0.99028727652704707        1.1806048457089582      Fe
   1.5757575757575757        3.0303030303030304E-002   1.7500000000000000        1.0620000000000001        6.6000000000000003E-002  0.99047160189106465        1.1745435573990712      Fe
   1.5757575757575757        3.5353535353535352E-002   1.7500000000000000        1.0620000000000001        6.6000000000000003E-002  0.99077655978844614        1.1645496867696956      Fe
   1.5757575757575757        4.0404040404040407E-002   1.7500000000000000        1.0620000000000001        6.6000000000000003E-002  0.99108078502369090        1.1546223720973259      Fe
   1.5757575757575757        4.5454545454545456E-002   1.7500000000000000        1.0620000000000001        6.6000000000000003E-002  0.99138427653568550        1.1447613407687198      Fe
   1.5757575757575757        5.0505050505050504E-002   1.7500000000000000        1.0620000000000001        6.6000000000000003E-002  0.99168703328112984        1.1349663197449382      Fe
   1.5757575757575757        5.5555555555555552E-002   1.7500000000000000        1.0620000000000001        6.6000000000000003E-002  0.99198905423444905        1.1252370355801018      Fe
   1.5757575757575757        6.0606060606060608E-002   1.7500000000000000        1.0620000000000001        6.6000000000000003E-002  0.99209259421311624        1.1219112451450954      Fe
   1.5757575757575757        6.5656565656565663E-002   1.7500000000000000        1.0620000000000001        6.6000000000000003E-002  0.99239329062952242        1.1122805301621070      Fe
   1.5757575757575757        7.0707070707070704E-002   1.7500000000000000        1.0620000000000001        6.6000000000000003E-002  0.99269324814545523        1.1027148422009760      Fe
   1.5757575757575757        7.5757575757575760E-002   1.7500000000000000        1.0620000000000001        6.6000000000000003E-002  0.99311780073966038        1.0892464129800594      Fe
   1.5757575757575757        8.0808080808080815E-002   1.7500000000000000        1.0620000000000001        6.6000000000000003E-002  0.99341626353691670        1.0798275728277478      Fe
   1.5757575757575757        8.5858585858585856E-002   1.7500000000000000        1.0620000000000001        6.6000000000000003E-002  0.99371398453342430        1.0704728898763596      Fe
   1.5757575757575757        9.0909090909090912E-002   1.7500000000000000        1.0620000000000001        6.6000000000000003E-002  0.99401096282532397        1.0611820881403777      Fe
   1.5757575757575757        9.5959595959595953E-002   1.7500000000000000        1.0620000000000001        6.6000000000000003E-002  0.99430719752576968        1.0519548913717101      Fe
   1.5757575757575757       0.10101010101010101        1.7500000000000000        1.0620000000000001        6.6000000000000003E-002  0.99460268776483529        1.0427910230772013      Fe
   1.5757575757575757       0.10606060606060606        1.7500000000000000        1.0620000000000001        6.6000000000000003E-002  0.99457376441495893        1.0436862362647994      Fe
   1.5757575757575757       0.11111111111111110        1.7500000000000000        1.0620000000000001        6.6000000000000003E-002  0.99486800449118062        1.0345970663443875      Fe
   1.5757575757575757       0.11616161616161616        1.7500000000000000        1.0620000000000001        6.6000000000000003E-002  0.99516149737841586        1.0255705768355181      Fe
   1.5757575757575757       0.12121212121212122        1.7500000000000000        1.0620000000000001        6.6000000000000003E-002  0.99545424227374724        1.0166064902114638      Fe
   1.5757575757575757       0.12626262626262627        1.7500000000000000        1.0620000000000001        6.6000000000000003E-002  0.99574623839072951        1.0077045287828401      Fe
   1.5757575757575757       0.13131313131313133        1.7500000000000000        1.0620000000000001        6.6000000000000003E-002  0.99603748495930000       0.99886441471409093      Fe
   1.5757575757575757       0.13636363636363635        1.7500000000000000        1.0620000000000001        6.6000000000000003E-002  0.99632798122569100       0.99008587003976145      Fe
   1.5757575757575757       0.14141414141414141        1.7500000000000000        1.0620000000000001        6.6000000000000003E-002  0.99661772645233571       0.98136861668080999      Fe
   1.5757575757575757       0.14646464646464646        1.7500000000000000        1.0620000000000001        6.6000000000000003E-002  0.99690671991778435       0.97271237646046371      Fe
   1.5757575757575757       0.15151515151515152        1.7500000000000000        1.0620000000000001        6.6000000000000003E-002  0.99739991673743522       0.95802818125121858      Fe
   1.5757575757575757       0.15656565656565657        1.7500000000000000        1.0620000000000001        6.6000000000000003E-002  0.99748552183764549       0.95549079259892633      Fe
   1.5757575757575757       0.16161616161616163        1.7500000000000000        1.0620000000000001        6.6000000000000003E-002  0.99777237901170968       0.94701269463165250      Fe
   1.5757575757575757       0.16666666666666666        1.7500000000000000        1.0620000000000001        6.6000000000000003E-002  0.99805848143562514       0.93859453542660709      Fe
   1.5757575757575757       0.17171717171717171        1.7500000000000000        1.0620000000000001        6.6000000000000003E-002  0.99834382845717540       0.93023603661375565      Fe
   1.5757575757575757       0.17676767676767677        1.7500000000000000        1.0620000000000001        6.6000000000000003E-002  0.99862841944990643       0.92193691951721846      Fe
   1.5757575757575757       0.18181818181818182        1.7500000000000000        1.0620000000000001        6.6000000000000003E-002  0.99891225380285253       0.91369690547192406      Fe
   1.5757575757575757       0.18686868686868688        1.7500000000000000        1.0620000000000001        6.6000000000000003E-002  0.99919533092044799       0.90551571583839363      Fe
   1.5757575757575757       0.19191919191919191        1.7500000000000000        1.0620000000000001        6.6000000000000003E-002  0.99947765022243706       0.89739307201743124      Fe
   1.5757575757575757       0.19696969696969696        1.7500000000000000        1.0620000000000001        6.6000000000000003E-002  0.99975921114378397       0.88932869546466309      Fe
   1.5757575757575757       0.20202020202020202        1.7500000000000000        1.0620000000000001        6.6000000000000003E-002   1.0000400131345855       0.88132230770485509      Fe
   1.5757575757575757       0.20707070707070707        1.7500000000000000        1.0620000000000001        6.6000000000000003E-002  0.99999152422152904       0.88270226546584629      Fe
   1.5757575757575757       0.21212121212121213        1.7500000000000000        1.0620000000000001        6.6000000000000003E-002   1.0002710431186144       0.87476219413773493      Fe
   1.5757575757575757       0.21717171717171718        1.7500000000000000        1.0620000000000001        6.6000000000000003E-002   1.0005498013151328       0.86687945785345677      Fe
   1.5757575757575757       0.22222222222222221        1.7500000000000000        1.0620000000000001        6.6000000000000003E-002   1.0008277983210223       0.85905377829511642      Fe
   1.5757575757575757       0.22727272727272727        1.7500000000000000        1.0620000000000001        6.6000000000000003E-002   1.0011050336609089       0.85128487728169178      Fe
   1.5757575757575757       0.23232323232323232        1.7500000000000000        1.0620000000000001        6.6000000000000003E-002   1.0013815068740171       0.84357247678256375      Fe
   1.5757575757575757       0.23737373737373738        1.7500000000000000        1.0620000000000001        6.6000000000000003E-002   1.0016572174708884       0.83591630012756180      Fe
   1.5757575757575757       0.24242424242424243        1.7500000000000000        1.0620000000000001        6.6000000000000003E-002   1.0019321651060926       0.82831606722720919      Fe
   1.5757575757575757       0.24747474747474749        1.7500000000000000        1.0620000000000001        6.6000000000000003E-002   1.0022063493188953       0.82077150178466007      Fe
   1.5757575757575757       0.25252525252525254        1.7500000000000000        1.0620000000000001        6.6000000000000003E-002   1.0024797697060313       0.81328232650300303      Fe
   1.5757575757575757       0.25757575757575757        1.7500000000000000        1.0620000000000001        6.6000000000000003E-002   1.0025492306282195       0.81138521094964078      Fe
   1.5757575757575757       0.26262626262626265        1.7500000000000000        1.0620000000000001        6.6000000000000003E-002   1.0028212661103526       0.80397670908670960      Fe
   1.5757575757575757       0.26767676767676768        1.7500000000000000        1.0620000000000001        6.6000000000000003E-002   1.0030925365147561       0.79662287747138549      Fe
   1.5757575757575757       0.27272727272727271        1.7500000000000000        1.0620000000000001        6.6000000000000003E-002   1.0033630414943924       0.78932343957492124      Fe
   1.5757575757575757       0.27777777777777779        1.7500000000000000        1.0620000000000001        6.6000000000000003E-002   1.0039693681559763       0.77308407534816992      Fe
   1.5757575757575757       0.28282828282828282        1.7500000000000000        1.0620000000000001        6.6000000000000003E-002   1.0042382969628734       0.76593533924453860      Fe
   1.5757575757575757       0.28787878787878790        1.7500000000000000        1.0620000000000001        6.6000000000000003E-002   1.0043809306495806       0.76215728944179317      Fe
   1.5757575757575757       0.29292929292929293        1.7500000000000000        1.0620000000000001        6.6000000000000003E-002   1.0046484140052117       0.75509743253388628      Fe
   1.5757575757575757       0.29797979797979796        1.7500000000000000        1.0620000000000001        6.6000000000000003E-002   1.0049151301018406       0.74809053519049284      Fe
   1.5757575757575757       0.30303030303030304        1.7500000000000000        1.0620000000000001        6.6000000000000003E-002   1.0051810786742708       0.74113632245624772      Fe
   1.5757575757575757       0.30808080808080807        1.7500000000000000        1.0620000000000001        6.6000000000000003E-002   1.0054462594705973       0.73423451971235365      Fe
   1.5757575757575757       0.31313131313131315        1.7500000000000000        1.0620000000000001        6.6000000000000003E-002   1.0057106722521214       0.72738485268781006      Fe
   1.5757575757575757       0.31818181818181818        1.7500000000000000        1.0620000000000001        6.6000000000000003E-002   1.0059743167932651       0.72058704747048274      Fe
   1.5757575757575757       0.32323232323232326        1.7500000000000000        1.0620000000000001        6.6000000000000003E-002   1.0060345479780195       0.71903852617644792      Fe
   1.5757575757575757       0.32828282828282829        1.7500000000000000        1.0620000000000001        6.6000000000000003E-002   1.0062967961760614       0.71231563733959036      Fe
   1.5757575757575757       0.33333333333333331        1.7500000000000000        1.0620000000000001        6.6000000000000003E-002   1.0065582754120710       0.70564389928461391      Fe
   1.5757575757575757       0.33838383838383840        1.7500000000000000        1.0620000000000001        6.6000000000000003E-002   1.0068189855122167       0.69902303946302902      Fe
   1.5757575757575757       0.34343434343434343        1.7500000000000000        1.0620000000000001        6.6000000000000003E-002   1.0070789263153619       0.69245278573770774      Fe
   1.5757575757575757       0.34848484848484851        1.7500000000000000        1.0620000000000001        6.6000000000000003E-002   1.0073380976729784       0.68593286639321649      Fe
   1.5757575757575757       0.35353535353535354        1.7500000000000000        1.0620000000000001        6.6000000000000003E-002   1.0075964994490649       0.67946301014591326      Fe
   1.5757575757575757       0.35858585858585856        1.7500000000000000        1.0620000000000001        6.6000000000000003E-002   1.0078541315200622       0.67304294615397775      Fe
   1.5757575757575757       0.36363636363636365        1.7500000000000000        1.0620000000000001        6.6000000000000003E-002   1.0081109937747668       0.66667240402737193      Fe
   1.5757575757575757       0.36868686868686867        1.7500000000000000        1.0620000000000001        6.6000000000000003E-002   1.0083670861142511       0.66035111383750356      Fe
   1.5757575757575757       0.37373737373737376        1.7500000000000000        1.0620000000000001        6.6000000000000003E-002   1.0086224084517779       0.65407880612691471      Fe
   1.5757575757575757       0.37878787878787878        1.7500000000000000        1.0620000000000001        6.6000000000000003E-002   1.0085507387681194       0.65583643852934337      Fe
   1.5757575757575757       0.38383838383838381        1.7500000000000000        1.0620000000000001        6.6000000000000003E-002   1.0088047438425354       0.64961783233661230      Fe
   1.5757575757575757       0.38888888888888890        1.7500000000000000        1.0620000000000001        6.6000000000000003E-002   1.0090579785343428       0.64344757503905370      Fe
   1.5757575757575757       0.39393939393939392        1.7500000000000000        1.0620000000000001        6.6000000000000003E-002   1.0093104428049280       0.63732539885508954      Fe
   1.5757575757575757       0.39898989898989901        1.7500000000000000        1.0620000000000001        6.6000000000000003E-002   1.0095621366274556       0.63125103651919989      Fe
   1.5757575757575757       0.40404040404040403        1.7500000000000000        1.0620000000000001        6.6000000000000003E-002   1.0100237373491070       0.62018638180776409      Fe
   1.5757575757575757       0.40909090909090912        1.7500000000000000        1.0620000000000001        6.6000000000000003E-002   1.0102738599311638       0.61423176455942752      Fe
   1.5757575757575757       0.41414141414141414        1.7500000000000000        1.0620000000000001        6.6000000000000003E-002   1.0105232119151455       0.60832408437397256      Fe
   1.5757575757575757       0.41919191919191917        1.7500000000000000        1.0620000000000001        6.6000000000000003E-002   1.0107717933313298       0.60246307586960246      Fe
   1.5757575757575757       0.42424242424242425        1.7500000000000000        1.0620000000000001        6.6000000000000003E-002   1.0110196041894888       0.59664847497621576      Fe
   1.5757575757575757       0.42929292929292928        1.7500000000000000        1.0620000000000001        6.6000000000000003E-002   1.0112666445425671       0.59088001744036789      Fe
   1.5757575757575757       0.43434343434343436        1.7500000000000000        1.0620000000000001        6.6000000000000003E-002   1.0113126436323208       0.58980902101563781      Fe
   1.5757575757575757       0.43939393939393939        1.7500000000000000        1.0620000000000001        6.6000000000000003E-002   1.0115582777826453       0.58410636828576246      Fe
   1.5757575757575757       0.44444444444444442        1.7500000000000000        1.0620000000000001        6.6000000000000003E-002   1.0118031415064102       0.57844917415644825      Fe
   1.5757575757575757       0.44949494949494950        1.7500000000000000        1.0620000000000001        6.6000000000000003E-002   1.0120472348904173       0.57283717678906165      Fe
   1.5757575757575757       0.45454545454545453        1.7500000000000000        1.0620000000000001        6.6000000000000003E-002   1.0122905580323633       0.56727011495267254      Fe
   1.5757575757575757       0.45959595959595961        1.7500000000000000        1.0620000000000001        6.6000000000000003E-002   1.0125331110407594       0.56174772803164519      Fe
   1.5757575757575757       0.46464646464646464        1.7500000000000000        1.0620000000000001        6.6000000000000003E-002   1.0126517100816261       0.55905732733422520      Fe
   1.5757575757575757       0.46969696969696972        1.7500000000000000        1.0620000000000001        6.6000000000000003E-002   1.0128928051541821       0.55360803159438188      Fe
   1.5757575757575757       0.47474747474747475        1.7500000000000000        1.0620000000000001        6.6000000000000003E-002   1.0131331304129669       0.54820269587605663      Fe
   1.5757575757575757       0.47979797979797978        1.7500000000000000        1.0620000000000001        6.6000000000000003E-002   1.0133726860090368       0.54284106197789850      Fe
   1.5757575757575757       0.48484848484848486        1.7500000000000000        1.0620000000000001        6.6000000000000003E-002   1.0136114721038760       0.53752287234939689      Fe
   1.5757575757575757       0.48989898989898989        1.7500000000000000        1.0620000000000001        6.6000000000000003E-002   1.0138494888693157       0.53224787009783248      Fe
   1.5757575757575757       0.49494949494949497        1.7500000000000000        1.0620000000000001        6.6000000000000003E-002   1.0140867364874593       0.52701579899498863      Fe
   1.5757575757575757       0.50000000000000000        1.7500000000000000        1.0620000000000001        6.6000000000000003E-002   1.0141251564565179       0.52617094681195919      Fe
