 kt up dp u1 d1 u2 d2
   0.0000000000000000        0.0000000000000000        0.0000000000000000        0.0000000000000000        0.0000000000000000        0.0000000000000000        0.0000000000000000     
   9.9999997764825821E-003  0.15387605549322267        3.4330257479941030E-003  0.12882920698634454        2.5727927867237135E-003  0.11324972406216041        2.3747493057594857E-003
   1.9999999552965164E-002  0.15382889795624499        3.4319736477297878E-003  0.12879725231992292        2.5721546337986526E-003  0.11322565552533363        2.3742446092439454E-003
   2.9999999329447746E-002  0.15372572076943342        3.4296717305289950E-003  0.12872177494248652        2.5706473074960860E-003  0.11316502708319202        2.3729732829596900E-003
   3.9999999105930328E-002  0.15355568605709963        3.4258781997965910E-003  0.12859301071340049        2.5680758123551150E-003  0.11305883779283918        2.3707465848760278E-003
   4.9999997019767761E-002  0.15334182135656460        3.4211068075148602E-003  0.12843166233203174        2.5648535930971857E-003  0.11292614990743946        2.3679642340460783E-003
   5.9999998658895493E-002  0.15308198624713612        3.4153098001894404E-003  0.12823574961534487        2.5609411043369880E-003  0.11276511441375155        2.3645874582525410E-003
   7.0000000298023224E-002  0.15278313376803768        3.4086423024276319E-003  0.12801146978790956        2.5564621081859487E-003  0.11258141209593722        2.3607353786531541E-003
   7.9999998211860657E-002  0.15242813828660504        3.4007222356942242E-003  0.12774331840616654        2.5511069720577598E-003  0.11236071698558525        2.3561075920123208E-003
   8.9999996125698090E-002  0.15202858630220017        3.3918080986263927E-003  0.12744164331134611        2.5450823482473361E-003  0.11211252440845776        2.3509032071441982E-003
   9.9999994039535522E-002  0.15158434788235864        3.3818969923878309E-003  0.12710622831168306        2.5383839192817388E-003  0.11183658893387100        2.3451170775784457E-003
  0.10999999940395355       0.15109562787236011        3.3709934871445548E-003  0.12673714712721573        2.5310131573922116E-003  0.11153292669962048        2.3387495417107568E-003
  0.11999999731779099       0.15056986450863338        3.3592635324141678E-003  0.12634097908587757        2.5231014555124253E-003  0.11120754496884139        2.3319265666821346E-003
  0.12999999523162842       0.14999176399182221        3.3463659184691011E-003  0.12590381568890222        2.5143710529843943E-003  0.11084756318726169        2.3243780583482579E-003
  0.14000000059604645       0.14937110895274883        3.3325188990421251E-003  0.12543432833481516        2.5049951225854660E-003  0.11046090743435777        2.3162702197784039E-003
  0.14999999105930328       0.14870846062480464        3.3177349954360310E-003  0.12493287059393328        2.4949807253166500E-003  0.11004783211085498        2.3076083855369700E-003
  0.15999999642372131       0.14800442908034794        3.3020278185671363E-003  0.12439983213005507        2.4843356429863866E-003  0.10960862123507824        2.2983985112439401E-003
  0.17000000178813934       0.14725967519220073        3.2854121127269195E-003  0.12383564004580565        2.4730684050778468E-003  0.10914358943721207        2.2886471944236664E-003
  0.17999999225139618       0.14647493488378949        3.2679042966106998E-003  0.12324077985503487        2.4611887075796997E-003  0.10865310060478610        2.2783620654846584E-003
  0.18999999761581421       0.14565685706347559        3.2496527095655404E-003  0.12262105574429347        2.4488124634098264E-003  0.10814241675240965        2.2676534643473359E-003
  0.19999998807907104       0.14479367807620863        3.2303949005521981E-003  0.12196567964772108        2.4357242287362134E-003  0.10760150486036563        2.2563110072177832E-003
  0.20999999344348907       0.14389328130149495        3.2103067503777278E-003  0.12128155304310716        2.4220618300090121E-003  0.10703663093485710        2.2444660868565936E-003
  0.21999999880790710       0.14295655460862994        3.1894080677000937E-003  0.12056926997038935        2.4078371305447993E-003  0.10644824493885767        2.2321281386003026E-003
  0.22999998927116394       0.14198441772228826        3.1677193718813146E-003  0.11982944796782156        2.3930624629349331E-003  0.10583681595270322        2.2193069986600868E-003
  0.23999999463558197       0.14097787166117862        3.1452629959802356E-003  0.11906277197200603        2.3777515057542566E-003  0.10520287205965874        2.2060137404878084E-003
  0.25000000000000000       0.13993793824802556        3.1220617372001696E-003  0.11826994064902954        2.3619182117632534E-003  0.10454695143567939        2.1922596491703470E-003
  0.25999999046325684       0.13886566267098255        3.0981389140348993E-003  0.11745166944599585        2.3455768688488959E-003  0.10386960546326808        2.1780562867245372E-003
  0.26999998092651367       0.13776209774637754        3.0735180151652964E-003  0.11660867782518164        2.3287418450834430E-003  0.10317138769685023        2.1634152607105622E-003
  0.28000000119209290       0.13663304807633755        3.0483285431867763E-003  0.11574596199780640        2.3115129176563068E-003  0.10245679123723087        2.1484307875877123E-003
  0.28999999165534973       0.13546971601843927        3.0223742197838886E-003  0.11485536074687870        2.2937271024065335E-003  0.10171818056591354        2.1329427571005520E-003
  0.29999998211860657       0.13427854876936612        2.9957988840493724E-003  0.11394244499527728        2.2754956538433542E-003  0.10096057597923291        2.1170564405451806E-003
  0.31000000238418579       0.13306068720612535        2.9686279893270137E-003  0.11300800380670095        2.2568343300191571E-003  0.10018458927586518        2.1007846668136200E-003
  0.31999999284744263       0.13181731652248901        2.9408879776823007E-003  0.11205286378954343        2.2377596387753128E-003   9.9390865320883620E-002   2.0841409581717992E-003
  0.32999998331069946       0.13054961995956985        2.9126052476162395E-003  0.11107785089104757        2.2182880747496263E-003   9.8580048621265307E-002   2.0671388293766772E-003
  0.34000000357627869       0.12925877750196563        2.8838061249759116E-003  0.11008378815772710        2.1984360746506986E-003   9.7752780648591719E-002   2.0497917315355817E-003
  0.34999999403953552       0.12794600566358197        2.8545177505893519E-003  0.10907153105989925        2.1782207227089810E-003   9.6909732133103707E-002   2.0321137292847497E-003
  0.35999998450279236       0.12661250065808682        2.8247668123795662E-003  0.10804191903665039        2.1576587830020996E-003   9.6051559732279371E-002   2.0141185921667025E-003
  0.37000000476837158       0.12525948742859327        2.7945806392330069E-003  0.10699581902650922        2.1367675687872334E-003   9.5178945814844304E-002   1.9958206288667006E-003
  0.37999999523162842       0.12388819646811050        2.7639866838561379E-003  0.10593410347921584        2.1155645033836086E-003   9.4292577572769182E-002   1.9772342492092986E-003
  0.38999998569488525       0.12250368334169726        2.7330977375793603E-003  0.10486109523781192        2.0941359164338190E-003   9.3396324289776553E-002   1.9584405887461353E-003
  0.39999997615814209       0.12109913167178112        2.7017617247620676E-003  0.10377042496254521        2.0723546085880174E-003   9.2484201267775304E-002   1.9393141535057621E-003
  0.40999999642372131       0.11967998592125960        2.6701001131742169E-003  0.10266677174414653        2.0503140239584660E-003   9.1560408011132813E-002   1.9199430034827136E-003
  0.41999998688697815       0.11824745403042931        2.6381398523637892E-003  0.10155100099466928        2.0280314453177658E-003   9.0625629904471122E-002   1.9003415106030000E-003
  0.42999997735023499       0.11680278803681717        2.6059088757025752E-003  0.10042396861188958        2.0055239654329675E-003   8.9680546352644178E-002   1.8805239214020426E-003
  0.43999999761581421       0.11534739832609374        2.5734386493618754E-003   9.9286539548957289E-002   1.9828088579121033E-003   8.8725846551726037E-002   1.8605046877287251E-003
  0.44999998807907104       0.11388213086749313        2.5407480471954084E-003   9.8139580883910671E-002   1.9599034387984497E-003   8.7762223019752825E-002   1.8402983310906200E-003
  0.45999997854232788       0.11240828764112235        2.5078661168104663E-003   9.6984125528154372E-002   1.9368283359222341E-003   8.6790355816153117E-002   1.8199191117490179E-003
  0.46999999880790710       0.11092687305992370        2.4748152669923622E-003   9.5820901109835099E-002   1.9135980804328100E-003   8.5810959464661357E-002   1.7993820126520547E-003
  0.47999998927116394       0.10943906686510843        2.4416218181581434E-003   9.4650603530855970E-002   1.8902265698883347E-003   8.4824832105679038E-002   1.7787037701174550E-003
  0.48999997973442078       0.10794606130417678        2.4083123697443026E-003   9.3474142444912825E-002   1.8667319705922554E-003   8.3832448563015541E-002   1.7578943407921027E-003
  0.50000000000000000       0.10644889572238118        2.3749101098875600E-003   9.2292321330913293E-002   1.8431303284769085E-003   8.2834465245562788E-002   1.7369674890058708E-003
  0.50999999046325684       0.10494873803054983        2.3414410950652049E-003   9.1105986061959146E-002   1.8194385361108754E-003   8.1831609815926923E-002   1.7159384732177358E-003
  0.51999998092651367       0.10344667149586974        2.3079294933268553E-003   8.9915883819583667E-002   1.7956715151357966E-003   8.0824482237585496E-002   1.6948198741457896E-003
  0.52999997138977051       0.10194361127781003        2.2743957221832878E-003   8.8722854534945966E-002   1.7718460394562682E-003   7.9813737595748072E-002   1.6736254283634211E-003
  0.53999996185302734       0.10044069894168745        2.2408652503347025E-003   8.7527624970955398E-002   1.7479766229423575E-003   7.8800030972039692E-002   1.6523688723688661E-003
  0.55000001192092896        9.8938864854205777E-002   2.2073588345703160E-003   8.6330998970978554E-002   1.7240793188048498E-003   7.7783939824642129E-002   1.6310623149635144E-003
  0.56000000238418579        9.7439165373223599E-002   2.1739000425837220E-003   8.5133690338894299E-002   1.7001683821145786E-003   7.6766084720060232E-002   1.6097187688932126E-003
  0.56999999284744263        9.5942483627487474E-002   2.1405085772696732E-003   8.3936471090844775E-002   1.6762592304744917E-003   7.5747133320490878E-002   1.5883522344599650E-003
  0.57999998331069946        9.4449846005441707E-002   2.1072073376942032E-003   8.2740010585901164E-002   1.6523652313672474E-003   7.4727620920808424E-002   1.5669739363368706E-003
  0.58999997377395630        9.2962029114070685E-002   2.0740136502162823E-003   8.1545031262601306E-002   1.6285008123027428E-003   7.3708162305351987E-002   1.5455967660227344E-003
  0.59999996423721313        9.1479919736230902E-002   2.0409472992550608E-003   8.0352236703848182E-002   1.6046800242330882E-003   7.2689287840054323E-002   1.5242318448349900E-003
  0.61000001430511475        9.0004450981370748E-002   2.0080291027912921E-003   7.9162239330869813E-002   1.5809150975597203E-003   7.1671566462054845E-002   1.5028911028961034E-003
  0.62000000476837158        8.8536260018797122E-002   1.9752732762831860E-003   7.7975742371776083E-002   1.5572200761493230E-003   7.0655541654836715E-002   1.4815859365872536E-003
  0.62999999523162842        8.7076352841383015E-002   1.9427022637648378E-003   7.6793322276528853E-002   1.5336064720366171E-003   6.9641758806939222E-002   1.4603277822370152E-003
  0.63999998569488525        8.5625319775352454E-002   1.9103292356097640E-003   7.5615628847409785E-002   1.5100872621440140E-003   6.8630721499621031E-002   1.4391271995112405E-003
  0.64999997615814209        8.4183899243973098E-002   1.8781706662855668E-003   7.4443175012436955E-002   1.4866726899367621E-003   6.7622944855392497E-002   1.4179949900859103E-003
  0.65999996662139893        8.2752876123009758E-002   1.8462440666304409E-003   7.3276669013220344E-002   1.4633768994040102E-003   6.6618885645431503E-002   1.3969407320597500E-003
  0.66999995708465576        8.1332731054044913E-002   1.8145601599172372E-003   7.2116486665679394E-002   1.4402073958041483E-003   6.5619005370897196E-002   1.3759741027151197E-003
  0.68000000715255737        7.9924302227535021E-002   1.7831376464525696E-003   7.0963266890308532E-002   1.4171769387440808E-003   6.4623819831811591E-002   1.3551059179348352E-003
  0.68999999761581421        7.8527988367834117E-002   1.7519854219088017E-003   6.9817516886910624E-002   1.3942956572933379E-003   6.3633723421995289E-002   1.3343444478180891E-003
  0.69999998807907104        7.7144559358974088E-002   1.7211206626535996E-003   6.8679677110131274E-002   1.3715723475825547E-003   6.2649165469728138E-002   1.3136991143924384E-003
  0.70999997854232788        7.5774341465735348E-002   1.6905506477622448E-003   6.7550251317792381E-002   1.3490170699429337E-003   6.1670528659763378E-002   1.2931779422280007E-003
  0.71999996900558472        7.4418045520725049E-002   1.6602912361455664E-003   6.6429646143232740E-002   1.3266379450743179E-003   6.0698197635236623E-002   1.2727889969604972E-003
  0.72999995946884155        7.3076042407500041E-002   1.6303507023385198E-003   6.5318352720146314E-002   1.3044447811968642E-003   5.9732633738630345E-002   1.2525419525449743E-003
  0.74000000953674316        7.1748668424525222E-002   1.6007365492712103E-003   6.4216640391363169E-002   1.2824429572406057E-003   5.8774069071459420E-002   1.2324416759505680E-003
  0.75000000000000000        7.0436553207152072E-002   1.5714628243168084E-003   6.3125060203114772E-002   1.2606434779132707E-003   5.7822949591779846E-002   1.2124975185341346E-003
  0.75999999046325684        6.9139875819932556E-002   1.5425335224647570E-003   6.2043812746870625E-002   1.2390503491409783E-003   5.6879589412781636E-002   1.1927160669790958E-003
  0.76999998092651367        6.7859186153099924E-002   1.5139609119482369E-003   6.0973391285037891E-002   1.2176734216555096E-003   5.5944272470022739E-002   1.1731032751698838E-003
  0.77999997138977051        6.6594713042010811E-002   1.4857500981598230E-003   5.9913965272216041E-002   1.1965160795619238E-003   5.5017288486297729E-002   1.1536652183443085E-003
  0.78999996185302734        6.5346660078296606E-002   1.4579056232962206E-003   5.8865910974230828E-002   1.1755858371034968E-003   5.4098981990381080E-002   1.1344091209744324E-003
  0.79999995231628418        6.4115486959623616E-002   1.4304377433645775E-003   5.7829580153881947E-002   1.1548897191840893E-003   5.3189566651581553E-002   1.1153394635218814E-003
  0.81000000238418579        6.2901242538410743E-002   1.4033475482785362E-003   5.6805109398114596E-002   1.1344304535229489E-003   5.2289340237825999E-002   1.0964624899239693E-003
  0.81999999284744263        6.1704342764794903E-002   1.3766443180233765E-003   5.5792813504736846E-002   1.1142143268119578E-003   5.1398451084668582E-002   1.0777813106496773E-003
  0.82999998331069946        6.0524876950026611E-002   1.3503300451626649E-003   5.4792874273463119E-002   1.0942449696951699E-003   5.0517175510202475E-002   1.0593017198517569E-003
  0.83999997377395630        5.9362924690600255E-002   1.3244065055205533E-003   5.3805527056028313E-002   1.0745270822810416E-003   4.9645776957107597E-002   1.0410292416966123E-003
  0.84999996423721313        5.8218801170541117E-002   1.2988807309569994E-003   5.2830925205130240E-002   1.0550637271104725E-003   4.8784328306680384E-002   1.0229654044423460E-003
  0.85999995470046997        5.7092450523583388E-002   1.2737514750771203E-003   5.1869264535728099E-002   1.0358588147199462E-003   4.7933086237783112E-002   1.0051155904239261E-003
  0.87000000476837158        5.5984130385395667E-002   1.2490244858179864E-003   5.0920657503796644E-002   1.0169145909194577E-003   4.7092198026236133E-002   9.8748288788862854E-004
  0.87999999523162842        5.4893756196314994E-002   1.2246978766255186E-003   4.9985237083078678E-002   9.9823371127054209E-004   4.6261793799622253E-002   9.7007002549994164E-004
  0.88999998569488525        5.3821537647472141E-002   1.2007763257782746E-003   4.9063201398357417E-002   9.7982013243818797E-004   4.5441993912231089E-002   9.5287952698380177E-004
  0.89999997615814209        5.2767368652369431E-002   1.1772574664513659E-003   4.8154517114778028E-002   9.6167318870632099E-004   4.4632994401248474E-002   9.3591550307138040E-004
  0.90999996662139893        5.1731328703533017E-002   1.1541430721493716E-003   4.7259396588429467E-002   9.4379712094722935E-004   4.3834791232908371E-002   9.1917786917807118E-004
  0.91999995708465576        5.0713418306997250E-002   1.1314331541620853E-003   4.6377774914333078E-002   9.2619063297144817E-004   4.3047532604530474E-002   9.0266973287420266E-004
  0.93000000715255737        4.9713487710479697E-002   1.1091243714665021E-003   4.5509827134055721E-002   9.0885722045896370E-004   4.2271347736695296E-002   8.8639380380420491E-004
  0.93999999761581421        4.8731665994892509E-002   1.0872196039005120E-003   4.4655470984552602E-002   8.9179524056982580E-004   4.1506206969955502E-002   8.7034946003497634E-004
  0.94999998807907104        4.7767750297681731E-002   1.0657143255333643E-003   4.3814811656729520E-002   8.7500679402645418E-004   4.0752266268803648E-002   8.5453997200777795E-004
  0.95999997854232788        4.6821729510854719E-002   1.0446082885420670E-003   4.2987847462339711E-002   8.5849184711359755E-004   4.0009468139449021E-002   8.3896413412727080E-004
  0.96999996900558472        4.5893514467917854E-002   1.0238995035926246E-003   4.2174543843629383E-002   8.4224970969319136E-004   3.9277914794235848E-002   8.2362408969839955E-004
  0.97999995946884155        4.4982897930757305E-002   1.0035833471340964E-003   4.1374912375125278E-002   8.2628061291513833E-004   3.8557620072705447E-002   8.0852012892444053E-004
  0.98999994993209839        4.4089896557450527E-002   9.8366019081370937E-004   4.0588894115759576E-002   8.1058337969267978E-004   3.7848573262862867E-002   7.9365202718407416E-004
   1.0000000000000000        4.3214301412464066E-002   9.6412537321052794E-004   3.9816469567694163E-002   7.9515762064285677E-004   3.7150764234426183E-002   7.7901957205400078E-004
