 x kt FF(p) FF(Pb) ratio
   5.9999898076057434E-002   0.0000000000000000        0.0000000000000000       0.63239984825747364        0.0000000000000000     
   6.9494850933551788E-002   0.0000000000000000        0.0000000000000000       0.64232121072437531        0.0000000000000000     
   7.8989796340465546E-002   0.0000000000000000        0.0000000000000000       0.64433667992367394        0.0000000000000000     
   8.8484749197959900E-002   0.0000000000000000        0.0000000000000000       0.64047878180871320        0.0000000000000000     
   9.7979702055454254E-002   0.0000000000000000        0.0000000000000000       0.63238011454315290        0.0000000000000000     
  0.10747464746236801        0.0000000000000000        0.0000000000000000       0.62101544328770153        0.0000000000000000     
  0.11696959286928177        0.0000000000000000        0.0000000000000000       0.60790680028860566        0.0000000000000000     
  0.12646454572677612        0.0000000000000000        0.0000000000000000       0.59370119559384316        0.0000000000000000     
  0.13595949113368988        0.0000000000000000        0.0000000000000000       0.57921930223900520        0.0000000000000000     
  0.14545443654060364        0.0000000000000000        0.0000000000000000       0.56394024423312672        0.0000000000000000     
  0.15494938194751740        0.0000000000000000        0.0000000000000000       0.54939743727428947        0.0000000000000000     
  0.16444434225559235        0.0000000000000000        0.0000000000000000       0.53546480616896353        0.0000000000000000     
  0.17393928766250610        0.0000000000000000        0.0000000000000000       0.52099438947054466        0.0000000000000000     
  0.18343423306941986        0.0000000000000000        0.0000000000000000       0.50898328875846022        0.0000000000000000     
  0.19292919337749481        0.0000000000000000        0.0000000000000000       0.49674436453906340        0.0000000000000000     
  0.20242413878440857        0.0000000000000000        0.0000000000000000       0.48488767706823677        0.0000000000000000     
  0.21191908419132233        0.0000000000000000        0.0000000000000000       0.47499535229317297        0.0000000000000000     
  0.22141402959823608        0.0000000000000000        0.0000000000000000       0.46447041205125161        0.0000000000000000     
  0.23090897500514984        0.0000000000000000        0.0000000000000000       0.45535299381885019        0.0000000000000000     
  0.24040393531322479        0.0000000000000000        0.0000000000000000       0.44671359243942643        0.0000000000000000     
  0.24989888072013855        0.0000000000000000        0.0000000000000000       0.43740246784944015        0.0000000000000000     
  0.25939384102821350        0.0000000000000000        0.0000000000000000       0.43007488219354667        0.0000000000000000     
  0.26888880133628845        0.0000000000000000        0.0000000000000000       0.42200760299781881        0.0000000000000000     
  0.27838373184204102        0.0000000000000000        0.0000000000000000       0.41406455789522967        0.0000000000000000     
  0.28787869215011597        0.0000000000000000        0.0000000000000000       0.40681877696924706        0.0000000000000000     
  0.29737362265586853        0.0000000000000000        0.0000000000000000       0.39882957712731015        0.0000000000000000     
  0.30686858296394348        0.0000000000000000        0.0000000000000000       0.39151777528181092        0.0000000000000000     
  0.31636354327201843        0.0000000000000000        0.0000000000000000       0.38396807307373293        0.0000000000000000     
  0.32585850358009338        0.0000000000000000        0.0000000000000000       0.37587684523946924        0.0000000000000000     
  0.33535343408584595        0.0000000000000000        0.0000000000000000       0.36856890487706523        0.0000000000000000     
  0.34484839439392090        0.0000000000000000        0.0000000000000000       0.36055925344522805        0.0000000000000000     
  0.35434332489967346        0.0000000000000000        0.0000000000000000       0.35259365605210646        0.0000000000000000     
  0.36383828520774841        0.0000000000000000        0.0000000000000000       0.34475345390879097        0.0000000000000000     
  0.37333324551582336        0.0000000000000000        0.0000000000000000       0.33629300198366846        0.0000000000000000     
  0.38282817602157593        0.0000000000000000        0.0000000000000000       0.32845297214990388        0.0000000000000000     
  0.39232313632965088        0.0000000000000000        0.0000000000000000       0.32024292286655187        0.0000000000000000     
  0.40181806683540344        0.0000000000000000        0.0000000000000000       0.31177168227032492        0.0000000000000000     
  0.41131302714347839        0.0000000000000000        0.0000000000000000       0.30393370803231978        0.0000000000000000     
  0.42080798745155334        0.0000000000000000        0.0000000000000000       0.29552357945118746        0.0000000000000000     
  0.43030291795730591        0.0000000000000000        0.0000000000000000       0.28754416850960934        0.0000000000000000     
  0.43979787826538086        0.0000000000000000        0.0000000000000000       0.27971329200152506        0.0000000000000000     
  0.44929283857345581        0.0000000000000000        0.0000000000000000       0.27134265746428271        0.0000000000000000     
  0.45878776907920837        0.0000000000000000        0.0000000000000000       0.26417840075443116        0.0000000000000000     
  0.46828272938728333        0.0000000000000000        0.0000000000000000       0.25653393374480871        0.0000000000000000     
  0.47777768969535828        0.0000000000000000        0.0000000000000000       0.24898903694739338        0.0000000000000000     
  0.48727262020111084        0.0000000000000000        0.0000000000000000       0.24232777172673725        0.0000000000000000     
  0.49676758050918579        0.0000000000000000        0.0000000000000000       0.23501830377950989        0.0000000000000000     
  0.50626248121261597        0.0000000000000000        0.0000000000000000       0.22872410850045377        0.0000000000000000     
  0.51575744152069092        0.0000000000000000        0.0000000000000000       0.22248822384263192        0.0000000000000000     
  0.52525240182876587        0.0000000000000000        0.0000000000000000       0.21563270494131076        0.0000000000000000     
  0.53474730253219604        0.0000000000000000        0.0000000000000000       0.21071394381279235        0.0000000000000000     
  0.54424226284027100        0.0000000000000000        0.0000000000000000       0.20490227456765414        0.0000000000000000     
  0.55373722314834595        0.0000000000000000        0.0000000000000000       0.19954231035261816        0.0000000000000000     
  0.56323218345642090        0.0000000000000000        0.0000000000000000       0.19505982272529160        0.0000000000000000     
  0.57272714376449585        0.0000000000000000        0.0000000000000000       0.18958899090117518        0.0000000000000000     
  0.58222210407257080        0.0000000000000000        0.0000000000000000       0.18583857652627586        0.0000000000000000     
  0.59171706438064575        0.0000000000000000        0.0000000000000000       0.18167977668155097        0.0000000000000000     
  0.60121196508407593        0.0000000000000000        0.0000000000000000       0.17692454621067136        0.0000000000000000     
  0.61070692539215088        0.0000000000000000        0.0000000000000000       0.17426257025234276        0.0000000000000000     
  0.62020188570022583        0.0000000000000000        0.0000000000000000       0.17018077362677028        0.0000000000000000     
  0.62969684600830078        0.0000000000000000        0.0000000000000000       0.16702356150960046        0.0000000000000000     
  0.63919180631637573        0.0000000000000000        0.0000000000000000       0.16441149266378263        0.0000000000000000     
  0.64868670701980591        0.0000000000000000        0.0000000000000000       0.16023555403590201        0.0000000000000000     
  0.65818166732788086        0.0000000000000000        0.0000000000000000       0.15863993141320856        0.0000000000000000     
  0.66767662763595581        0.0000000000000000        0.0000000000000000       0.15571808888978275        0.0000000000000000     
  0.67717158794403076        0.0000000000000000        0.0000000000000000       0.15235200107328040        0.0000000000000000     
  0.68666654825210571        0.0000000000000000        0.0000000000000000       0.15103824836226204        0.0000000000000000     
  0.69616144895553589        0.0000000000000000        0.0000000000000000       0.14754049948661749        0.0000000000000000     
  0.70565640926361084        0.0000000000000000        0.0000000000000000       0.14573800809451473        0.0000000000000000     
  0.71515136957168579        0.0000000000000000        0.0000000000000000       0.14373767227831116        0.0000000000000000     
  0.72464632987976074        0.0000000000000000        0.0000000000000000       0.13940019615204824        0.0000000000000000     
  0.73414129018783569        0.0000000000000000        0.0000000000000000       0.13912331155568741        0.0000000000000000     
  0.74363619089126587        0.0000000000000000        0.0000000000000000       0.13602574817543397        0.0000000000000000     
  0.75313115119934082        0.0000000000000000        0.0000000000000000       0.13300238797219338        0.0000000000000000     
  0.76262611150741577        0.0000000000000000        0.0000000000000000       0.13175298254931181        0.0000000000000000     
  0.77212107181549072        0.0000000000000000        0.0000000000000000       0.12724048875058622        0.0000000000000000     
  0.78161603212356567        0.0000000000000000        0.0000000000000000       0.12595494601597346        0.0000000000000000     
  0.79111099243164062        0.0000000000000000        0.0000000000000000       0.12310702480106425        0.0000000000000000     
  0.80060589313507080        0.0000000000000000        0.0000000000000000       0.11754727271797202        0.0000000000000000     
  0.81010085344314575        0.0000000000000000        0.0000000000000000       0.11749850086355751        0.0000000000000000     
  0.81959581375122070        0.0000000000000000        0.0000000000000000       0.11263524573046999        0.0000000000000000     
  0.82909077405929565        0.0000000000000000        0.0000000000000000       0.10935239368218677        0.0000000000000000     
  0.83858573436737061        0.0000000000000000        0.0000000000000000       0.10705784146168972        0.0000000000000000     
  0.84808063507080078        0.0000000000000000        0.0000000000000000        9.9738270834756199E-002   0.0000000000000000     
  0.85757559537887573        0.0000000000000000        0.0000000000000000        9.9301251138834423E-002   0.0000000000000000     
  0.86707055568695068        0.0000000000000000        0.0000000000000000        9.4182078959006502E-002   0.0000000000000000     
  0.87656551599502563        0.0000000000000000        0.0000000000000000        8.7125846910999755E-002   0.0000000000000000     
  0.88606047630310059        0.0000000000000000        0.0000000000000000        8.7101771512016785E-002   0.0000000000000000     
  0.89555543661117554        0.0000000000000000        0.0000000000000000        7.8334929273150888E-002   0.0000000000000000     
  0.90505033731460571        0.0000000000000000        0.0000000000000000        7.6778296184602926E-002   0.0000000000000000     
  0.91454529762268066        0.0000000000000000        0.0000000000000000        7.2443427176633227E-002   0.0000000000000000     
  0.92404025793075562        0.0000000000000000        0.0000000000000000        5.9002554075863120E-002   0.0000000000000000     
  0.93353521823883057        0.0000000000000000        0.0000000000000000        6.7039591578670926E-002   0.0000000000000000     
  0.94303017854690552        0.0000000000000000        0.0000000000000000        5.5182611045810334E-002   0.0000000000000000     
  0.95252507925033569        0.0000000000000000        0.0000000000000000        6.1461903330634407E-002   0.0000000000000000     
  0.96202003955841064        0.0000000000000000        0.0000000000000000        6.8493137303584209E-002   0.0000000000000000     
  0.97151499986648560        0.0000000000000000        0.0000000000000000        3.5377452127789033E-002   0.0000000000000000     
  0.98100996017456055        0.0000000000000000        0.0000000000000000        6.0631026627187175E-003   0.0000000000000000     
  0.99050492048263550        0.0000000000000000        0.0000000000000000        1.8948008880999235E-004   0.0000000000000000     
  0.99999982118606567        0.0000000000000000        0.0000000000000000        4.4882701567280613E-028   0.0000000000000000     
