 x kt PDF(p) PDF(Pb) ratio
  0.40000000000000002        9.9999997764825821E-003  0.97313499136746928       0.81958808581961951       0.84221417695392653     
  0.40000000000000002        1.9999999552965164E-002  0.97409169884358537       0.81976824455685049       0.84157194392484469     
  0.40000000000000002        2.9999999329447746E-002  0.97234583052855705       0.81899686705798280       0.84228968885770261     
  0.40000000000000002        3.9999999105930328E-002  0.97100177138022215       0.81777985838753531       0.84220223123291438     
  0.40000000000000002        4.9999997019767761E-002  0.96847158855551208       0.81649801166739766       0.84307895173798031     
  0.40000000000000002        5.9999998658895493E-002  0.96612040583441672       0.81450759297274899       0.84307047864212836     
  0.40000000000000002        7.0000000298023224E-002  0.96318360102546074       0.81233292785645905       0.84338326253852602     
  0.40000000000000002        7.9999998211860657E-002  0.95974274045903973       0.80982995491090570       0.84379898984551682     
  0.40000000000000002        8.9999996125698090E-002  0.95580130698574062       0.80700174616626619       0.84431956753780169     
  0.40000000000000002        9.9999994039535522E-002  0.95147454402445197       0.80384810704543974       0.84484457528984780     
  0.40000000000000002       0.10999999940395355       0.94666827095952222       0.80038026034449750       0.84547067319922908     
  0.40000000000000002       0.11999999731779099       0.94154157950385520       0.79659839574016644       0.84605758585821933     
  0.40000000000000002       0.12999999523162842       0.93583076342986227       0.79250424532505848       0.84684568652188186     
  0.40000000000000002       0.14000000059604645       0.92986149676894370       0.78810817600900240       0.84755437099772202     
  0.40000000000000002       0.14999999105930328       0.92339744158552239       0.78341636564901196       0.84840647197792152     
  0.40000000000000002       0.15999999642372131       0.91656998768598752       0.77842024709942581       0.84927529545742542     
  0.40000000000000002       0.17000000178813934       0.90932797770248108       0.77314184019955789       0.85023430396696609     
  0.40000000000000002       0.17999999225139618       0.90177945170747975       0.76758418313428101       0.85118837170318540     
  0.40000000000000002       0.18999999761581421       0.89375608517996785       0.76174224182849881       0.85229320891853111     
  0.40000000000000002       0.19999998807907104       0.88548167728722804       0.75563588653445257       0.85336140308337882     
  0.40000000000000002       0.20999999344348907       0.87685780612264430       0.74926960138767396       0.85449384855322275     
  0.40000000000000002       0.21999999880790710       0.86775367582599217       0.74264105656664348       0.85582012183324119     
  0.40000000000000002       0.22999998927116394       0.85847626107779229       0.73576518482799291       0.85705944146231938     
  0.40000000000000002       0.23999999463558197       0.84888588009084209       0.72865820603277986       0.85837003903846743     
  0.40000000000000002       0.25000000000000000       0.83891794837912614       0.72130931301045365       0.85980913199448861     
  0.40000000000000002       0.25999999046325684       0.82874490492527264       0.71374152302322558       0.86123186855378997     
  0.40000000000000002       0.26999998092651367       0.81829808127701120       0.70595532733058175       0.86271169819791005     
  0.40000000000000002       0.28000000119209290       0.80747930667423029       0.69795821050520079       0.86436668374807690     
  0.40000000000000002       0.28999999165534973       0.79653102170368351       0.68976663175502462       0.86596329955824847     
  0.40000000000000002       0.29999998211860657       0.78528465648615697       0.68137987521894872       0.86768520127192894     
  0.40000000000000002       0.31000000238418579       0.77388700356869955       0.67281406776916086       0.86939574468436431     
  0.40000000000000002       0.31999999284744263       0.76228410139278735       0.66407693256980116       0.87116723457363265     
  0.40000000000000002       0.32999998331069946       0.75049005269940805       0.65517197689918105       0.87299221960720041     
  0.40000000000000002       0.34000000357627869       0.73851898554306739       0.64611849445692648       0.87488406812156017     
  0.40000000000000002       0.34999999403953552       0.72624195275172498       0.63691324008767947       0.87699868848724627     
  0.40000000000000002       0.35999998450279236       0.71396493900252389       0.62757195528431531       0.87899548143231276     
  0.40000000000000002       0.37000000476837158       0.70155296935593137       0.61810906406071831       0.88105829646502720     
  0.40000000000000002       0.37999999523162842       0.68902019393474845       0.60852292954468157       0.88317140034695396     
  0.40000000000000002       0.38999998569488525       0.67638056652109735       0.59882855539911717       0.88534263850769401     
  0.40000000000000002       0.39999997615814209       0.66364796287504491       0.58903518824833478       0.88757175671349331     
  0.40000000000000002       0.40999999642372131       0.65071554368407047       0.57915920349149252       0.89003437694532872     
  0.40000000000000002       0.41999998688697815       0.63784210048067802       0.56919487696415860       0.89237583492092032     
  0.40000000000000002       0.42999997735023499       0.62491618509287850       0.55915919647325552       0.89477470709156015     
  0.40000000000000002       0.43999999761581421       0.61195098690524119       0.54906121026989330       0.89723069660628529     
  0.40000000000000002       0.44999998807907104       0.59895958733455101       0.53891373846683766       0.89974974916934669     
  0.40000000000000002       0.45999997854232788       0.58591451241596471       0.52871782471117201       0.90238048982786345     
  0.40000000000000002       0.46999999880790710       0.57290987771345903       0.51848637752418081       0.90500512854397297     
  0.40000000000000002       0.47999998927116394       0.55985420498646488       0.50823145001631254       0.90779250292243430     
  0.40000000000000002       0.48999997973442078       0.54688585707133086       0.49795468096132844       0.91052762568767565     
  0.40000000000000002       0.50000000000000000       0.53401087430368810       0.48766810799623911       0.91321756065758652     
  0.40000000000000002       0.50999999046325684       0.52100977713757901       0.47738008071985538       0.91625935187353946     
  0.40000000000000002       0.51999998092651367       0.50821900970403955       0.46710313801967329       0.91909812325141083     
  0.40000000000000002       0.52999997138977051       0.49541344991890685       0.45683898341854423       0.92213682025250465     
  0.40000000000000002       0.53999996185302734       0.48276642725718422       0.44659389683676270       0.92507239862155677     
  0.40000000000000002       0.55000001192092896       0.47012917807241655       0.43637878397749286       0.92821038202031159     
  0.40000000000000002       0.56000000238418579       0.45754413572318559       0.42619936701331684       0.93149345328112276     
  0.40000000000000002       0.56999999284744263       0.44518975331841948       0.41606796199497387       0.93458566576078306     
  0.40000000000000002       0.57999998331069946       0.43287665188251667       0.40598805064851967       0.93788391885526179     
  0.40000000000000002       0.58999997377395630       0.42075965035719570       0.39596642171260693       0.94107508021850228     
  0.40000000000000002       0.59999996423721313       0.40866129434512916       0.38600680219674977       0.94456413547878881     
  0.40000000000000002       0.61000001430511475       0.39681521114426033       0.37612114189660495       0.94784960690397491     
  0.40000000000000002       0.62000000476837158       0.38504812798268667       0.36631285501273425       0.95134303582227819     
  0.40000000000000002       0.62999999523162842       0.37350023161752111       0.35658776023333044       0.95471898019728751     
  0.40000000000000002       0.63999998569488525       0.36204782732242824       0.34695149741540054       0.95830294019805462     
  0.40000000000000002       0.64999997615814209       0.35082355984482244       0.33740725408007199       0.96175768306243514     
  0.40000000000000002       0.65999996662139893       0.33970949845773923       0.32796460339141936       0.96542665094841040     
  0.40000000000000002       0.66999995708465576       0.32879528490615356       0.31862625490994995       0.96907184967963844     
  0.40000000000000002       0.68000000715255737       0.31804054077837690       0.30939681672410452       0.97282194265826105     
  0.40000000000000002       0.68999999761581421       0.30752811881407988       0.30027918975693335       0.97642840243324558     
  0.40000000000000002       0.69999998807907104       0.29714938898125698       0.29128073282868006       0.98025014901529173     
  0.40000000000000002       0.70999997854232788       0.28701749067817328       0.28240374644234612       0.98392521575975844     
  0.40000000000000002       0.71999996900558472       0.27694455035269067       0.27365190152405894       0.98811080115337702     
  0.40000000000000002       0.72999995946884155       0.26720860221016440       0.26502753602182078       0.99183758991924897     
  0.40000000000000002       0.74000000953674316       0.25767210102685079       0.25653595533123513       0.99559073065695514     
  0.40000000000000002       0.75000000000000000       0.24833727350389029       0.24817911187519717       0.99936311764053154     
  0.40000000000000002       0.75999999046325684       0.23915944710733344       0.23995965015855217        1.0033458977301433     
  0.40000000000000002       0.76999998092651367       0.23016061079556566       0.23188002772622029        1.0074705090706502     
  0.40000000000000002       0.77999997138977051       0.22142783470557975       0.22394188238081955        1.0113538014702741     
  0.40000000000000002       0.78999996185302734       0.21288988105402681       0.21614838511389761        1.0153060542085786     
  0.40000000000000002       0.79999995231628418       0.20458761475256534       0.20850070843788965        1.0191267379017881     
  0.40000000000000002       0.81000000238418579       0.19646750159554774       0.20100034834416763        1.0230717381338279     
  0.40000000000000002       0.81999999284744263       0.18856430871553942       0.19364871558583613        1.0269637817725454     
  0.40000000000000002       0.82999998331069946       0.18091312196966916       0.18644676163819932        1.0305872764135811     
  0.40000000000000002       0.83999997377395630       0.17345400195014324       0.17939562070950199        1.0342547228230952     
  0.40000000000000002       0.84999996423721313       0.16615727974336988       0.17249586418849960        1.0381480995290706     
  0.40000000000000002       0.85999995470046997       0.15906601047190344       0.16574798771092911        1.0420075742089849     
  0.40000000000000002       0.87000000476837158       0.15221936222322113       0.15915257731290580        1.0455475242335959     
  0.40000000000000002       0.87999999523162842       0.14559723568404115       0.15270920029751867        1.0488468381976090     
  0.40000000000000002       0.88999998569488525       0.13911003105776287       0.14641806018282083        1.0525341635645487     
  0.40000000000000002       0.89999997615814209       0.13285830013554090       0.14027891764321684        1.0558536237488023     
  0.40000000000000002       0.90999996662139893       0.12676381319933322       0.13429209134597911        1.0593882272601554     
  0.40000000000000002       0.91999995708465576       0.12086232254241498       0.12845557704618532        1.0628256543812948     
  0.40000000000000002       0.93000000715255737       0.11518611509260458       0.12276932730858930        1.0658344298693305     
  0.40000000000000002       0.93999999761581421       0.10971653061337566       0.11723253647347977        1.0685038600663501     
  0.40000000000000002       0.94999998807907104       0.10437531293235550       0.11184525955388946        1.0715681362926803     
  0.40000000000000002       0.95999997854232788        9.9247603802710804E-002  0.10660415427100968        1.0741232048576466     
  0.40000000000000002       0.96999996900558472        9.4265085779100685E-002  0.10150902928212729        1.0768465168535670     
  0.40000000000000002       0.97999995946884155        8.9457302928528007E-002   9.6558482937977586E-002   1.0793806629194160     
  0.40000000000000002       0.98999994993209839        8.4850738533306602E-002   9.1752458879870491E-002   1.0813395436016711     
  0.40000000000000002        1.0000000000000000        8.0428222215012862E-002   8.7086402142286759E-002   1.0827841240786629     
  0.12700000000000000        9.9999997764825821E-003   3.8898066307681312        4.1152567328540846        1.0579592055560441     
  0.12700000000000000        1.9999999552965164E-002   3.8926349083159373        4.1129315796189028        1.0565932013897168     
  0.12700000000000000        2.9999999329447746E-002   3.8857618072350153        4.1088941448085414        1.0574230610733961     
  0.12700000000000000        3.9999999105930328E-002   3.8808285398956914        4.1030681173088670        1.0572660129476241     
  0.12700000000000000        4.9999997019767761E-002   3.8709766846092881        4.0958358476474519        1.0580884829227173     
  0.12700000000000000        5.9999998658895493E-002   3.8617804044274706        4.0864630709286374        1.0581811089629984     
  0.12700000000000000        7.0000000298023224E-002   3.8502648026646571        4.0756631504880385        1.0585409989638608     
  0.12700000000000000        7.9999998211860657E-002   3.8367629332788575        4.0632358685135008        1.0590270858984507     
  0.12700000000000000        8.9999996125698090E-002   3.8212883540272951        4.0491958971902120        1.0596415454810477     
  0.12700000000000000        9.9999994039535522E-002   3.8043096095601268        4.0335578553733695        1.0602601442419797     
  0.12700000000000000       0.10999999940395355        3.7854421132486555        4.0163440292245411        1.0609973443175245     
  0.12700000000000000       0.11999999731779099        3.7653329375122166        3.9975725663957027        1.0616783781773436     
  0.12700000000000000       0.12999999523162842        3.7429067846744060        3.9772639537180181        1.0626136803628676     
  0.12700000000000000       0.14000000059604645        3.7194891350707744        3.9554446628259603        1.0634376171529525     
  0.12700000000000000       0.14999999105930328        3.6941158887332270        3.9321407106553403        1.0644335015715318     
  0.12700000000000000       0.15999999642372131        3.6673209463274459        3.9073713986804814        1.0654566251130619     
  0.12700000000000000       0.17000000178813934        3.6388944766836109        3.8811738973363443        1.0665805019093437     
  0.12700000000000000       0.17999999225139618        3.6092751075222176        3.8535766428907174        1.0676871471668488     
  0.12700000000000000       0.18999999761581421        3.5777755648821197        3.8246050785665524        1.0689896582969607     
  0.12700000000000000       0.19999998807907104        3.5453059353140901        3.7942989564215903        1.0702317446365714     
  0.12700000000000000       0.20999999344348907        3.5114634425861131        3.7626911386359323        1.0715450125446260     
  0.12700000000000000       0.21999999880790710        3.4757136128806900        3.7298123526023650        1.0731069265258240     
  0.12700000000000000       0.22999998927116394        3.4393052775132813        3.6957031145476660        1.0745493104990576     
  0.12700000000000000       0.23999999463558197        3.4016673249093232        3.6604052485301204        1.0760620892366934     
  0.12700000000000000       0.25000000000000000        3.3625347717137539        3.6239486717025566        1.0777431068335304     
  0.12700000000000000       0.25999999046325684        3.3226082563868404        3.5863804564254429        1.0793870898055977     
  0.12700000000000000       0.26999998092651367        3.2816059172525498        3.5477377257945686        1.0810980401829697     
  0.12700000000000000       0.28000000119209290        3.2391257746839712        3.5080616287455428        1.0830272958720817     
  0.12700000000000000       0.28999999165534973        3.1961536775331965        3.4673983693375487        1.0848659730322165     
  0.12700000000000000       0.29999998211860657        3.1520004306964120        3.4257867438285752        1.0868611280841964     
  0.12700000000000000       0.31000000238418579        3.1072623742964822        3.3832737244293001        1.0888278223351866     
  0.12700000000000000       0.31999999284744263        3.0617172743586658        3.3399033069549739        1.0908594777597744     
  0.12700000000000000       0.32999998331069946        3.0154204597479199        3.2957175121629176        1.0929545501718954     
  0.12700000000000000       0.34000000357627869        2.9684273523544662        3.2507664021639631        1.0951140170520104     
  0.12700000000000000       0.34999999403953552        2.9202101815199510        3.2050897966317127        1.0975544900550560     
  0.12700000000000000       0.35999998450279236        2.8720141335206040        3.1587361312335287        1.0998330733705171     
  0.12700000000000000       0.37000000476837158        2.8232866911454972        3.1117542341026092        1.1021743714025980     
  0.12700000000000000       0.37999999523162842        2.7740833551498993        3.0641847246040506        1.1045755777005033     
  0.12700000000000000       0.38999998569488525        2.7244588533099225        3.0160771376605426        1.1070371402366146     
  0.12700000000000000       0.39999997615814209        2.6744676045283726        2.9674792789770592        1.1095588796635873     
  0.12700000000000000       0.40999999642372131        2.6236718156729033        2.9184311336775988        1.1123461083218966     
  0.12700000000000000       0.41999998688697815        2.5731247404320126        2.8689817939866469        1.1149796777846697     
  0.12700000000000000       0.42999997735023499        2.5223697084186560        2.8191779031926725        1.1176703770995149     
  0.12700000000000000       0.43999999761581421        2.4714584444700440        2.7690653344898535        1.1204175173107656     
  0.12700000000000000       0.44999998807907104        2.4204422485091950        2.7186821398444492        1.1232171069228969     
  0.12700000000000000       0.45999997854232788        2.3692070751336449        2.6680822598956557        1.1261498785390684     
  0.12700000000000000       0.46999999880790710        2.3181348356317937        2.6173045992082100        1.1290562390840735     
  0.12700000000000000       0.47999998927116394        2.2668503500454835        2.5663876576471916        1.1321381041301195     
  0.12700000000000000       0.48999997973442078        2.2159163526965200        2.5153836194072028        1.1351437595314755     
  0.12700000000000000       0.50000000000000000        2.1653555016151609        2.4643295008274451        1.1380715540654993     
  0.12700000000000000       0.50999999046325684        2.1142705625947005        2.4132667612610446        1.1414181344413208     
  0.12700000000000000       0.51999998092651367        2.0640327115102357        2.3622275410482794        1.1444719494391429     
  0.12700000000000000       0.52999997138977051        2.0137213397504929        2.3112628574228564        1.1477570465182785     
  0.12700000000000000       0.53999996185302734        1.9640423834265566        2.2604120748733223        1.1508978084931680     
  0.12700000000000000       0.55000001192092896        1.9143870114468713        2.2097085685945959        1.1542642921111985     
  0.12700000000000000       0.56000000238418579        1.8649264990773207        2.1591935838422649        1.1577901782780897     
  0.12700000000000000       0.56999999284744263        1.8163887921975581        2.1088915230495116        1.1610353092401924     
  0.12700000000000000       0.57999998331069946        1.7679984043489090        2.0588443197515325        1.1645057567287407     
  0.12700000000000000       0.58999997377395630        1.7203867872969014        2.0090856487363427        1.1678104386590002     
  0.12700000000000000       0.59999996423721313        1.6728271606301168        1.9596551161071747        1.1714629952379636     
  0.12700000000000000       0.61000001430511475        1.6262735781970996        1.9105696156813554        1.1748143985708903     
  0.12700000000000000       0.62000000476837158        1.5800161232570469        1.8618673215668484        1.1783850140268146     
  0.12700000000000000       0.62999999523162842        1.5346271178202413        1.8135770959115745        1.1817705257858007     
  0.12700000000000000       0.63999998569488525        1.4895995171175511        1.7657269140212730        1.1853702245003692     
  0.12700000000000000       0.64999997615814209        1.4454748974314444        1.7183504867616555        1.1887791962455390     
  0.12700000000000000       0.65999996662139893        1.4017699430536499        1.6714593435711804        1.1923920553825207     
  0.12700000000000000       0.66999995708465576        1.3588504509835706        1.6250849614715492        1.1959262774614170     
  0.12700000000000000       0.68000000715255737        1.3165503882828491        1.5792501971538981        1.1995364637837245     
  0.12700000000000000       0.68999999761581421        1.2752082423457529        1.5339845341473484        1.2029286536962582     
  0.12700000000000000       0.69999998807907104        1.2343785643434204        1.4892941372483339        1.2065132855255842     
  0.12700000000000000       0.70999997854232788        1.1945240238038224        1.4452056444796764        1.2098590029839564     
  0.12700000000000000       0.71999996900558472        1.1548741490011900        1.4017372646456736        1.2137575906933122     
  0.12700000000000000       0.72999995946884155        1.1165684777723694        1.3589131002132291        1.2170441197877571     
  0.12700000000000000       0.74000000953674316        1.0790424302102954        1.3167343078243805        1.2202803809742320     
  0.12700000000000000       0.75000000000000000        1.0423047728169392        1.2752232120941231        1.2234648112065123     
  0.12700000000000000       0.75999999046325684        1.0061720919092219        1.2343929298089513        1.2268208785901407     
  0.12700000000000000       0.76999998092651367       0.97073399572989283        1.1942556507455737        1.2302604585797117     
  0.12700000000000000       0.77999997138977051       0.93634973864588167        1.1548294530025882        1.2333313134392121     
  0.12700000000000000       0.78999996185302734       0.90272155444213698        1.1161099991066286        1.2363834602313901     
  0.12700000000000000       0.79999995231628418       0.87002242826808629        1.0781132047067139        1.2391786345702196     
  0.12700000000000000       0.81000000238418579       0.83803152532765401        1.0408464894048028        1.2420135256819271     
  0.12700000000000000       0.81999999284744263       0.80688903768331144        1.0043168515818537        1.2446777743633555     
  0.12700000000000000       0.82999998331069946       0.77674718012512356       0.96853655313669262        1.2469135104947202     
  0.12700000000000000       0.83999997377395630       0.74735112713588470       0.93349596794048850        1.2490728039950605     
  0.12700000000000000       0.84999996423721313       0.71857779508775577       0.89920562827936446        1.2513685149003939     
  0.12700000000000000       0.85999995470046997       0.69060840099927112       0.86566799212302481        1.2534860434226580     
  0.12700000000000000       0.87000000476837158       0.66360796453810078       0.83289137639450495        1.2550955095516863     
  0.12700000000000000       0.87999999523162842       0.63749176427832333       0.80086264997381351        1.2562713667061021     
  0.12700000000000000       0.88999998569488525       0.61188581099306460       0.76958838704859556        1.2577320363085172     
  0.12700000000000000       0.89999997615814209       0.58721109874710353       0.73906739997051796        1.2586059792592834     
  0.12700000000000000       0.90999996662139893       0.56314167140367211       0.70930465005503940        1.2595492148308707     
  0.12700000000000000       0.91999995708465576       0.53982737507543854       0.68028327015005907        1.2601866847804679     
  0.12700000000000000       0.93000000715255737       0.51740355422856132       0.65200656013685077        1.2601509108474911     
  0.12700000000000000       0.93999999761581421       0.49579232642295767       0.62447052417623083        1.2595405190751148     
  0.12700000000000000       0.94999998807907104       0.47466985371352738       0.59767687319457619        1.2591422617609207     
  0.12700000000000000       0.95999997854232788       0.45439004769902769       0.57160598698809406        1.2579632628017112     
  0.12700000000000000       0.96999996900558472       0.43467079919256174       0.54625851097388023        1.2567177551116897     
  0.12700000000000000       0.97999995946884155       0.41563512865901042       0.52162749205948467        1.2550130056197224     
  0.12700000000000000       0.98999994993209839       0.39739319083464930       0.49771121699419979        1.2524402241237487     
  0.12700000000000000        1.0000000000000000       0.37987401890024813       0.47448966277472077        1.2490711108603558     
   4.0000000000000001E-002   9.9999997764825821E-003   9.1871771908990212        9.2567072503988648        1.0075681635452423     
   4.0000000000000001E-002   1.9999999552965164E-002   9.1921721978469257        9.2468963971300386        1.0059533479253067     
   4.0000000000000001E-002   2.9999999329447746E-002   9.1761815410231904        9.2372414026881842        1.0066541688819057     
   4.0000000000000001E-002   3.9999999105930328E-002   9.1650459566002738        9.2246368583377834        1.0065019752240953     
   4.0000000000000001E-002   4.9999997019767761E-002   9.1421976969219685        9.2071054288974885        1.0070997952710401     
   4.0000000000000001E-002   5.9999998658895493E-002   9.1207130837137722        9.1870390269127498        1.0072720128996724     
   4.0000000000000001E-002   7.0000000298023224E-002   9.0938046924559366        9.1629607883610795        1.0076047483142576     
   4.0000000000000001E-002   7.9999998211860657E-002   9.0622539489026384        9.1352609054382192        1.0080561587599761     
   4.0000000000000001E-002   8.9999996125698090E-002   9.0260926585641155        9.1039708583480135        1.0086281188028805     
   4.0000000000000001E-002   9.9999994039535522E-002   8.9864170681452240        9.0691560250424637        1.0092071129427689     
   4.0000000000000001E-002  0.10999999940395355        8.9423270771025773        9.0307957143275353        1.0098932455122882     
   4.0000000000000001E-002  0.11999999731779099        8.8953368339119994        8.9889665991700287        1.0105257133041978     
   4.0000000000000001E-002  0.12999999523162842        8.8429299093210556        8.9437393765686224        1.0114000074954010     
   4.0000000000000001E-002  0.14000000059604645        8.7882080019365212        8.8951204058849864        1.0121654384972347     
   4.0000000000000001E-002  0.14999999105930328        8.7289146916935270        8.8431579167755832        1.0130879071588099     
   4.0000000000000001E-002  0.15999999642372131        8.6662992664089149        8.7880250576791461        1.0140458790457476     
   4.0000000000000001E-002  0.17000000178813934        8.5998705011276222        8.7296528141200920        1.0150911938703557     
   4.0000000000000001E-002  0.17999999225139618        8.5306547213680943        8.6681326659855511        1.0161157553678846     
   4.0000000000000001E-002  0.18999999761581421        8.4570433421490154        8.6036275691097277        1.0173327983587541     
   4.0000000000000001E-002  0.19999998807907104        8.3811660548853002        8.5361020457981951        1.0184862094245923     
   4.0000000000000001E-002  0.20999999344348907        8.3020798495068000        8.4656516659648986        1.0197025106266373     
   4.0000000000000001E-002  0.21999999880790710        8.2185338427431791        8.3924340913602045        1.0211595221172662     
   4.0000000000000001E-002  0.22999998927116394        8.1334506297310369        8.3164694292680981        1.0225019869018512     
   4.0000000000000001E-002  0.23999999463558197        8.0454930751244227        8.2377672300839073        1.0238983680880878     
   4.0000000000000001E-002  0.25000000000000000        7.9540408273453345        8.1565725029842344        1.0254627402643715     
   4.0000000000000001E-002  0.25999999046325684        7.8607335698550029        8.0728477002380696        1.0269840121787741     
   4.0000000000000001E-002  0.26999998092651367        7.7649112014771449        7.9867487714495828        1.0285692346269506     
   4.0000000000000001E-002  0.28000000119209290        7.6656326136883361        7.8983758743072698        1.0303619117101086     
   4.0000000000000001E-002  0.28999999165534973        7.5652052435740123        7.8077570046369544        1.0320614911629753     
   4.0000000000000001E-002  0.29999998211860657        7.4620152195385776        7.7150683443407075        1.0339121694819831     
   4.0000000000000001E-002  0.31000000238418579        7.3574586339855799        7.6203441598501431        1.0357304796319537     
   4.0000000000000001E-002  0.31999999284744263        7.2510146828362378        7.5236944922098266        1.0376057450302845     
   4.0000000000000001E-002  0.32999998331069946        7.1428126000990977        7.4252662266216864        1.0395437543074657     
   4.0000000000000001E-002  0.34000000357627869        7.0329818340822143        7.3250718361660239        1.0415314597669405     
   4.0000000000000001E-002  0.34999999403953552        6.9202863568608519        7.2233205998022925        1.0437892635239017     
   4.0000000000000001E-002  0.35999998450279236        6.8076415367930343        7.1200580102235671        1.0458920276195545     
   4.0000000000000001E-002  0.37000000476837158        6.6937531325086477        7.0153410803015017        1.0480429949277694     
   4.0000000000000001E-002  0.37999999523162842        6.5787507753782162        6.9093679138555890        1.0502553067847999     
   4.0000000000000001E-002  0.38999998569488525        6.4627622892484187        6.8021925609475646        1.0525209278180987     
   4.0000000000000001E-002  0.39999997615814209        6.3459147754967296        6.6939203760318415        1.0548393120372266     
   4.0000000000000001E-002  0.40999999642372131        6.2271825080735699        6.5845755166648221        1.0573924095090983     
   4.0000000000000001E-002  0.41999998688697815        6.1090321648990962        6.4744087904755903        1.0598092489471331     
   4.0000000000000001E-002  0.42999997735023499        5.9903936350376989        6.3634485717960168        1.0622755297041462     
   4.0000000000000001E-002  0.43999999761581421        5.8713877274105046        6.2517965219563392        1.0647902697295735     
   4.0000000000000001E-002  0.44999998807907104        5.7521342586575805        6.1395056632538703        1.0673439435133585     
   4.0000000000000001E-002  0.45999997854232788        5.6323657258741084        6.0267656506089846        1.0700238485798377     
   4.0000000000000001E-002  0.46999999880790710        5.5129764725204771        5.9136268968391903        1.0726740675052329     
   4.0000000000000001E-002  0.47999998927116394        5.3930870370317052        5.8001457818534812        1.0754778741797975     
   4.0000000000000001E-002  0.48999997973442078        5.2740157986231715        5.6865001567964892        1.0782106792856025     
   4.0000000000000001E-002  0.50000000000000000        5.1558153202424863        5.5727403365360235        1.0808650020214317     
   4.0000000000000001E-002  0.50999999046325684        5.0363828718423491        5.4589587477223764        1.0839046368461351     
   4.0000000000000001E-002  0.51999998092651367        4.9189314860719362        5.3451867823554293        1.0866560751029861     
   4.0000000000000001E-002  0.52999997138977051        4.8013029745383751        5.2315949279435650        1.0896198293852848     
   4.0000000000000001E-002  0.53999996185302734        4.6851518370038887        5.1182838649373075        1.0924478102315682     
   4.0000000000000001E-002  0.55000001192092896        4.5690505925051204        5.0052982095857361        1.0954788326914606     
   4.0000000000000001E-002  0.56000000238418579        4.4533998382543141        4.8927465174025997        1.0986542181490950     
   4.0000000000000001E-002  0.56999999284744263        4.3399070949233449        4.7806356010066562        1.1015525209281227     
   4.0000000000000001E-002  0.57999998331069946        4.2267526965557627        4.6690911372697945        1.1046520751200983     
   4.0000000000000001E-002  0.58999997377395630        4.1154178278051603        4.5581881341928412        1.1075881781422470     
   4.0000000000000001E-002  0.59999996423721313        4.0041967976015282        4.4480413720913328        1.1108448452772508     
   4.0000000000000001E-002  0.61000001430511475        3.8953282552857340        4.3386354161638776        1.1138048276872692     
   4.0000000000000001E-002  0.62000000476837158        3.7871455795101130        4.2300817350530266        1.1169577842318408     
   4.0000000000000001E-002  0.62999999523162842        3.6809919574390513        4.1224446152212169        1.1199276344220253     
   4.0000000000000001E-002  0.63999998569488525        3.5756768325789534        4.0157863675409491        1.1230842594476211     
   4.0000000000000001E-002  0.64999997615814209        3.4724712756758302        3.9102033895128185        1.1260578069869835     
   4.0000000000000001E-002  0.65999996662139893        3.3702404353787987        3.8056787098064175        1.1292009525067246     
   4.0000000000000001E-002  0.66999995708465576        3.2698427831747621        3.7023037291102527        1.1322574125461791     
   4.0000000000000001E-002  0.68000000715255737        3.1708881976014673        3.6001293561678760        1.1353693765964681     
   4.0000000000000001E-002  0.68999999761581421        3.0741716160894894        3.4992377746926100        1.1382701461357669     
   4.0000000000000001E-002  0.69999998807907104        2.9786464088450022        3.3996096360329036        1.1413270222131313     
   4.0000000000000001E-002  0.70999997854232788        2.8853993400967943        3.3013207979912815        1.1441469304143304     
   4.0000000000000001E-002  0.71999996900558472        2.7926192058911354        3.2044118179153500        1.1474574876358088     
   4.0000000000000001E-002  0.72999995946884155        2.7029852520137823        3.1089485208144954        1.1501907080322624     
   4.0000000000000001E-002  0.74000000953674316        2.6151695933545707        3.0149091229083917        1.1528541516273372     
   4.0000000000000001E-002  0.75000000000000000        2.5291927342755702        2.9223555348357473        1.1554499169762915     
   4.0000000000000001E-002  0.75999999046325684        2.4446233092429388        2.8313169717379520        1.1581812874944590     
   4.0000000000000001E-002  0.76999998092651367        2.3616714845688880        2.7418205843442136        1.1609661217740113     
   4.0000000000000001E-002  0.77999997138977051        2.2811843729867167        2.6539146747005811        1.1633933259089684     
   4.0000000000000001E-002  0.78999996185302734        2.2024570912733719        2.5675733853703919        1.1657768024374653     
   4.0000000000000001E-002  0.79999995231628418        2.1259009567653981        2.4828402994102836        1.1679002690642635     
   4.0000000000000001E-002  0.81000000238418579        2.0509951821780965        2.3997319425003454        1.1700329495420367     
   4.0000000000000001E-002  0.81999999284744263        1.9780679636523288        2.3182639041430138        1.1719839493596282     
   4.0000000000000001E-002  0.82999998331069946        1.9074835904621545        2.2384676832136980        1.1735187104133100     
   4.0000000000000001E-002  0.83999997377395630        1.8386355171616089        2.1603133054261576        1.1749546254611345     
   4.0000000000000001E-002  0.84999996423721313        1.7712335047396881        2.0838285547793083        1.1764843817617154     
   4.0000000000000001E-002  0.85999995470046997        1.7057070127720504        2.0090189068624329        1.1778218016454371     
   4.0000000000000001E-002  0.87000000476837158        1.6424472127405263        1.9359036291649647        1.1786702270539264     
   4.0000000000000001E-002  0.87999999523162842        1.5812526338419668        1.8644518264475338        1.1790980053057547     
   4.0000000000000001E-002  0.88999998569488525        1.5212399758001343        1.7946790313266305        1.1797474822357821     
   4.0000000000000001E-002  0.89999997615814209        1.4634042077345835        1.7265826000285831        1.1798398493751852     
   4.0000000000000001E-002  0.90999996662139893        1.4069760952675467        1.6601711317747379        1.1799568858055434     
   4.0000000000000001E-002  0.91999995708465576        1.3523095753078129        1.5954117957183922        1.1797681720587125     
   4.0000000000000001E-002  0.93000000715255737        1.2997242362451307        1.5323096439634754        1.1789498119926407     
   4.0000000000000001E-002  0.93999999761581421        1.2490355971428866        1.4708557798395365        1.1775931632405463     
   4.0000000000000001E-002  0.94999998807907104        1.1994822098717615        1.4110485935848240        1.1763814268955948     
   4.0000000000000001E-002  0.95999997854232788        1.1518968215014131        1.3528550593677917        1.1744585401359509     
   4.0000000000000001E-002  0.96999996900558472        1.1056167606652700        1.2962713535152017        1.1724418438946342     
   4.0000000000000001E-002  0.97999995946884155        1.0609312477350432        1.2412819919645324        1.1699928667522195     
   4.0000000000000001E-002  0.98999994993209839        1.0180989737916279        1.1878753292921613        1.1667582031521437     
   4.0000000000000001E-002   1.0000000000000000       0.97695252734563254        1.1360223101663320        1.1628224282840949     
   1.2699999999999999E-002   9.9999997764825821E-003   22.489087525428133        18.183589549584312       0.80855168218916629     
   1.2699999999999999E-002   1.9999999552965164E-002   22.496971188054342        18.153990219227726       0.80695263675615614     
   1.2699999999999999E-002   2.9999999329447746E-002   22.458354914414965        18.134027955676622       0.80745130374786445     
   1.2699999999999999E-002   3.9999999105930328E-002   22.432681737030553        18.110075964186066       0.80730766729022041     
   1.2699999999999999E-002   4.9999997019767761E-002   22.377992081831600        18.072205980664794       0.80758836246695176     
   1.2699999999999999E-002   5.9999998658895493E-002   22.326169326974746        18.035556387013390       0.80782135631402807     
   1.2699999999999999E-002   7.0000000298023224E-002   22.261194720484145        17.988838937873108       0.80808057086533047     
   1.2699999999999999E-002   7.9999998211860657E-002   22.184988937316369        17.935106322230808       0.80843431443244829     
   1.2699999999999999E-002   8.9999996125698090E-002   22.097628950829119        17.874417500000874       0.80888395491545317     
   1.2699999999999999E-002   9.9999994039535522E-002   22.001797435616879        17.806959729041235       0.80934113592987766     
   1.2699999999999999E-002  0.10999999940395355        21.895287922786800        17.732563553570067       0.80988035490117882     
   1.2699999999999999E-002  0.11999999731779099        21.781806777271889        17.651444114339931       0.81037557144975858     
   1.2699999999999999E-002  0.12999999523162842        21.655188692248011        17.563784433797423       0.81106586894275357     
   1.2699999999999999E-002  0.14000000059604645        21.523027864316276        17.469500518384574       0.81166556250888022     
   1.2699999999999999E-002  0.14999999105930328        21.379794692345090        17.368667290706650       0.81238700093436345     
   1.2699999999999999E-002  0.15999999642372131        21.228546229601079        17.261860618661299       0.81314379383131596     
   1.2699999999999999E-002  0.17000000178813934        21.068076275645403        17.148667056520821       0.81396454199971735     
   1.2699999999999999E-002  0.17999999225139618        20.900895527245975        17.029315703289726       0.81476488321233231     
   1.2699999999999999E-002  0.18999999761581421        20.723060625264967        16.904317388427692       0.81572494015765362     
   1.2699999999999999E-002  0.19999998807907104        20.539784735449757        16.773376215282720       0.81662862738446496     
   1.2699999999999999E-002  0.20999999344348907        20.348753670551744        16.636718396892395       0.81757923193933379     
   1.2699999999999999E-002  0.21999999880790710        20.146900304615666        16.494812165754531       0.81872704566744492     
   1.2699999999999999E-002  0.22999998927116394        19.941380278566371        16.347567670772335       0.81978115067306656     
   1.2699999999999999E-002  0.23999999463558197        19.728913064458229        16.194854759082894       0.82086908215222631     
   1.2699999999999999E-002  0.25000000000000000        19.507975136394752        16.037468787851115       0.82209807402978796     
   1.2699999999999999E-002  0.25999999046325684        19.282579562970799        15.875080412602795       0.82328613558988872     
   1.2699999999999999E-002  0.26999998092651367        19.051104363755389        15.708123973769771       0.82452563766614928     
   1.2699999999999999E-002  0.28000000119209290        18.811239565610681        15.536808723070083       0.82593221296662078     
   1.2699999999999999E-002  0.28999999165534973        18.568634810890401        15.361054705820369       0.82725816207076219     
   1.2699999999999999E-002  0.29999998211860657        18.319329802838880        15.181363863534900       0.82870738323529169     
   1.2699999999999999E-002  0.31000000238418579        18.066742662909366        14.997677082718804       0.83012623595445967     
   1.2699999999999999E-002  0.31999999284744263        17.809591400130831        14.810229229138065       0.83158725522637578     
   1.2699999999999999E-002  0.32999998331069946        17.548188074911106        14.619399739748182       0.83310024244894809     
   1.2699999999999999E-002  0.34000000357627869        17.282845245248037        14.425036614536975       0.83464478272194076     
   1.2699999999999999E-002  0.34999999403953552        17.010528196119225        14.227760158589273       0.83640907528287034     
   1.2699999999999999E-002  0.35999998450279236        16.738379563313298        14.027547230711015       0.83804690756661959     
   1.2699999999999999E-002  0.37000000476837158        16.463220922978497        13.824416905860845       0.83971520339409722     
   1.2699999999999999E-002  0.37999999523162842        16.185365255808684        13.618943870014375       0.84143568308578898     
   1.2699999999999999E-002  0.38999998569488525        15.905121168112887        13.411131840628334       0.84319582975044638     
   1.2699999999999999E-002  0.39999997615814209        15.622795513194367        13.201180996010704       0.84499480165771435     
   1.2699999999999999E-002  0.40999999642372131        15.335867751716354        12.989036709709254       0.84697109547358684     
   1.2699999999999999E-002  0.41999998688697815        15.050383493864075        12.775419778362675       0.84884347190030840     
   1.2699999999999999E-002  0.42999997735023499        14.763712768509706        12.560255403974386       0.85075181296975722     
   1.2699999999999999E-002  0.43999999761581421        14.476147232058734        12.343738731621130       0.85269502539217112     
   1.2699999999999999E-002  0.44999998807907104        14.187976141529267        12.125929091276152       0.85466235425802917     
   1.2699999999999999E-002  0.45999997854232788        13.898538665425383        11.907297274294042       0.85673016141726888     
   1.2699999999999999E-002  0.46999999880790710        13.610024572564340        11.687886223497653       0.85877039833260738     
   1.2699999999999999E-002  0.47999998927116394        13.320270892557545        11.467763989484087       0.86092573356683666     
   1.2699999999999999E-002  0.48999997973442078        13.032509554239962        11.247363849933265       0.86302364123524300     
   1.2699999999999999E-002  0.50000000000000000        12.746864593004313        11.026736227231238       0.86505478635764987     
   1.2699999999999999E-002  0.50999999046325684        12.458170902089288        10.806060448092015       0.86738739844063251     
   1.2699999999999999E-002  0.51999998092651367        12.174312089799448        10.585344258046236       0.86948192061836749     
   1.2699999999999999E-002  0.52999997138977051        11.889984498587889        10.364993182573592       0.87174152193424537     
   1.2699999999999999E-002  0.53999996185302734        11.609247638563794        10.145224488321610       0.87389164260921026     
   1.2699999999999999E-002  0.55000001192092896        11.328592061673922        9.9260803811739997       0.87619717676614040     
   1.2699999999999999E-002  0.56000000238418579        11.048995716317979        9.7077919219655282       0.87861305870798179     
   1.2699999999999999E-002  0.56999999284744263        10.774654062186766        9.4903136720637828       0.88079984909860576     
   1.2699999999999999E-002  0.57999998331069946        10.501088964128225        9.2739299444461789       0.88313983208084146     
   1.2699999999999999E-002  0.58999997377395630        10.231939661296520        9.0587861456898029       0.88534397636800921     
   1.2699999999999999E-002  0.59999996423721313        9.9630073868496094        8.8451351944971979       0.88779771519311379     
   1.2699999999999999E-002  0.61000001430511475        9.6997965852918320        8.6328870181507362       0.89000701635755008     
   1.2699999999999999E-002  0.62000000476837158        9.4382028760397869        8.4222872751428408       0.89236133041005172     
   1.2699999999999999E-002  0.62999999523162842        9.1815293179858539        8.2134605840027355       0.89456345446866325     
   1.2699999999999999E-002  0.63999998569488525        8.9268428840092433        8.0065277320665640       0.89690474405108545     
   1.2699999999999999E-002  0.64999997615814209        8.6772695365026777        7.8016963901180612       0.89909577630366988     
   1.2699999999999999E-002  0.65999996662139893        8.4300135809937675        7.5988924354601197       0.90140927561404105     
   1.2699999999999999E-002  0.66999995708465576        8.1871857965114945        7.3983133341064731       0.90364546719568095     
   1.2699999999999999E-002  0.68000000715255737        7.9478234141354323        7.2000577689709448       0.90591566946057644     
   1.2699999999999999E-002  0.68999999761581421        7.7138831460562125        7.0042965879897237       0.90801175690232350     
   1.2699999999999999E-002  0.69999998807907104        7.4827843861222645        6.8109694887960082       0.91021859475568756     
   1.2699999999999999E-002  0.70999997854232788        7.2572035105444597        6.6202346732827744       0.91222943709154747     
   1.2699999999999999E-002  0.71999996900558472        7.0326723722941020        6.4321707610560086       0.91461259967067032     
   1.2699999999999999E-002  0.72999995946884155        6.8158002663726354        6.2469084750735329       0.91653338286541863     
   1.2699999999999999E-002  0.74000000953674316        6.6033088067447645        6.0643995212922439       0.91838799286471851     
   1.2699999999999999E-002  0.75000000000000000        6.3952476193068621        5.8847667718052437       0.92017809506538761     
   1.2699999999999999E-002  0.75999999046325684        6.1905515968585805        5.7080668602114386       0.92206110730229907     
   1.2699999999999999E-002  0.76999998092651367        5.9897369885113019        5.5343524187955646       0.92397252657517448     
   1.2699999999999999E-002  0.77999997138977051        5.7949007311808352        5.3637126338165739       0.92559180607803138     
   1.2699999999999999E-002  0.78999996185302734        5.6042910676938478        5.1961063103307206       0.92716567493859769     
   1.2699999999999999E-002  0.79999995231628418        5.4189345291019038        5.0316133880388856       0.92852448410606470     
   1.2699999999999999E-002  0.81000000238418579        5.2375413075339612        4.8702659041957377       0.92987637103502840     
   1.2699999999999999E-002  0.81999999284744263        5.0609186369212136        4.7120940847609321       0.93107485474761809     
   1.2699999999999999E-002  0.82999998331069946        4.8899810981830649        4.5571474328338129       0.93193559266048687     
   1.2699999999999999E-002  0.83999997377395630        4.7232137630117546        4.4053908911493496       0.93271046202665508     
   1.2699999999999999E-002  0.84999996423721313        4.5598993306261910        4.2568667867060661       0.93354402763130506     
   1.2699999999999999E-002  0.85999995470046997        4.4011059366727823        4.1115857403718774       0.93421649002164653     
   1.2699999999999999E-002  0.87000000476837158        4.2478069252099884        3.9695670064022672       0.93449798361681269     
   1.2699999999999999E-002  0.87999999523162842        4.0994995695168353        3.8307867961754689       0.93445229868068103     
   1.2699999999999999E-002  0.88999998569488525        3.9539974590111164        3.6952571910895524       0.93456235857413161     
   1.2699999999999999E-002  0.89999997615814209        3.8137665338998863        3.5629730758232445       0.93423995521294134     
   1.2699999999999999E-002  0.90999996662139893        3.6769048214112909        3.4339270396487627       0.93391784841760817     
   1.2699999999999999E-002  0.91999995708465576        3.5442892921941693        3.3081034955015056       0.93336159178291911     
   1.2699999999999999E-002  0.93000000715255737        3.4167116461716969        3.1854882546277081       0.93232575192493450     
   1.2699999999999999E-002  0.93999999761581421        3.2937140921388890        3.0660640855663694       0.93088349498341338     
   1.2699999999999999E-002  0.94999998807907104        3.1734228816609793        2.9497983071196550       0.92953205958347451     
   1.2699999999999999E-002  0.95999997854232788        3.0578906119081504        2.8366859065304668       0.92766101425725955     
   1.2699999999999999E-002  0.96999996900558472        2.9454888421900236        2.7266900326634902       0.92571731849988859     
   1.2699999999999999E-002  0.97999995946884155        2.8369302144568129        2.6197806851350527       0.92345616109441808     
   1.2699999999999999E-002  0.98999994993209839        2.7328513790504152        2.5159045505721891       0.92061521159134208     
   1.2699999999999999E-002   1.0000000000000000        2.6328392950859021        2.4150671797397272       0.91728621046007686     
   4.0000000000000001E-003   9.9999997764825821E-003   62.726803044826511        43.614311093753976       0.69530581787479018     
   4.0000000000000001E-003   1.9999999552965164E-002   62.739119118382078        43.529311904979679       0.69381452141278033     
   4.0000000000000001E-003   2.9999999329447746E-002   62.632199063773214        43.479168318242436       0.69419833517215601     
   4.0000000000000001E-003   3.9999999105930328E-002   62.565242378559930        43.423217718091898       0.69404698307334156     
   4.0000000000000001E-003   4.9999997019767761E-002   62.416132755154322        43.327442864779044       0.69417057661588411     
   4.0000000000000001E-003   5.9999998658895493E-002   62.274159095762080        43.244391298015024       0.69441951406386659     
   4.0000000000000001E-003   7.0000000298023224E-002   62.095749687137683        43.133653375087150       0.69463133294003399     
   4.0000000000000001E-003   7.9999998211860657E-002   61.886368403488525        43.006308720071893       0.69492377448419862     
   4.0000000000000001E-003   8.9999996125698090E-002   61.646226174214242        42.862493027304261       0.69529792312303851     
   4.0000000000000001E-003   9.9999994039535522E-002   61.382913982989486        42.702761742154912       0.69567830803843489     
   4.0000000000000001E-003  0.10999999940395355        61.090166401263268        42.526473985967236       0.69612634063946244     
   4.0000000000000001E-003  0.11999999731779099        60.778475440734972        42.334262623489359       0.69653380274023913     
   4.0000000000000001E-003  0.12999999523162842        60.430353888760770        42.126646388685330       0.69711070145694309     
   4.0000000000000001E-003  0.14000000059604645        60.067310618807340        41.903247601136385       0.69760485644277026     
   4.0000000000000001E-003  0.14999999105930328        59.673655343415938        41.664209936397654       0.69820106874003740     
   4.0000000000000001E-003  0.15999999642372131        59.258035900764469        41.411341439751070       0.69883081358113042     
   4.0000000000000001E-003  0.17000000178813934        58.817015105930480        41.143145388249735       0.69951093767934680     
   4.0000000000000001E-003  0.17999999225139618        58.357690547921869        40.860260257185757       0.70016924716430196     
   4.0000000000000001E-003  0.18999999761581421        57.868864513571928        40.564257410475683       0.70096860810120420     
   4.0000000000000001E-003  0.19999998807907104        57.365293888985001        40.254014562914463       0.70171373375712520     
   4.0000000000000001E-003  0.20999999344348907        56.840394514877502        39.930143508666532       0.70249588957752829     
   4.0000000000000001E-003  0.21999999880790710        56.285451523054583        39.594055693189986       0.70345097395145206     
   4.0000000000000001E-003  0.22999998927116394        55.720728395747606        39.245298849095512       0.70432135363274551     
   4.0000000000000001E-003  0.23999999463558197        55.136897421507818        38.883287068683906       0.70521354822399385     
   4.0000000000000001E-003  0.25000000000000000        54.529615515345867        38.510502105804839       0.70623094884956805     
   4.0000000000000001E-003  0.25999999046325684        53.910236788860701        38.125684772338964       0.70720677636156759     
   4.0000000000000001E-003  0.26999998092651367        53.274134885318652        37.730110735955300       0.70822568620167325     
   4.0000000000000001E-003  0.28000000119209290        52.614733968761868        37.324304055538086       0.70938882020572536     
   4.0000000000000001E-003  0.28999999165534973        51.948030326075731        36.907823581647477       0.71047589966315428     
   4.0000000000000001E-003  0.29999998211860657        51.262761069670667        36.482159156924368       0.71166980466272312     
   4.0000000000000001E-003  0.31000000238418579        50.568599212242255        36.046935406257290       0.71283238942340754     
   4.0000000000000001E-003  0.31999999284744263        49.861877087632394        35.602749010653177       0.71402745123456224     
   4.0000000000000001E-003  0.32999998331069946        49.143452176671566        35.150675645840451       0.71526671588868362     
   4.0000000000000001E-003  0.34000000357627869        48.414183229708200        34.690026456030701       0.71652611160326252     
   4.0000000000000001E-003  0.34999999403953552        47.665430611323842        34.222671953301621       0.71797677088794343     
   4.0000000000000001E-003  0.35999998450279236        46.917436826720341        33.748347661032419       0.71931354190713415     
   4.0000000000000001E-003  0.37000000476837158        46.161151135833258        33.266930183118838       0.72066942362914566     
   4.0000000000000001E-003  0.37999999523162842        45.397433334259240        32.780135267930426       0.72207023305859119     
   4.0000000000000001E-003  0.38999998569488525        44.627131156227016        32.287785362847927       0.72350125419932299     
   4.0000000000000001E-003  0.39999997615814209        43.851087474633381        31.790352379175904       0.72496155078401936     
   4.0000000000000001E-003  0.40999999642372131        43.062117069300058        31.287490905778693       0.72656648198293627     
   4.0000000000000001E-003  0.41999998688697815        42.277360481485623        30.781375816341040       0.72808177865836776     
   4.0000000000000001E-003  0.42999997735023499        41.489320106939786        30.271580592371670       0.72962344319805428     
   4.0000000000000001E-003  0.43999999761581421        40.698797041035839        29.758566503049167       0.73119032174450160     
   4.0000000000000001E-003  0.44999998807907104        39.906585761838080        29.242367375073595       0.73277046424346137     
   4.0000000000000001E-003  0.45999997854232788        39.110782658182409        28.724330223262079       0.73443506549855841     
   4.0000000000000001E-003  0.46999999880790710        38.317582512859623        28.204435232824938       0.73607032028597708     
   4.0000000000000001E-003  0.47999998927116394        37.520812227346994        27.682746911495393       0.73779711227356803     
   4.0000000000000001E-003  0.48999997973442078        36.729633971886017        27.160495385163379       0.73947089714950198     
   4.0000000000000001E-003  0.50000000000000000        35.944373445432660        26.637693176738864       0.74108102669191567     
   4.0000000000000001E-003  0.50999999046325684        35.150326207363044        26.114765303031604       0.74294517635404667     
   4.0000000000000001E-003  0.51999998092651367        34.369881575177423        25.591599788007056       0.74459377266198645     
   4.0000000000000001E-003  0.52999997138977051        33.587933481351762        25.069341401630798       0.74637939293137689     
   4.0000000000000001E-003  0.53999996185302734        32.816007016651561        24.548549690470203       0.74806632257281425     
   4.0000000000000001E-003  0.55000001192092896        32.044098759084456        24.029225373115697       0.74987989376057729     
   4.0000000000000001E-003  0.56000000238418579        31.274961870748157        23.511968962833716       0.75178249808914199     
   4.0000000000000001E-003  0.56999999284744263        30.520529181576045        22.996521174632139       0.75347714444329383     
   4.0000000000000001E-003  0.57999998331069946        29.768023621023836        22.483658870643684       0.75529565405089483     
   4.0000000000000001E-003  0.58999997377395630        29.027795345099701        21.973726447220610       0.75698916111209535     
   4.0000000000000001E-003  0.59999996423721313        28.287860449693724        21.467406262967767       0.75889112579386320     
   4.0000000000000001E-003  0.61000001430511475        27.563892670246393        20.964318869738410       0.76057177846901736     
   4.0000000000000001E-003  0.62000000476837158        26.844171676049800        20.465128643466659       0.76236767110700299     
   4.0000000000000001E-003  0.62999999523162842        26.138102467271988        19.970130737359085       0.76402373746770880     
   4.0000000000000001E-003  0.63999998569488525        25.437304837920429        19.479611229768274       0.76578911774997571     
   4.0000000000000001E-003  0.64999997615814209        24.750680885724083        18.994126677821303       0.76741834964131850     
   4.0000000000000001E-003  0.65999996662139893        24.070243397686660        18.513372282929172       0.76913938829170514     
   4.0000000000000001E-003  0.66999995708465576        23.402000946997209        18.037880078561297       0.77078366586750346     
   4.0000000000000001E-003  0.68000000715255737        22.743194672867737        17.567883786084995       0.77244573767128655     
   4.0000000000000001E-003  0.68999999761581421        22.099402321728267        17.103835424528370       0.77395013564288906     
   4.0000000000000001E-003  0.69999998807907104        21.463244337112744        16.645497460430587       0.77553501227437238     
   4.0000000000000001E-003  0.70999997854232788        20.842356823095646        16.193291763988356       0.77694148993958256     
   4.0000000000000001E-003  0.71999996900558472        20.223957272207695        15.747404543329072       0.77865099947425120     
   4.0000000000000001E-003  0.72999995946884155        19.626946172359180        15.308176985034805       0.77995714924787740     
   4.0000000000000001E-003  0.74000000953674316        19.041936065674150        14.875431471211778       0.78119322635616339     
   4.0000000000000001E-003  0.75000000000000000        18.469063749700293        14.449490550985251       0.78236183202409115     
   4.0000000000000001E-003  0.75999999046325684        17.905277982159866        14.030488358866355       0.78359511496251533     
   4.0000000000000001E-003  0.76999998092651367        17.352046665478539        13.618549554543739       0.78483822785225099     
   4.0000000000000001E-003  0.77999997138977051        16.815383132840871        13.213902289642451       0.78582225485159263     
   4.0000000000000001E-003  0.78999996185302734        16.290256425876404        12.816414882578773       0.78675341550918887     
   4.0000000000000001E-003  0.79999995231628418        15.779618817997877        12.426293765222773       0.78749011041062811     
   4.0000000000000001E-003  0.81000000238418579        15.279767305501034        12.043614819169393       0.78820669047973280     
   4.0000000000000001E-003  0.81999999284744263        14.793016168193160        11.668449645716532       0.78878097022601523     
   4.0000000000000001E-003  0.82999998331069946        14.321997522080871        11.300918626668313       0.78906022775420648     
   4.0000000000000001E-003  0.83999997377395630        13.862356711603644        10.940932036679175       0.78925483338059998     
   4.0000000000000001E-003  0.84999996423721313        13.412047683720777        10.588593615218159       0.78948374363970841     
   4.0000000000000001E-003  0.85999995470046997        12.974135044865218        10.243928527142364       0.78956543089141118     
   4.0000000000000001E-003  0.87000000476837158        12.551413025480738        9.9069730331279420       0.78931137179660216     
   4.0000000000000001E-003  0.87999999523162842        12.142436027912895        9.5776890341794765       0.78877821650963553     
   4.0000000000000001E-003  0.88999998569488525        11.740965364604705        9.2560962040848089       0.78835904175213822     
   4.0000000000000001E-003  0.89999997615814209        11.354049762181173        8.9421824413923936       0.78757647083577276     
   4.0000000000000001E-003  0.90999996662139893        10.976268818553704        8.6359092856979647       0.78678004597521156     
   4.0000000000000001E-003  0.91999995708465576        10.610129859220709        8.3372811787395946       0.78578502707901343     
   4.0000000000000001E-003  0.93000000715255737        10.257896253485564        8.0462440447019574       0.78439514749117278     
   4.0000000000000001E-003  0.93999999761581421        9.9182599472705082        7.7627570955935372       0.78267328511891221     
   4.0000000000000001E-003  0.94999998807907104        9.5859083094428570        7.4867112144491417       0.78101218713662801     
   4.0000000000000001E-003  0.95999997854232788        9.2666757885700335        7.2181574812454690       0.77893709091977659     
   4.0000000000000001E-003  0.96999996900558472        8.9559524596747888        6.9569773771442280       0.77679927494801060     
   4.0000000000000001E-003  0.97999995946884155        8.6557648315284776        6.7030998690660342       0.77440873216080286     
   4.0000000000000001E-003  0.98999994993209839        8.3679213268476733        6.4563575911079409       0.77156050337057269     
   4.0000000000000001E-003   1.0000000000000000        8.0912495728210363        6.2168454740859307       0.76834182633157988     
