 pt up dp u1 d1 u2 d2
   0.0000000000000000        0.0000000000000000        0.0000000000000000        0.0000000000000000        0.0000000000000000        0.0000000000000000        0.0000000000000000     
   9.9999997764825821E-003   1.3378197830411287       0.64744686274028063       0.86494935403201600       0.42204501381833665       0.77785228017234131       0.38361646113443831     
   1.9999999552965164E-002   1.3353595589004592       0.64625622075568245       0.86362759279209700       0.42140007115416123       0.77670428172349992       0.38305029823492875     
   2.9999999329447746E-002   1.3311234560215746       0.64420613033696794       0.86131537117136403       0.42027184138981261       0.77468874361844631       0.38205628739912983     
   3.9999999105930328E-002   1.3254335387215499       0.64145245667191086       0.85821199768610923       0.41875757549740827       0.77198479655625352       0.38072277121677278     
   4.9999997019767761E-002   1.3179841475703808       0.63784727382793693       0.85416840748449019       0.41678453849291436       0.76846281755043189       0.37898582301099798     
   5.9999998658895493E-002   1.3089360907565899       0.63346840600713927       0.84924967508549276       0.41438448295945868       0.76418010307377704       0.37687369990811337     
   7.0000000298023224E-002   1.2983194983325939       0.62833043485060314       0.84347158289052593       0.41156510979165334       0.75914750059898395       0.37439175159879079     
   7.9999998211860657E-002   1.2861709825356042       0.62245107909624953       0.83685131855072437       0.40833480556430429       0.75338070167751969       0.37154771674703713     
   8.9999996125698090E-002   1.2725359211128027       0.61585229960937671       0.82940847588570343       0.40470313092258842       0.74689633269917066       0.36834979505474236     
   9.9999994039535522E-002   1.2574599035870888       0.60855615974556643       0.82116312880166309       0.40067988076603417       0.73971029428405666       0.36480582829312097     
  0.10999999940395355        1.2409973682649114       0.60058900528858394       0.81214426208240076       0.39627919798453598       0.73184655453817871       0.36092763690705537     
  0.11999999731779099        1.2232054223084234       0.59197847363282774       0.80237392952159270       0.39151184354763841       0.72332397397269987       0.35672452240884012     
  0.12999999523162842        1.2041404411114369       0.58275184802849433       0.79188001613279113       0.38639142372127588       0.71416934360242057       0.35220969742836655     
  0.14000000059604645        1.1838722555814736       0.57294292361194632       0.78069547971677711       0.38093401999671789       0.70440527757132831       0.34739431467175769     
  0.14999999105930328        1.1624677906960432       0.56258408917521552       0.76885251781611730       0.37515534290341251       0.69406116892673086       0.34229287002348674     
  0.15999999642372131        1.1399942251870918       0.55170785631649455       0.75637906210301431       0.36906902147400306       0.68316276842148582       0.33691806308338035     
  0.17000000178813934        1.1165278123725051       0.54035112834074639       0.74331430220034977       0.36269417796675069       0.67174166569543936       0.33128547303807232     
  0.17999999225139618        1.0921477342762980       0.52855222591992068       0.72969186181814438       0.35604721879793128       0.65982622216815334       0.32540908700013221     
  0.18999999761581421        1.0669239336933638       0.51634499833902514       0.71555233156246489       0.34914794982417563       0.64744883192814084       0.31930488088929909     
  0.19999998807907104        1.0409389930570936       0.50376941192094948       0.70092837078507320       0.34201230691097839       0.63464255398513258       0.31298915854711817     
  0.20999999344348907        1.0142756053450013       0.49086548648715167       0.68586205645724119       0.33466082117480234       0.62143710733849666       0.30647657660911870     
  0.21999999880790710       0.98700779164725150       0.47766904504100843       0.67039075192185593       0.32711172375541420       0.60787149682366715       0.29978637124303786     
  0.22999998927116394       0.95921926660213930       0.46422060184357028       0.65455707354948267       0.31938580896478258       0.59397395334881331       0.29293246519663019     
  0.23999999463558197       0.93099018757411922       0.45055894958933901       0.63839723553478456       0.31150074722512949       0.57978128983191468       0.28593301364110046     
  0.25000000000000000       0.90240444490589256       0.43672468757269228       0.62195175000266956       0.30347630609884163       0.56532618390633516       0.27880413233311535     
  0.25999999046325684       0.87353226688463559       0.42275180324454448       0.60526312782590264       0.29533322842109139       0.55064525368120265       0.27156388036923440     
  0.26999998092651367       0.84445540432786204       0.40867986046169891       0.58836593693540440       0.28708838133307618       0.53576785181312148       0.26422673371428895     
  0.28000000119209290       0.81524959159885824       0.39454551137755756       0.57130529095124660       0.27876377765938265       0.52073154823195633       0.25681122087800645     
  0.28999999165534973       0.78599115482385629       0.38038569453317067       0.55411689170511425       0.27037683781887906       0.50556925013035248       0.24933357082970434     
  0.29999998211860657       0.75674713193216003       0.36623285338434786       0.53683601443478834       0.26194477407740163       0.49031248285509627       0.24180933104835556     
  0.31000000238418579       0.72758898894506918       0.35212157439173947       0.51950517576845678       0.25348833207843552       0.47499545797325921       0.23425537378673186     
  0.31999999284744263       0.69858502347393459       0.33808491064273555       0.50215644872341514       0.24502316159033299       0.45964583517586299       0.22668534008318469     
  0.32999998331069946       0.66979509545489591       0.32415183175517953       0.48482570329287056       0.23656676508501154       0.44429888007205659       0.21911662201655274     
  0.34000000357627869       0.64128272126843688       0.31035307690769459       0.46755027462286630       0.22813735994381781       0.42897968629854405       0.21156159511411113     
  0.34999999403953552       0.61310580789096081       0.29671667057015250       0.45036069842071913       0.21974984581718365       0.41372113162025986       0.20403647383219778     
  0.35999998450279236       0.58531192854116609       0.28326563612102806       0.43328670449664169       0.21141872912459336       0.39854783657324483       0.19655340037717745     
  0.37000000476837158       0.55795997683367782       0.27002847552038173       0.41636000555819125       0.20315948382418833       0.38348734257698952       0.18912595745896696     
  0.37999999523162842       0.53109070684536963       0.25702491197723709       0.39961121086124635       0.19498704545382473       0.36856499002459009       0.18176664229865977     
  0.38999998569488525       0.50474763494706754       0.24427600553131337       0.38306343890053329       0.18691269449527909       0.35380643730315281       0.17448810894370265     
  0.39999997615814209       0.47881256286075491       0.23172455333268038       0.36674411633862641       0.17894981356584733       0.33923191933762037       0.16730033673142727     
  0.40999999642372131       0.45363927867960380       0.21954177350346735       0.35067812892536132       0.17111054546508661       0.32486236152518588       0.16021364552207382     
  0.41999998688697815       0.42909680740715289       0.20766427981510138       0.33488550502308551       0.16340466286977218       0.31071885502101110       0.15323843692339062     
  0.42999997735023499       0.40521821521518131       0.19610807486333837       0.31938952184909791       0.15584352370907140       0.29681988617982119       0.14638382792347376     
  0.43999999761581421       0.38202415477953006       0.18488315364926097       0.30420545932134169       0.14843458369487006       0.28318252262764160       0.13965823583042009     
  0.44999998807907104       0.35953733313496100       0.17400050539473969       0.28935224385247793       0.14118707781654172       0.26982252366637083       0.13306943272098265     
  0.45999997854232788       0.33777144906913931       0.16346675972000441       0.27484621489300676       0.13410897877627975       0.25675409490095735       0.12662442442909394     
  0.46999999880790710       0.31674501903604896       0.15329087778723302       0.26069902549709606       0.12720597258724131       0.24399001970482445       0.12032951538118382     
  0.47999998927116394       0.29646382283739064       0.14347565677024968       0.24692381939491345       0.12048447262583344       0.23154265264984081       0.11419079852993762     
  0.48999997973442078       0.27693972060794642       0.13402683646088104       0.23353096128795356       0.11394953626398754       0.21942160947739134       0.10821301610826416     
  0.50000000000000000       0.25817226600146803       0.12494420084686450       0.22053162499773524       0.10760661567718131       0.20763355618538851       0.10239945561250995     
  0.50999999046325684       0.24016878091014707       0.11623129340706723       0.20792827859546653       0.10145691514071981       0.19618728862998674        9.6754454929567607E-002
  0.51999998092651367       0.22292059530394015       0.10788391822226062       0.19572906338761437        9.5504407138985101E-002  0.18508743205770156        9.1280295110409526E-002
  0.52999997138977051       0.20642951354930703        9.9902948527703275E-002  0.18393824573969877        8.9751173410389407E-002  0.17434138697717047        8.5980625892918577E-002
  0.53999996185302734       0.19068484773828601        9.2283211838605134E-002  0.17255868406780833        8.4198608695852536E-002  0.16395467026470847        8.0858168056634136E-002
  0.55000001192092896       0.17568218276050174        8.5022571432668420E-002  0.16159402640671966        7.8848493024321314E-002  0.15392146415539815        7.5910052431603911E-002
  0.56000000238418579       0.16140686944306820        7.8113937744357445E-002  0.15104019004838262        7.3698834271554714E-002  0.14424906589785552        7.1139877830561013E-002
  0.56999999284744263       0.14785170623273219        7.1553825533642146E-002  0.14089835349764773        6.8750207479424910E-002  0.13493623047275352        6.6547030242438562E-002
  0.57999998331069946       0.13499589850470414        6.5332171102293390E-002  0.13116637352238045        6.4001566875215063E-002  0.12598204353723474        6.2131058737182047E-002
  0.58999997377395630       0.12282902699009884        5.9443931975205241E-002  0.12184102742342967        5.9451339969043254E-002  0.11738462552755778        5.7891036362965921E-002
  0.59999996423721313       0.11133009268000223        5.3878945541079720E-002  0.11292015329031845        5.5098471874247032E-002  0.10914310211550091        5.3826531923910473E-002
  0.61000001430511475       0.10048468150479102        4.8630236014182940E-002  0.10439437114928832        5.0938385708797364E-002  0.10124994357126010        4.9933831953623248E-002
  0.62000000476837158        9.0269835432020787E-002   4.3686692700631413E-002   9.6259853632286965E-002   4.6969213939531830E-002   9.3702762380305393E-002   4.6211758992195449E-002
  0.62999999523162842        8.0669212842503793E-002   3.9040406964142856E-002   8.8509733124120041E-002   4.3187605569382059E-002   8.6496363180984803E-002   4.2657750822735652E-002
  0.63999998569488525        7.1659363371860157E-002   3.4680029843489175E-002   8.1136478062378101E-002   3.9589885633627545E-002   7.9624920170595068E-002   3.9268934311265602E-002
  0.64999997615814209        6.3220369035692586E-002   3.0595921896442439E-002   7.4133834421280548E-002   3.6173002531171949E-002   7.3082038591336024E-002   3.6042155729989277E-002
  0.65999996662139893        5.5327916225415941E-002   2.6776316388947681E-002   6.7489184778817962E-002   3.2930799693400577E-002   6.6860741375446370E-002   3.2973974171022380E-002
  0.66999995708465576        4.7963606417310137E-002   2.3212309231969472E-002   6.1195221999026869E-002   2.9859711662654716E-002   6.0953575305624494E-002   3.0060713901943540E-002
  0.68000000715255737        4.1101528879126971E-002   1.9891360752737269E-002   5.5242219834209162E-002   2.6954992595348417E-002   5.5354330706990085E-002   2.7299312473026510E-002
  0.68999999761581421        3.4723089055252114E-002   1.6804471991264600E-002   4.9620185054212979E-002   2.4211766375975084E-002   5.0051381644813202E-002   2.4684036276423026E-002
  0.69999998807907104        2.8803533084917024E-002   1.3939663150497794E-002   4.4320540712608117E-002   2.1625847953169845E-002   4.5037842444254204E-002   2.2211489476854456E-002
  0.70999997854232788        2.3322126037031560E-002   1.1286899421373902E-002   3.9328971026855453E-002   1.9190252057088426E-002   4.0304865054197815E-002   1.9877308446234507E-002
  0.71999996900558472        1.8254641087420528E-002   8.8344560697357476E-003   3.4636523064554989E-002   1.6900610177064949E-002   3.5842361212734333E-002   1.7676517916853044E-002
  0.72999995946884155        1.3583039522477228E-002   6.5736031390670321E-003   3.0232237666393411E-002   1.4751574880302166E-002   3.1643147314662182E-002   1.5605575121945946E-002
  0.74000000953674316        9.2827155430397126E-003   4.4924324877222161E-003   2.6105049809328207E-002   1.2737747078655538E-002   2.7699431732671947E-002   1.3660637434100330E-002
  0.75000000000000000        5.3347933246324954E-003   2.5818090337620062E-003   2.2245646924230766E-002   1.0854582779637858E-002   2.3995545643805131E-002   1.1833977398416764E-002
  0.75999999046325684        1.7234965290153111E-003   8.3409771241245369E-004   1.8639476834025226E-002   9.0949813666102129E-003   2.0526617591409883E-002   1.0123192539503655E-002
  0.76999998092651367       -1.5796046619747102E-003  -7.6446027763219545E-004   1.5277252062728978E-002   7.4544110910822218E-003   1.7282172620672210E-002   8.5231168827940729E-003
  0.77999997138977051       -4.5890577689952387E-003  -2.2209053066294449E-003   1.2149733333594278E-002   5.9283637229886879E-003   1.4252749958553605E-002   7.0290846217265666E-003
  0.78999996185302734       -7.3215560707210322E-003  -3.5433161988303809E-003   9.2426971698182595E-003   4.5098990323198121E-003   1.1428953473299107E-002   5.6364618291351639E-003
  0.79999995231628418       -9.7981095079157487E-003  -4.7418608560752104E-003   6.5471973751402221E-003   3.1946517952543287E-003   8.8030223781991514E-003   4.3414210873867114E-003
  0.81000000238418579       -1.2034060863687477E-002  -5.8239645212216822E-003   4.0527451722059309E-003   1.9775040980521260E-003   6.3626809755506514E-003   3.1379083424777679E-003
  0.81999999284744263       -1.4041428646493371E-002  -6.7954436320995524E-003   1.7507285625136689E-003   8.5425378597471307E-004   4.1004756182803056E-003   2.0222476500348112E-003
  0.82999998331069946       -1.5844343497455678E-002  -7.6679763744319446E-003  -3.7215746180480118E-004  -1.8159121152911848E-004   2.0075420627368992E-003   9.9006739623499064E-004
  0.83999997377395630       -1.7453392843471718E-002  -8.4466866045230411E-003  -2.3240522036465836E-003  -1.1340024012160359E-003   7.5208062626810099E-005   3.7090655345620238E-005
  0.84999996423721313       -1.8881118163030907E-002  -9.1376438550595535E-003  -4.1144609628239025E-003  -2.0076178169453136E-003  -1.7049980069120101E-003  -8.4086055710725044E-004
  0.85999995470046997       -2.0144180802689364E-002  -9.7489114965294780E-003  -5.7551812599517102E-003  -2.8081939631039161E-003  -3.3398381773255938E-003  -1.6471210987045904E-003
  0.87000000476837158       -2.1253697390189830E-002  -1.0285869495537775E-002  -7.2458407279295716E-003  -3.5355491461888443E-003  -4.8402524785883909E-003  -2.3870863069551927E-003
  0.87999999523162842       -2.2220102006337811E-002  -1.0753567495518314E-002  -8.6084427830463734E-003  -4.2004197545081725E-003  -6.2125110120675774E-003  -3.0638484323528186E-003
  0.88999998569488525       -2.3055361885568559E-002  -1.1157797119893736E-002  -9.8420622291799410E-003  -4.8023543461267505E-003  -7.4641211781189230E-003  -3.6811099289882888E-003
  0.89999997615814209       -2.3773709603387171E-002  -1.1505446319101314E-002  -1.0954737119081980E-002  -5.3452750236149217E-003  -8.6008929377936489E-003  -4.2417361181502824E-003
  0.90999996662139893       -2.4381005611735476E-002  -1.1799351298190505E-002  -1.1961599438053435E-002  -5.8365653163269544E-003  -9.6326623555463616E-003  -4.7505778903404192E-003
  0.91999995708465576       -2.4889820094279910E-002  -1.2045595481911094E-002  -1.2860933185281816E-002  -6.2753879156005029E-003  -1.0566944160202230E-002  -5.2113413138595889E-003
  0.93000000715255737       -2.5307362679493781E-002  -1.2247668018349965E-002  -1.3665324131821963E-002  -6.6678839462239424E-003  -1.1405615646842565E-002  -5.6249522216890689E-003
  0.93999999761581421       -2.5640260836460062E-002  -1.2408776315649819E-002  -1.4379901664205028E-002  -7.0165562507040063E-003  -1.2157082637195577E-002  -5.9955561459132077E-003
  0.94999998807907104       -2.5896775348748288E-002  -1.2532918235461220E-002  -1.5011008138163482E-002  -7.3244995300197034E-003  -1.2827228297838967E-002  -6.3260545108774074E-003
  0.95999997854232788       -2.6087514589073251E-002  -1.2625227770957164E-002  -1.5563183266933388E-002  -7.5939289003816874E-003  -1.3420266223161031E-002  -6.6185253514593045E-003
  0.96999996900558472       -2.6214960641355270E-002  -1.2686906143309440E-002  -1.6045154566165443E-002  -7.8291028821833013E-003  -1.3944295069204013E-002  -6.8769627136366467E-003
  0.97999995946884155       -2.6288355633899776E-002  -1.2722426142539657E-002  -1.6575338921907282E-002  -8.0878020334136675E-003  -1.4403012525252954E-002  -7.1031902013430608E-003
  0.98999994993209839       -2.6311771145138739E-002  -1.2733758236356236E-002  -1.6929903039556216E-002  -8.2608087155217891E-003  -1.4801169375411082E-002  -7.2995507774157552E-003
   1.0000000000000000       -2.6288852151012048E-002  -1.2722666435328491E-002  -1.7228120095243330E-002  -8.4063213062898351E-003  -1.5141975383599376E-002  -7.4676274137220264E-003
