 pt DY-RATIO Q error R_dy 
  0.25000000000000000       0.95899999999999996        4.5000000000000000        2.1999999999999999E-002  0.94618620968916456     
  0.75000000000000000       0.97199999999999998        4.5000000000000000        1.7000000000000001E-002  0.95480033260557884     
   1.2500000000000000       0.94699999999999995        4.5000000000000000        2.0000000000000000E-002  0.97037324676869896     
  0.25000000000000000       0.95699999999999996        5.5000000000000000        3.5000000000000003E-002  0.97020877727036980     
  0.75000000000000000       0.95199999999999996        5.5000000000000000        2.4000000000000000E-002  0.97560486829482529     
   1.2500000000000000       0.90600000000000003        5.5000000000000000        2.7000000000000000E-002  0.98474999041092681     
  0.25000000000000000       0.90000000000000002        6.5000000000000000        5.0000000000000003E-002  0.98535393873932731     
  0.75000000000000000       0.82199999999999995        6.5000000000000000        3.5999999999999997E-002  0.98840438555193544     
   1.2500000000000000       0.98899999999999999        6.5000000000000000        5.0000000000000003E-002  0.99426859937498457     
   1.7500000000000000       0.98799999999999999        6.5000000000000000        6.6000000000000003E-002   1.0013010426079987     
  0.25000000000000000        1.0720000000000001        7.5000000000000000       0.11300000000000000       0.99304089154152742     
  0.75000000000000000        1.0220000000000000        7.5000000000000000        6.9000000000000006E-002  0.99520129728009055     
   1.2500000000000000       0.96199999999999997        7.5000000000000000        8.0000000000000002E-002  0.99872804878619703     
   1.7500000000000000        1.0429999999999999        7.5000000000000000       0.10800000000000000        1.0030944350968165     
