 Z Q2 pt2 MULT-RATIO STAT SYS fuu fuua DIS chi2
  0.34999999999999998        1.6470799999999999        5.9999999999999998E-002  0.75724337638546724        2.0000000000000000E-002   2.7999999999999997E-002   4.7556896677273011E-005   4.0297461718893937E-005   1.0798312607450176       0.63709984177117607     
  0.34999999999999998        1.6515000000000000        9.2499999999999999E-002  0.74665641519328263        1.3000000000000001E-002   2.7000000000000003E-002   4.1453026072050610E-005   3.5753119266607435E-005   1.0805137726247021        2.9618157241560774     
  0.34999999999999998        1.6326600000000000       0.14250000000000002       0.85672545305763037        9.0000000000000011E-003   2.8999999999999998E-002   3.3449815657365425E-005   2.9610249741692664E-005   1.0824187062646977        1.6424287355035845     
  0.34999999999999998        1.6364799999999999       0.22000000000000003       0.87656124956246284        6.9999999999999993E-003   2.8999999999999998E-002   2.1790217527653449E-005   2.0108786769610813E-005   1.0827642028329731       0.66157953056147334     
  0.45000000000000001        1.6495299999999999        5.9999999999999998E-002  0.84012390994354957        3.7000000000000005E-002   2.7999999999999997E-002   2.4082864124551232E-005   2.0156700184053649E-005   1.0793524457223218        1.9433578978563073     
  0.45000000000000001        1.6386799999999999        9.2499999999999999E-002  0.70409182618224619        2.2000000000000002E-002   2.6000000000000002E-002   2.1332942210025762E-005   1.8161577946388414E-005   1.0803284914789051        6.0749215048720586     
  0.45000000000000001        1.6516500000000001       0.14250000000000002       0.78588238609539462        1.7000000000000001E-002   2.7999999999999997E-002   1.7076965659269853E-005   1.4944444540495785E-005   1.0802208022508142       0.54810023684763542     
  0.45000000000000001        1.6415400000000002       0.22000000000000003       0.77392719105738483        1.2000000000000000E-002   2.7000000000000003E-002   1.2140272547615599E-005   1.1082125375320728E-005   1.0814578022489252        5.6378095124732308     
  0.55000000000000004        1.6720599999999999        5.9999999999999998E-002  0.87989899943039873        6.7000000000000004E-002   2.7999999999999997E-002   1.2751157047544972E-005   1.0251104009794732E-005   1.0781075213296456        3.4158459698596753     
  0.55000000000000004        1.6452599999999999        9.2499999999999999E-002  0.61058862168048789        3.6000000000000004E-002   2.5000000000000001E-002   1.1705031699605696E-005   9.5583407041746699E-006   1.0798784549477032        11.036878416279494     
  0.55000000000000004        1.6415599999999999       0.14250000000000002       0.73149129672045521        2.6000000000000002E-002   2.6000000000000002E-002   9.7603840389198698E-006   8.1871759348098231E-006   1.0804089009397457        1.4909422988757217     
  0.55000000000000004        1.6588799999999999       0.22000000000000003       0.76064659175192018        1.9000000000000000E-002   2.7000000000000003E-002   6.9849612910959632E-006   6.1138809050251396E-006   1.0795812079773524        2.3049110735591776     
  0.64999999999999991        1.6932900000000002        5.9999999999999998E-002  0.78426686407030488        9.6000000000000002E-002   2.5000000000000001E-002   6.3065304556667688E-006   4.8483662177316304E-006   1.0752259156198984       0.48756136884841433     
  0.64999999999999991        1.6674200000000001        9.2499999999999999E-002  0.60961313891086055        5.4000000000000006E-002   2.5000000000000001E-002   6.0339038242877492E-006   4.7094765071255328E-006   1.0775944165500786        3.7145557628648502     
  0.64999999999999991        1.6358999999999999       0.14250000000000002       0.68227826245419043        3.5000000000000003E-002   2.4000000000000000E-002   5.2764066557978687E-006   4.2143159341820401E-006   1.0793445450810271        1.8496451207148010     
  0.64999999999999991        1.6489499999999999       0.22000000000000003       0.77544267450457116        2.7999999999999997E-002   2.7000000000000003E-002   3.9559523598380514E-006   3.2909864575288753E-006   1.0785259079038756        1.1138300302530898E-002
