 pt up dp u1 d1 u2 d2
   0.0000000000000000        0.0000000000000000        0.0000000000000000        0.0000000000000000        0.0000000000000000        0.0000000000000000        0.0000000000000000     
   9.9999997764825821E-003   2.3037450017137004        1.3756993946081504        1.5125016604420825       0.87791295584293350        1.5125016604420825       0.87791295584293350     
   1.9999999552965164E-002   2.2992490754759580        1.3730146169965376        1.5100690153051617       0.87650095694169150        1.5100690153051617       0.87650095694169150     
   2.9999999329447746E-002   2.2921071955886267        1.3687497874125103        1.5062952694956000       0.87431053267643521        1.5062952694956000       0.87431053267643521     
   3.9999999105930328E-002   2.2818108605054439        1.3626012501698548        1.5005885132315220       0.87099811630618995        1.5005885132315220       0.87099811630618995     
   4.9999997019767761E-002   2.2687485923758359        1.3548010143170390        1.4935873926873697       0.86693440213523598        1.4935873926873697       0.86693440213523598     
   5.9999998658895493E-002   2.2528812261267919        1.3453256921235686        1.4850714448646758       0.86199142513206417        1.4850714448646758       0.86199142513206417     
   7.0000000298023224E-002   2.2342715930187715        1.3342128037693712        1.4750628004993243       0.85618203080968114        1.4750628004993243       0.85618203080968114     
   7.9999998211860657E-002   2.2129729546252377        1.3214941548207384        1.4635971636006586       0.84952694312046373        1.4635971636006586       0.84952694312046373     
   8.9999996125698090E-002   2.1890729345107225        1.3072220703764097        1.4507043470748291       0.84204346659851181        1.4507043470748291       0.84204346659851181     
   9.9999994039535522E-002   2.1626456968149919        1.2914408381340654        1.4364160690414733       0.83375001163562423        1.4364160690414733       0.83375001163562423     
  0.10999999940395355        2.1337828079089016        1.2742051376701626        1.4207848259322269       0.82467704913882434        1.4207848259322269       0.82467704913882434     
  0.11999999731779099        2.1026016150106406        1.2555850437963236        1.4038491268440272       0.81484693123902507        1.4038491268440272       0.81484693123902507     
  0.12999999523162842        2.0692037133254835        1.2356412248861246        1.3856594945425291       0.80428898325314513        1.3856594945425291       0.80428898325314513     
  0.14000000059604645        2.0336836912339398        1.2144301651327858        1.3662614852363799       0.79302964772127438        1.3662614852363799       0.79302964772127438     
  0.14999999105930328        1.9961843880375136        1.1920371621454000        1.3457082335844004       0.78109976600154196        1.3457082335844004       0.78109976600154196     
  0.15999999642372131        1.9568192266022117        1.1685299472779072        1.3240639292247431       0.76853659617864212        1.3240639292247431       0.76853659617864212     
  0.17000000178813934        1.9157235349182813        1.1439893327009765        1.3013803561282455       0.75537019562050756        1.3013803561282455       0.75537019562050756     
  0.17999999225139618        1.8730214840476034        1.1184894681380058        1.2777254244691632       0.74163998195117575        1.2777254244691632       0.74163998195117575     
  0.18999999761581421        1.8288663176264006        1.0921218642281625        1.2531604150657478       0.72738152486666741        1.2531604150657478       0.72738152486666741     
  0.19999998807907104        1.7833770185669657        1.0649575725506268        1.2277462918300170       0.71263021011867844        1.2277462918300170       0.71263021011867844     
  0.20999999344348907        1.7367041883974066        1.0370865259889854        1.2015481554413399       0.69742382459455476        1.2015481554413399       0.69742382459455476     
  0.21999999880790710        1.6890031191201647        1.0086014583803533        1.1746384457722996       0.68180441512592860        1.1746384457722996       0.68180441512592860     
  0.22999998927116394        1.6403877880476661       0.97957043217069906        1.1470797055475783       0.66580828386685842        1.1470797055475783       0.66580828386685842     
  0.23999999463558197        1.5910137201737429       0.95008632032977403        1.1189487973005070       0.64948004472792420        1.1189487973005070       0.64948004472792420     
  0.25000000000000000        1.5410288300036366       0.92023745116438527        1.0902980721122462       0.63285008424925793        1.0902980721122462       0.63285008424925793     
  0.25999999046325684        1.4905566774890779       0.89009760946871319        1.0612153136685192       0.61596935538980235        1.0612153136685192       0.61596935538980235     
  0.26999998092651367        1.4397412696873779       0.85975279018638640        1.0317532266028382       0.59886844990479693        1.0317532266028382       0.59886844990479693     
  0.28000000119209290        1.3887226435930708       0.82928661750691479        1.0019870412833125       0.58159103433462478        1.0019870412833125       0.58159103433462478     
  0.28999999165534973        1.3376215924796238       0.79877122408085699       0.97198456289989166       0.56417646536647958       0.97198456289989166       0.56417646536647958     
  0.29999998211860657        1.2865691545208731       0.76828486038136790       0.94180302443574815       0.54665796318037363       0.94180302443574815       0.54665796318037363     
  0.31000000238418579        1.2356759873438352       0.73789360647824009       0.91151371128755843       0.52907690450662170       0.91151371128755843       0.52907690450662170     
  0.31999999284744263        1.1850663482085959       0.70767166356880651       0.88117591216718483       0.51146770274762920       0.88117591216718483       0.51146770274762920     
  0.32999998331069946        1.1348651342905927       0.67769361498086911       0.85085702116926576       0.49386947597538033       0.85085702116926576       0.49386947597538033     
  0.34000000357627869        1.0851613855018756       0.64801263159619316       0.82060438932385638       0.47630970851193905       0.82060438932385638       0.47630970851193905     
  0.34999999403953552        1.0360659508394521       0.61869490776266223       0.79048687000622564       0.45882836545075550       0.79048687000622564       0.45882836545075550     
  0.35999998450279236       0.98765536938945586       0.58978614939580842       0.76055944873433323       0.44145736245834577       0.76055944873433323       0.44145736245834577     
  0.37000000476837158       0.94004272413715584       0.56135388488712490       0.73086786344490939       0.42422324755662616       0.73086786344490939       0.42422324755662616     
  0.37999999523162842       0.89329710382136851       0.53343937111881545       0.70146146699019662       0.40715466700068803       0.70146146699019662       0.40715466700068803     
  0.38999998569488525       0.84748897171658077       0.50608468578783916       0.67239145328203731       0.39028133566598688       0.67239145328203731       0.39028133566598688     
  0.39999997615814209       0.80268868705736929       0.47933184446290855       0.64370281747898539       0.37362937043799682       0.64370281747898539       0.37362937043799682     
  0.40999999642372131       0.75896325032707523       0.45322085700809189       0.61543763290508413       0.35722319225934485       0.61543763290508413       0.35722319225934485     
  0.41999998688697815       0.71636937416733337       0.42778558982210418       0.58763552621841086       0.34108580193553945       0.58763552621841086       0.34108580193553945     
  0.42999997735023499       0.67494070295775543       0.40304613391008248       0.56034117093370905       0.32524312965786695       0.56034117093370905       0.32524312965786695     
  0.43999999761581421       0.63474041235459444       0.37904021511060559       0.53357166001048917       0.30970509682410169       0.53357166001048917       0.30970509682410169     
  0.44999998807907104       0.59578354162564062       0.35577681424037721       0.50736633695541233       0.29449453988800023       0.50736633695541233       0.29449453988800023     
  0.45999997854232788       0.55812588071549329       0.33328924670234233       0.48175305087534598       0.27962762352056353       0.48175305087534598       0.27962762352056353     
  0.46999999880790710       0.52175844068678245       0.31157214468205374       0.45675678291614286       0.26511884772015115       0.45675678291614286       0.26511884772015115     
  0.47999998927116394       0.48672478680544368       0.29065152351972112       0.43239988854798661       0.25098118844402700       0.43239988854798661       0.25098118844402700     
  0.48999997973442078       0.45302686937950964       0.27052854785708141       0.40870897805687073       0.23723009130487624       0.40870897805687073       0.23723009130487624     
  0.50000000000000000       0.42066199622046779       0.25120161003265090       0.38568590633653221       0.22386663295291739       0.38568590633653221       0.22386663295291739     
  0.50999999046325684       0.38965590775147663       0.23268608114198458       0.36335218112203860       0.21090329728801049       0.36335218112203860       0.21090329728801049     
  0.51999998092651367       0.35997584296098806       0.21496239769011274       0.34171904473020592       0.19834660977445345       0.34171904473020592       0.19834660977445345     
  0.52999997138977051       0.33163746842639658       0.19803991509658947       0.32079526276263920       0.18620165829771229       0.32079526276263920       0.18620165829771229     
  0.53999996185302734       0.30461115795559618       0.18190094184845890       0.30059382874216017       0.17447598478803766       0.30059382874216017       0.17447598478803766     
  0.55000001192092896       0.27889808617532863       0.16654617938329150       0.28110509177421733       0.16316398750257924       0.28110509177421733       0.16316398750257924     
  0.56000000238418579       0.25446713816154920       0.15195704718017952       0.26233777162565586       0.15227072772258093       0.26233777162565586       0.15227072772258093     
  0.56999999284744263       0.23130170251941548       0.13812362561441990       0.24429128382106496       0.14179586619649104       0.24429128382106496       0.14179586619649104     
  0.57999998331069946       0.20936477815472915       0.12502381919243560       0.22696936669299345       0.13174157279338386       0.22696936669299345       0.13174157279338386     
  0.58999997377395630       0.18864405882898014       0.11265027914738987       0.21035500797226930       0.12209797295119761       0.21035500797226930       0.12209797295119761     
  0.59999996423721313       0.16909281997288758       0.10097510353630519       0.19444831897314296       0.11286513128091766       0.19444831897314296       0.11286513128091766     
  0.61000001430511475       0.15069380286186165        8.9987986176443435E-002  0.17924129577215789       0.10403840200377645       0.17924129577215789       0.10403840200377645     
  0.62000000476837158       0.13339715361570628        7.9659156432272463E-002  0.16472464453298649        9.5612390626971078E-002  0.16472464453298649        9.5612390626971078E-002
  0.62999999523162842       0.11718653628899843        6.9978859165870488E-002  0.15088375279375429        8.7578615527021855E-002  0.15088375279375429        8.7578615527021855E-002
  0.63999998569488525       0.10200029493558496        6.0910276045462938E-002  0.13772295722681976        7.9939593871974524E-002  0.13772295722681976        7.9939593871974524E-002
  0.64999997615814209        8.7819728950595907E-002   5.2442239858194545E-002  0.12520296386969973        7.2672517965379810E-002  0.12520296386969973        7.2672517965379810E-002
  0.65999996662139893        7.4591188087834479E-002   4.4542712938803498E-002  0.11332571404493180        6.5778514623988968E-002  0.11332571404493180        6.5778514623988968E-002
  0.66999995708465576        6.1878522383784898E-002   3.6951244916124136E-002  0.10207227564915948        5.9246594941638850E-002  0.10207227564915948        5.9246594941638850E-002
  0.68000000715255737        5.0456466059306988E-002   3.0130474405900252E-002   9.1426243901461382E-002   5.3067236965339118E-002   9.1426243901461382E-002   5.3067236965339118E-002
  0.68999999761581421        3.9869658353758629E-002   2.3808479158804050E-002   8.1376188322051041E-002   4.7233806013913221E-002   8.1376188322051041E-002   4.7233806013913221E-002
  0.69999998807907104        3.0088849608306083E-002   1.7967792511675906E-002   7.1893556093635833E-002   4.1729728956314403E-002   7.1893556093635833E-002   4.1729728956314403E-002
  0.70999997854232788        2.1064363454170686E-002   1.2578749831319187E-002   6.2965662006285311E-002   3.6547642818711354E-002   6.2965662006285311E-002   3.6547642818711354E-002
  0.71999996900558472        1.2762532139175923E-002   7.6212461554862757E-003   5.4573960167053619E-002   3.1676782866016072E-002   5.4573960167053619E-002   3.1676782866016072E-002
  0.72999995946884155        5.1582735604163241E-003   3.0803035097240836E-003   4.6699590351006931E-002   2.7106201913010428E-002   4.6699590351006931E-002   2.7106201913010428E-002
  0.74000000953674316       -1.8125075673844876E-003  -1.0823531082297742E-003   3.9328489004310317E-002   2.2827736943124149E-002   3.9328489004310317E-002   2.2827736943124149E-002
  0.75000000000000000       -8.1731096347081554E-003  -4.8806365149658918E-003   3.2431341919587742E-002   1.8824372885816360E-002   3.2431341919587742E-002   1.8824372885816360E-002
  0.75999999046325684       -1.3954419092972823E-002  -8.3329907971718686E-003   2.5993949801788929E-002   1.5087867935200370E-002   2.5993949801788929E-002   1.5087867935200370E-002
  0.76999998092651367       -1.9201083052144401E-002  -1.1466077326703456E-002   1.9997057504931536E-002   1.1607045679000670E-002   1.9997057504931536E-002   1.1607045679000670E-002
  0.77999997138977051       -2.3941783106425335E-002  -1.4297023542470285E-002   1.4421500802878170E-002   8.3707824782456239E-003   1.4421500802878170E-002   8.3707824782456239E-003
  0.78999996185302734       -2.8196413698021252E-002  -1.6837709566655156E-002   9.2531305239164797E-003   5.3708656205227884E-003   9.2531305239164797E-003   5.3708656205227884E-003
  0.79999995231628418       -3.2021594171797313E-002  -1.9121946085074653E-002   4.4633904291208615E-003   2.5907199887405153E-003   4.4633904291208615E-003   2.5907199887405153E-003
  0.81000000238418579       -3.5434693063499674E-002  -2.1160104855059970E-002   3.8640250263726276E-005   2.2428257244785867E-005   3.8640250263726276E-005   2.2428257244785867E-005
  0.81999999284744263       -3.8459772143340516E-002  -2.2966554551394885E-002  -4.0392687499758197E-003  -2.3445437849626922E-003  -4.0392687499758197E-003  -2.3445437849626922E-003
  0.82999998331069946       -4.1126176839474136E-002  -2.4558819026639606E-002  -7.7882015735452415E-003  -4.5205656581779876E-003  -7.7882015735452415E-003  -4.5205656581779876E-003
  0.83999997377395630       -4.3466032064014282E-002  -2.5956081923998529E-002  -1.1225665974197677E-002  -6.5157995223838966E-003  -1.1225665974197677E-002  -6.5157995223838966E-003
  0.84999996423721313       -4.5505986668143802E-002  -2.7174256813945721E-002  -1.4363923236176556E-002  -8.3373622889689556E-003  -1.4363923236176556E-002  -8.3373622889689556E-003
  0.85999995470046997       -4.7264988662989137E-002  -2.8224658649922890E-002  -1.7228820430022100E-002  -1.0000256571610569E-002  -1.7228820430022100E-002  -1.0000256571610569E-002
  0.87000000476837158       -4.8760831171507930E-002  -2.9117912734844507E-002  -1.9831727642301813E-002  -1.1511081996985272E-002  -1.9831727642301813E-002  -1.1511081996985272E-002
  0.87999999523162842       -5.0023884354514291E-002  -2.9872154848414864E-002  -2.2188155873882908E-002  -1.2878841734461811E-002  -2.2188155873882908E-002  -1.2878841734461811E-002
  0.88999998569488525       -5.1062071304366900E-002  -3.0492116327371890E-002  -2.4308671443087106E-002  -1.4109668873340361E-002  -2.4308671443087106E-002  -1.4109668873340361E-002
  0.89999997615814209       -5.1904341954091313E-002  -3.0995084851258056E-002  -2.6216634214838906E-002  -1.5217122359439283E-002  -2.6216634214838906E-002  -1.5217122359439283E-002
  0.90999996662139893       -5.2569992409812513E-002  -3.1392583241173257E-002  -2.7921494763600656E-002  -1.6206687662280596E-002  -2.7921494763600656E-002  -1.6206687662280596E-002
  0.91999995708465576       -5.3070912018786900E-002  -3.1691711314072231E-002  -2.9436517426004956E-002  -1.7086063902655532E-002  -2.9436517426004956E-002  -1.7086063902655532E-002
  0.93000000715255737       -5.3417875175219169E-002  -3.1898903083951401E-002  -3.0770180638036937E-002  -1.7860172284283198E-002  -3.0770180638036937E-002  -1.7860172284283198E-002
  0.93999999761581421       -5.3634272812279914E-002  -3.2028126629993880E-002  -3.1943352794047732E-002  -1.8541125609580725E-002  -3.1943352794047732E-002  -1.8541125609580725E-002
  0.94999998807907104       -5.3721637423472648E-002  -3.2080297092713775E-002  -3.2963361105630022E-002  -1.9133176868250997E-002  -3.2963361105630022E-002  -1.9133176868250997E-002
  0.95999997854232788       -5.3702368683748919E-002  -3.2068790613675048E-002  -3.3841224361710123E-002  -1.9642721780582437E-002  -3.3841224361710123E-002  -1.9642721780582437E-002
  0.96999996900558472       -5.3589578662085115E-002  -3.2001437167696732E-002  -3.4594306699970816E-002  -2.0079839146379133E-002  -3.4594306699970816E-002  -2.0079839146379133E-002
  0.97999995946884155       -5.3389353239235951E-002  -3.1881870986199226E-002  -3.5208097531779607E-002  -2.0436106473229555E-002  -3.5208097531779607E-002  -2.0436106473229555E-002
  0.98999994993209839       -5.3107011287728795E-002  -3.1713268275624984E-002  -3.5727384793939908E-002  -2.0737520367295332E-002  -3.5727384793939908E-002  -2.0737520367295332E-002
   1.0000000000000000       -5.2753159560084514E-002  -3.1501962941423885E-002  -3.6136770107761909E-002  -2.0975143029363087E-002  -3.6136770107761909E-002  -2.0975143029363087E-002
