 kt up dp u1 d1 u2 d2
   0.0000000000000000        0.0000000000000000        0.0000000000000000        0.0000000000000000        0.0000000000000000        0.0000000000000000        0.0000000000000000     
   9.9999997764825821E-003   11.254372194666393        4.0250144673950441        10.105823514917770        3.3659562390230686        9.6493566647295488        3.1629263708987554     
   1.9999999552965164E-002   11.245754094356069        4.0219322893907501        10.098786727840499        3.3636124896660320        9.6428801868988039        3.1608034705611354     
   2.9999999329447746E-002   11.232172774601477        4.0170750652335059        10.087840470646784        3.3599666093831706        9.6328650190053420        3.1575206363018307     
   3.9999999105930328E-002   11.212493479640340        4.0100369607922604        10.071839787922000        3.3546372467867789        9.6181668341379893        3.1527027735015838     
   4.9999997019767761E-002   11.188281959021273        4.0013779508462815        10.052349491448718        3.3481455952239139        9.6003449248644994        3.1468609968133081     
   5.9999998658895493E-002   11.158446931733959        3.9907077495778815        10.028145463311773        3.3400839365776136        9.5781388192894248        3.1395821408896700     
   7.0000000298023224E-002   11.123301409519241        3.9781383025281891        9.9997782128254062        3.3306356295081736        9.5521613860722621        3.1310670956461726     
   7.9999998211860657E-002   11.082888865424515        3.9636851574009482        9.9671368396787479        3.3197637363436932        9.5222674186901699        3.1212682643821945     
   8.9999996125698090E-002   11.037266414460509        3.9473687408126295        9.9302739552591621        3.3074857804089430        9.4885112550163235        3.1102034583050560     
   9.9999994039535522E-002   10.986488168731061        3.9292084054198799        9.8892237228583060        3.2938131405039388        9.4509084829399121        3.0978777869103893     
  0.10999999940395355        10.930634315440660        3.9092328293801839        9.8440519841173320        3.2787677465666434        9.4095212010222742        3.0843116052523318     
  0.11999999731779099        10.869769100588302        3.8874649896371598        9.7948081786184389        3.2623660654856765        9.3643913317631871        3.0695186549495874     
  0.12999999523162842        10.804001850463765        3.8639439856528148        9.7415456492814982        3.2446258642380328        9.3155851184980545        3.0535206496562166     
  0.14000000059604645        10.733394753572519        3.8386920585286415        9.6843481039756067        3.2255750234831950        9.2631390051803297        3.0363295351988016     
  0.14999999105930328        10.658067689568465        3.8117520820325357        9.6232777425776366        3.2052342601932522        9.2071412580196270        3.0179742440266026     
  0.15999999642372131        10.578112788985361        3.7831570057351116        9.5584099636648077        3.1836286874439454        9.1476383054498207        2.9984699947415385     
  0.17000000178813934        10.493645035429324        3.7529479523813811        9.4898248106230021        3.1607849653618563        9.0847143991801005        2.9778444038948511     
  0.17999999225139618        10.404770483438389        3.7211628513238315        9.4175966979296284        3.1367278792476734        9.0184269854790102        2.9561163015830982     
  0.18999999761581421        10.311625492750386        3.6878504702687360        9.3418336018615165        3.1114933928624993        8.9488732882292581        2.9333175564575424     
  0.19999998807907104        10.214316050047728        3.6530487143006889        9.2626173449919698        3.0851087589285600        8.8761244121323273        2.9094714756611637     
  0.20999999344348907        10.112981881526169        3.6168075551062202        9.1800432720028624        3.0576057339896296        8.8002644668473540        2.8846056291831474     
  0.21999999880790710        10.007770899972428        3.5791798922248250        9.0942105731588914        3.0290173554413986        8.7213682075552565        2.8587445207434152     
  0.22999998927116394        9.8987947190992553        3.5402056431926274        9.0052169389329606        2.9993761611424956        8.6395522272949385        2.8319263679361719     
  0.23999999463558197        9.7862094940639732        3.4999406553511321        8.9131771304057441        2.9687203746750810        8.5548960336888165        2.8041772322662868     
  0.25000000000000000        9.6701687430590368        3.4584398329575365        8.8181945715024757        2.9370844435441965        8.4674954524358768        2.7755285240796299     
  0.25999999046325684        9.5508072214852202        3.4157513699429032        8.7203802580845871        2.9045053372468534        8.3774379033057542        2.7460088983740785     
  0.26999998092651367        9.4282846200553401        3.3719323781050603        8.6198473378513487        2.8710207419947431        8.2848456759843376        2.7156584400263606     
  0.28000000119209290        9.3027659868174482        3.3270418852395767        8.5167046580699317        2.8366669116505534        8.1898096077814149        2.6845069242569939     
  0.28999999165534973        9.1743879123962060        3.2811287416271142        8.4110832136955160        2.8014874768284534        8.0924285031834646        2.6525867378174195     
  0.29999998211860657        9.0433261828456608        3.2342558154044725        8.3030953969821599        2.7655198721232788        7.9928202136436850        2.6199365107927433     
  0.31000000238418579        8.9097288744834131        3.1864760645963459        8.1928616870974711        2.7288042256458493        7.8910821281846388        2.5865881659648062     
  0.31999999284744263        8.7737652161627722        3.1378500122217932        8.0805104091923106        2.6913832787760712        7.7873305905509351        2.5525798392125747     
  0.32999998331069946        8.6355979545729031        3.0884358630182391        7.9661445511714994        2.6532913337932467        7.6816661873298386        2.5179445014356125     
  0.34000000357627869        8.4953904851988007        3.0382920537584863        7.8499112131583324        2.6145773854751932        7.5742151866327712        2.4827235415838045     
  0.34999999403953552        8.3533215111924672        2.9874824958504531        7.7319269729122402        2.5752802624869977        7.4650605795342688        2.4469441629896949     
  0.35999998450279236        8.2095270722696032        2.9360558425476815        7.6123166810163765        2.5354415489310007        7.3543458730545312        2.4106534052803177     
  0.37000000476837158        8.0641847755837794        2.8840756132851268        7.4912054262692420        2.4951029082521612        7.2421694955747205        2.3738835319249589     
  0.37999999523162842        7.9174588702091535        2.8316005501132877        7.3687193938275959        2.4543063690605216        7.1286445406552117        2.3366716134369128     
  0.38999998569488525        7.7695114423781595        2.7786886215637909        7.2449834869477767        2.4130935330023311        7.0138830537982324        2.2990543767904237     
  0.39999997615814209        7.6205038552377609        2.7253975375639228        7.1201153080017940        2.3715035700113654        6.8979972069927289        2.2610685904203516     
  0.40999999642372131        7.4706073594723019        2.6717885442205431        6.9942533941582132        2.3295826227939695        6.7810914591217610        2.2227484945115457     
  0.41999998688697815        7.3199572514028759        2.6179100289194910        6.8675145028232025        2.2873695798503411        6.6632918322287287        2.1841353973561755     
  0.42999997735023499        7.1687213891133128        2.5638220244377359        6.7400206906331039        2.2449050947003077        6.5447013333445998        2.1452630632419543     
  0.43999999761581421        7.0170533372263773        2.5095794516378223        6.6118928134944701        2.2022294209354776        6.4254291984025009        2.1061672982050288     
  0.44999998807907104        6.8651055463105575        2.4552368329518375        6.4832515002296409        2.1593827365123150        6.3055782887274097        2.0668818187726887     
  0.45999997854232788        6.7130304382243091        2.4008486805440210        6.3542146838773164        2.1164043215000548        6.1852684632306110        2.0274459130471838     
  0.46999999880790710        6.5609653263781276        2.3464641031922069        6.2248985725706225        2.0733328814520036        6.0645987987198602        1.9878920570431202     
  0.47999998927116394        6.4090642554965873        2.2921381934625877        6.0954186484246193        2.0302068801059354        5.9436744571727704        1.9482547214100736     
  0.48999997973442078        6.2574536021858380        2.2379161486935191        5.9658812123851721        1.9870617232188801        5.8225919781897382        1.9085655505009826     
  0.50000000000000000        6.1062691961319766        2.1838465470235371        5.8364084440258397        1.9439381052574753        5.7014638978841949        1.8688614321056998     
  0.50999999046325684        5.9556677051346654        2.1299854191355925        5.7071031709621938        1.9008702751133324        5.5803840293959528        1.8291731168808882     
  0.51999998092651367        5.8057439869849983        2.0763666899767999        5.5780707009176149        1.8578933077299249        5.4594490715191721        1.7895323013610156     
  0.52999997138977051        5.6566462513794944        2.0230433652734994        5.4494140960790487        1.8150415301277671        5.3387538876477993        1.7499700804616041     
  0.53999996185302734        5.5084781068611983        1.9700524995923521        5.3212302085186725        1.7723472009185577        5.2183858875718956        1.7105151059093606     
  0.55000001192092896        5.3613709123056674        1.9174410721308965        5.1936273347954014        1.7298463905400567        5.0984470507058681        1.6712008051534242     
  0.56000000238418579        5.2154347250260873        1.8652484437944030        5.0666859946014569        1.6875659177626499        4.9790143275272456        1.6320524015017390     
  0.56999999284744263        5.0707580049103713        1.8135062513834399        4.9405050589607633        1.6455387136522064        4.8601776755759358        1.5930993817983607     
  0.57999998331069946        4.9274639920184979        1.7622585704817699        4.8151804235660949        1.6037967182782256        4.7420269799311976        1.5543712091357507     
  0.58999997377395630        4.7856350794049298        1.7115348681472191        4.6907825915984791        1.5623634142021898        4.6246275508055108        1.5158892913030955     
  0.59999996423721313        4.6453843183372445        1.6613755760431133        4.5674012743504724        1.5212686816495413        4.5080640286595406        1.4776813722790287     
  0.61000001430511475        4.5067750358398344        1.6118033424509335        4.4451261320297180        1.4805423838308203        4.3924101259930577        1.4397716140069283     
  0.62000000476837158        4.3699120562128240        1.5628556567407894        4.3240109743352368        1.4402024431936007        4.2777456570325025        1.4021861784922374     
  0.62999999523162842        4.2348588470365582        1.5145552174626040        4.2041389123204267        1.4002765416153944        4.1641246177187927        1.3649427648615813     
  0.63999998569488525        4.1017038774084646        1.4669336647106319        4.0855855084185171        1.3607898467476305        4.0516196763176380        1.3280651927727771     
  0.64999997615814209        3.9705022557009730        1.4200107074470871        3.9684023015647432        1.3217595247124250        3.9403001239662845        1.2915761749073982     
  0.65999996662139893        3.8413324578286159        1.3738144118035938        3.8526580510252590        1.2832084772238812        3.8302122645726566        1.2554908890494667     
  0.66999995708465576        3.7142445994637545        1.3283627011527559        3.7384176677071936        1.2451583242195075        3.7214194433049532        1.2198300988736974     
  0.68000000715255737        3.5892981414509553        1.2836768410752284        3.6257221647881721        1.2076227259973353        3.6139746022102717        1.1846111580548140     
  0.68999999761581421        3.4665356686872379        1.2397720616365913        3.5146373269723967        1.1706235935312950        3.5079358399073808        1.1498531105208050     
  0.69999998807907104        3.3460153752126884        1.1966691753574572        3.4051975852822260        1.1341723947947111        3.4033373407423606        1.1155671614300482     
  0.70999997854232788        3.2277652459870634        1.1543781907808102        3.2974538974553393        1.0982861023296866        3.3002299216160980        1.0817699678635784     
  0.71999996900558472        3.1118450776661288        1.1129204935868482        3.1914535157540387        1.0629804544921169        3.1986610633397041        1.0484770933780971     
  0.72999995946884155        2.9982536173732224        1.0722956356966711        3.0872217670237849        1.0282638869184813        3.0986569763012248        1.0156971293782355     
  0.74000000953674316        2.8870348226483631        1.0325193380880004        2.9847986351729738       0.99414971708713451        3.0002586461931031       0.98344351041014577     
  0.75000000000000000        2.7782136448211925       0.99360052435613289        2.8842260175879093       0.96065189980033805        2.9034997192387633       0.95172726524300510     
  0.75999999046325684        2.6718148431538049       0.95554804940531546        2.7855176398621264       0.92777500665456913        2.8084149326863312       0.92055978026887653     
  0.76999998092651367        2.5678513891687373       0.91836655237178200        2.6886959705678795       0.89552652127853560        2.7150193404351830       0.88994598994888241     
  0.77999997138977051        2.4663272256899083       0.88205744336736136        2.5937884385745784       0.86391557943183117        2.6233426355172691       0.85989562725041802     
  0.78999996185302734        2.3672480083154048       0.84662274506055113        2.5008134232814290       0.83294830275840825        2.5334058398718140       0.83041558287596529     
  0.79999995231628418        2.2706237293576970       0.81206603110269071        2.4097862947859161       0.80262981059123883        2.4452272770930596       0.80151186304764588     
  0.81000000238418579        2.1764598295114825       0.77838924730421633        2.3207245479041712       0.77296592994535340        2.3588220680370577       0.77318942417405778     
  0.81999999284744263        2.0847430921929906       0.74558766688517164        2.2336275830825452       0.74395646112684843        2.2742096663144657       0.74545464288115815     
  0.82999998331069946        1.9954813474710762       0.71366409019193811        2.1485073028521096       0.71560536852305456        2.1913977928102706       0.71831004996882974     
  0.83999997377395630        1.9086525524289601       0.68261063379419962        2.0653731978444601       0.68791581318765571        2.1103738657980609       0.69175152132023776     
  0.84999996423721313        1.8242421226094312       0.65242208170564686        1.9842158940825556       0.66088467292121089        2.0311832206374896       0.66579391724261150     
  0.85999995470046997        1.7422403482663598       0.62309496133198972        1.9050397993764867       0.63451341583721699        1.9537842079828143       0.64042358565337476     
  0.87000000476837158        1.6626340910420725       0.59462457387005963        1.8278409765867250       0.60880073058886841        1.8782166054835858       0.61565356511883917     
  0.87999999523162842        1.5854013755238765       0.56700306003170653        1.7526197402781949       0.58374672194860511        1.8044597297773870       0.59147707591734078     
  0.88999998569488525        1.5105064785310607       0.54021764377605763        1.6793654299445380       0.55934783921144582        1.7325079302396529       0.56789226585188202     
  0.89999997615814209        1.4379380500511107       0.51426426588383289        1.6080562632114319       0.53559682730128078        1.6623608923909801       0.54489903184043964     
  0.90999996662139893        1.3676577330638433       0.48912920834762280        1.5386935051890589       0.51249410758956160        1.5940111908309569       0.52249493993890717     
  0.91999995708465576        1.2996411907346321       0.46480376734017192        1.4712526493583951       0.49003151766671238        1.5274495171151574       0.50067693896725796     
  0.93000000715255737        1.2338616204006787       0.44127835715525948        1.4057223425144765       0.46820527610997270        1.4626692772387748       0.47944286750142745     
  0.93999999761581421        1.1702843603682123       0.41854058138227757        1.3420854787314507       0.44700968543236469        1.3996485819552009       0.45878555054750197     
  0.94999998807907104        1.1088625378455821       0.39657367643270391        1.2803270012088828       0.42643973065106516        1.3383775179339268       0.43870173865211631     
  0.95999997854232788        1.0495731647621949       0.37536942085134795        1.2204159408048556       0.40648509684455281        1.2788400727174705       0.41918618315198697     
  0.96999996900558472       0.99236822395915181       0.35491064177810477        1.1623346275970385       0.38713989867501047        1.2210235308480191       0.40023471609496686     
  0.97999995946884155       0.93721378987290327       0.33518520607202951        1.1060638910897085       0.36839775100721511        1.1648994609246790       0.38183801805896694     
  0.98999994993209839       0.88407468081008023       0.31618053134981738        1.0515687718121649       0.35024700985704732        1.1104525009258097       0.36399105358462341     
   1.0000000000000000       0.83290749949569276       0.29788109700697252       0.99882734884412538       0.33268037400276240        1.0576609560268460       0.34668671140689566     
