 Z Q2 pt2 MULT-RATIO STAT SYS fuu fuua DIS chi2
  0.34999999999999998        1.6379700000000001        5.9999999999999998E-002  0.42659758790003166        2.0000000000000000E-003   2.8999999999999998E-002   6.6793150310384645E-005   3.0980490040084782E-005   1.0645099348021014        9.8464722098203908E-002
  0.34999999999999998        1.6484000000000001        9.2499999999999999E-002  0.45052522066907974        2.0000000000000000E-003   2.7999999999999997E-002   5.7612874840819494E-005   2.8764701059741615E-005   1.0648636030361076       0.42676258905750308     
  0.34999999999999998        1.6274500000000001       0.14250000000000002       0.45872304860199892        2.0000000000000000E-003   2.8999999999999998E-002   4.6530005902463776E-005   2.5956473692537693E-005   1.0672509622514061        4.8426671680262414     
  0.34999999999999998        1.6289200000000001       0.22000000000000003       0.50899227543875314        2.0000000000000000E-003   2.8999999999999998E-002   3.0174112016215869E-005   2.0457848492022659E-005   1.0677742699810497        18.778385041758309     
  0.45000000000000001        1.6494000000000000        5.9999999999999998E-002  0.43431868991951406        3.0000000000000001E-003   2.7999999999999997E-002   3.6032055691764809E-005   1.7180293848490074E-005   1.0633774945119157       0.24961972365374646     
  0.45000000000000001        1.6343099999999999        9.2499999999999999E-002  0.41000739902538064        2.0000000000000000E-003   2.7999999999999997E-002   3.2155726954565175E-005   1.6308669202632718E-005   1.0649449940090459        5.5682683546718099     
  0.45000000000000001        1.6465900000000002       0.14250000000000002       0.44760967160523041        2.0000000000000000E-003   2.8999999999999998E-002   2.5560801844128794E-005   1.4423681672883453E-005   1.0646596322392450        8.0369025503528260     
  0.45000000000000001        1.6323099999999999       0.22000000000000003       0.43244132735651619        2.0000000000000000E-003   2.8999999999999998E-002   1.8351601086833798E-005   1.2292079638089326E-005   1.0665770112500967        45.257912076069303     
  0.55000000000000004        1.6805700000000001        5.9999999999999998E-002  0.39011909562904107        4.0000000000000001E-003   2.7999999999999997E-002   1.9279909822953382E-005   8.8928905524454017E-006   1.0612463432994075        2.4767532145072026     
  0.55000000000000004        1.6365399999999999        9.2499999999999999E-002  0.42151940444935215        3.0000000000000001E-003   2.7999999999999997E-002   1.8019220716707777E-005   8.6962377754171851E-006   1.0645637548442290        1.2768340102980491     
  0.55000000000000004        1.6349799999999999       0.14250000000000002       0.40141266445385138        3.0000000000000001E-003   2.8999999999999998E-002   1.5016652821456740E-005   7.9484659337789613E-006   1.0650450459324388        10.745688187931162     
  0.55000000000000004        1.6501800000000000       0.22000000000000003       0.41436082369947425        2.0000000000000000E-003   2.8999999999999998E-002   1.0833525637420539E-005   6.6868334061357933E-006   1.0642356667019868        32.461124165073933     
  0.64999999999999991        1.6883900000000001        5.9999999999999998E-002  0.44695672541732823        5.0000000000000001E-003   2.7999999999999997E-002   1.0818346640281480E-005   4.3126260243254237E-006   1.0591116939029663        6.1551696767529283     
  0.64999999999999991        1.6529799999999999        9.2499999999999999E-002  0.43631403683912889        4.0000000000000001E-003   2.9999999999999999E-002   1.0295243249181001E-005   4.2750106519357625E-006   1.0622237884585002        2.2498801983252674     
  0.64999999999999991        1.6333799999999998       0.14250000000000002       0.43321304186210091        3.0000000000000001E-003   2.7999999999999997E-002   8.7718725687300080E-006   3.9223683870048481E-006   1.0630671629200004       0.19981329800987316     
  0.64999999999999991        1.6472300000000000       0.22000000000000003       0.42201182164015633        3.0000000000000001E-003   2.7999999999999997E-002   6.6878301097262592E-006   3.4235700853821753E-006   1.0623509055017317        4.5176352090840348     
